2020/5/20 8:13:21
Sampling rate: 100
Measure time: 2
Trial:0
-14	1	-8	-8	-10	-1	-5	-5	18	18	8	8	-5	-3	10	10	-13	-13	8	-29	-29	-10	-10	-13	35	-3	8	8	-15	17	14	14	1	1	-18	10	-1	20	20	2	1	-14	23	18	18	10	-7	-27	10	10	-6	12	10	-1	19	-11	-11	-17	-17	16	16	22	8	-25	12	12	16	11	-7	24	24	-27	-13	-2	-2	3	3	-20	33	10	0	0	-9	8	-5	-19	3	7	-1	-4	-4	-5	-5	27	27	-8	7	-9	18	18	-21	-27	11	11	-9	-9	-25	11	11	-6	-6	8	-14	7	7	-18	-18	-20	-3	-10	40	40	-4	-5	7	-23	6	6	4	8	-27	9	9	-6	-26	2	-13	-13	15	1	-1	38	-24	-24	-35	6	6	4	4	7	7	-8	-8	6	6	-9	7	8	-7	-7	1	1	6	6	30	30	-18	0	-6	-17	-17	9	12	0	-30	-24	-24	12	12	3	11	11	-28	-28	-3	-3	12	12	14	14	-33	2	2	17	17	5	5	13	13	11	
7	9	-9	-9	1	0	-2	-2	25	25	-7	-7	-23	-7	-4	-4	-12	-12	11	0	0	23	23	-14	4	-1	-6	-6	-13	-2	13	13	-4	-4	-3	0	-3	5	5	-4	5	-15	-17	7	7	-4	-5	5	-5	-5	-9	-1	-5	10	0	-3	-3	2	2	20	20	-15	7	-3	4	4	6	11	-17	3	3	-8	-4	0	0	7	7	27	2	-11	-2	-2	-5	1	15	-11	-7	-5	-5	0	0	-6	-6	-7	-7	-2	7	-3	17	17	-4	-12	0	0	-10	-10	-2	-2	-2	-13	-13	16	-5	2	2	-11	-11	-14	-3	-1	8	8	18	1	-1	10	-6	-6	-2	0	5	3	3	-9	-20	5	0	-12	2	-8	-2	3	-13	-13	-10	-3	-3	13	13	4	4	-10	-10	2	2	-8	-1	6	24	24	-33	-33	2	2	1	1	5	-6	-20	6	6	7	3	-11	22	-6	-6	-2	-2	-9	-8	-8	9	9	-7	-7	1	1	0	0	-13	-7	-7	11	11	3	3	2	2	3	
2	0	-5	-5	-2	-4	0	0	1	1	-2	-2	1	0	2	2	-4	-4	-1	-2	-2	0	0	0	-1	-1	-3	-3	-4	-1	7	7	-4	-4	-1	-3	5	-2	-2	0	0	-4	0	-3	-3	-4	0	0	-2	-2	-3	-4	1	-2	-1	4	4	-1	-1	-7	-7	-4	-1	0	-3	-3	1	-3	-2	-1	-1	-2	0	-2	-2	0	0	1	-1	-1	-2	-2	1	-1	-2	0	-4	-3	2	0	0	-2	-2	0	0	3	0	0	0	0	-2	-3	-5	-5	-4	-4	2	-2	-2	-2	-2	-5	-2	-1	-1	-3	-3	-3	-1	5	2	2	1	0	0	-1	-1	-1	-4	0	-1	0	0	1	0	-3	-2	-2	4	-4	4	-6	-1	-1	1	-1	-1	0	0	-2	-2	-1	-1	2	2	-1	-5	-1	-1	-1	-1	-1	0	0	0	0	0	1	-1	-2	-2	1	-2	-3	2	0	0	-3	-3	-6	1	1	0	0	-3	-3	3	3	1	1	-6	-1	-1	-1	-1	0	0	-4	-4	-2	
4	-3	-3	-3	-3	-4	4	4	-2	-2	-10	-10	3	-3	-1	-1	0	0	2	2	2	-5	-5	0	-2	0	-1	-1	-2	0	5	5	-5	-5	-2	-6	2	0	0	-2	-2	0	0	-4	-4	0	-3	2	-4	-4	-5	-2	-1	0	-1	1	1	-2	-2	-1	-1	-1	1	1	-5	-5	1	-4	-3	-3	-3	-3	3	-6	-6	3	3	-1	0	-7	0	0	1	4	-3	2	9	-7	-1	-1	-1	1	1	-2	-2	-2	3	-3	0	0	1	-1	-4	-4	-4	-4	3	-6	-6	0	0	-1	-4	-2	-2	0	0	3	-6	1	-2	-2	-2	5	1	-1	-1	-1	-4	5	-2	0	0	-5	0	1	-2	5	-2	0	3	3	-6	-6	-3	-9	-9	-5	-5	1	1	-3	-3	1	1	0	-6	-8	-3	-3	4	4	2	2	-3	-3	3	4	0	-3	-3	2	-11	-2	5	4	4	1	1	-9	5	5	-2	-2	2	2	-4	-4	1	1	-4	2	2	-4	-4	1	1	-4	-4	-2	
2	-3	-12	-12	-33	-1	6	6	-5	-5	-6	-6	5	3	-2	-2	-1	-1	4	-6	-6	-28	-28	17	-3	9	1	1	37	11	2	2	-9	-9	15	10	4	-25	-25	1	7	18	5	-13	-13	-27	-7	12	-11	-11	-3	10	-4	7	-12	4	4	20	20	15	15	-11	3	9	-17	-17	17	16	-14	-8	-8	2	-5	-20	-20	4	4	6	-4	-33	-1	-1	11	-15	-10	-6	8	10	4	-16	-16	13	13	3	3	-4	17	-1	16	16	10	-32	3	3	-38	-38	-8	8	8	8	8	-14	-54	3	3	20	20	-5	-17	-18	0	0	-7	36	14	11	3	3	-8	22	15	14	14	-43	-36	9	-23	-2	9	-12	5	5	6	6	-19	5	5	-11	-11	1	1	-3	-3	16	16	7	-28	5	13	13	15	15	-14	-14	-10	-10	-2	8	-21	-31	-31	5	-31	7	15	6	6	13	13	-17	19	19	-1	-1	9	9	9	9	0	0	6	4	4	-20	-20	13	13	-7	-7	10	
0	2	-3	-3	-7	-5	0	0	-2	-2	-2	-2	-1	-2	-5	-5	-1	-1	2	2	2	-7	-7	-2	-3	-2	-1	-1	0	1	1	1	-1	-1	-1	-1	0	-3	-3	1	-2	2	1	1	1	-9	1	3	1	1	-3	-1	-4	-1	1	3	3	-5	-5	-2	-2	-2	2	1	-1	-1	-1	-1	-5	-7	-7	6	-2	2	2	0	0	-2	-3	-2	-1	-1	5	1	-9	0	-2	2	-3	0	0	2	2	-2	-2	-1	5	-2	2	2	-2	-2	-1	-1	-2	-2	0	1	1	2	2	-5	-7	-3	-3	-1	-1	0	-5	-1	0	0	-2	3	0	2	-3	-3	-3	2	-1	1	1	0	-1	1	-2	-4	-2	-2	0	2	-1	-1	-5	3	3	-5	-5	1	1	-2	-2	-1	-1	2	1	-2	-6	-6	3	3	-2	-2	-11	-11	0	-4	0	1	1	0	1	3	3	-1	-1	1	1	-5	0	0	-5	-5	-2	-2	0	0	0	0	1	-3	-3	-4	-4	1	1	1	1	-1	
0	0	-4	-4	-2	-2	2	2	-2	-2	0	0	1	-1	-2	-2	-2	-2	-1	2	2	-5	-5	-1	-1	1	1	1	-1	4	-1	-1	-1	-1	-2	-2	0	1	1	-3	-2	-2	2	-4	-4	-1	-2	0	2	2	0	0	0	-2	-3	-3	-3	0	0	-1	-1	-4	-1	0	0	0	-1	-3	-2	-2	-2	0	2	2	2	-1	-1	-1	-2	-2	-2	-2	-2	-1	0	-1	-1	-2	0	0	0	1	1	0	0	-2	-2	-1	0	0	-2	0	-5	-5	-1	-1	-1	1	1	-2	-2	-2	-1	-4	-4	1	1	-1	0	2	-2	-2	-1	0	1	0	-2	-2	-3	0	-1	-1	-1	-3	0	-2	-5	2	1	-2	-1	-2	0	0	-3	3	3	-3	-3	-1	-1	-3	-3	3	3	-2	0	-1	-2	-2	1	1	-1	-1	3	3	-2	-1	0	-1	-1	3	-4	-1	0	0	0	1	1	-5	-1	-1	-2	-2	-2	-2	-1	-1	-2	-2	-3	0	0	-3	-3	2	2	-4	-4	2	
-2	2	-3	-3	-1	0	-1	-1	-3	-3	-1	-1	3	-1	-3	-3	-3	-3	3	-3	-3	-6	-6	-2	0	0	-1	-1	-1	-1	2	2	-3	-3	-2	0	2	0	0	-3	1	-1	4	-1	-1	-4	-2	-2	0	0	-1	0	0	0	-1	-3	-3	-3	-3	4	4	2	3	-2	1	1	0	-3	-9	-1	-1	1	0	1	1	-1	-1	-4	3	0	-2	-2	1	0	-2	-3	1	1	-1	-1	-1	2	2	3	3	-2	5	-4	1	1	-6	-4	-8	-8	1	1	-2	4	4	-2	-2	0	-4	-2	-2	-3	-3	-1	1	0	5	5	-4	1	3	-5	0	0	-4	0	-2	-2	-2	-3	2	0	-4	0	2	-3	3	-3	0	0	-4	0	0	-1	-1	0	0	0	0	-1	-1	0	0	0	-4	-4	0	0	1	1	1	1	-6	-1	-2	-2	-2	2	2	-2	-6	1	1	1	1	-3	1	1	-2	-2	-2	-2	-3	-3	2	2	-4	-2	-2	4	4	0	0	0	0	-2	
Trial:1
49	7	-28	-6	-8	-3	-3	11	-1	-14	7	-3	2	-36	55	41	-10	-10	-11	-11	25	-13	-13	5	29	-11	-18	16	16	35	35	-13	2	69	-47	-47	-72	-72	-3	-3	6	6	-22	-25	-25	-28	-28	31	1	14	-4	-4	2	9	9	-2	-2	59	2	-26	-15	-15	4	-11	0	-9	-9	-5	-16	4	4	-19	-19	11	11	48	-27	-27	1	-29	-2	-2	9	9	4	17	17	13	13	-27	-45	-25	-32	-30	-30	-2	-8	24	9	9	0	0	-9	4	-19	-19	3	49	9	33	33	-19	-19	-8	-39	28	-17	-28	-32	-1	43	43	-29	-29	-23	41	-1	42	42	-12	19	7	-7	-7	11	25	-10	-10	-15	-15	-12	-48	5	-11	-11	8	7	-17	-17	5	-21	8	-8	30	-55	-55	-2	58	-3	-5	-32	-11	-18	18	18	18	18	3	3	-3	19	19	43	43	-8	-8	-1	-1	-42	-42	10	1	1	-6	-6	26	-30	-30	7	13	13	41	-1	-1	-18	-18	-9	-2	-2	13	
-4	5	2	5	-13	2	2	2	-12	-3	-8	-1	4	2	-3	4	19	19	-7	-7	-14	15	15	2	-4	-2	-11	11	11	7	7	-5	3	8	-16	-16	-5	-5	-2	-2	-2	-2	-2	-3	-3	-6	-6	6	-2	7	-4	-4	3	5	5	-1	-1	9	-11	-15	1	1	-3	2	2	-1	-1	-1	3	-4	-4	-7	-7	-3	-9	7	-5	-5	5	-11	8	8	3	3	-2	54	35	-9	-9	-13	-13	-6	-2	-7	-7	7	-24	-2	-2	-2	-3	-3	-14	5	-25	-25	-1	0	11	-6	-6	-3	-3	5	2	30	-4	-23	0	-2	-3	-3	-1	-1	-26	-11	12	6	6	1	1	17	-7	-7	33	10	3	3	-21	-21	3	1	-13	-1	-1	-6	-18	-10	-10	1	-2	6	13	20	-8	-8	-10	12	3	-13	-7	-3	12	-5	-5	-4	-4	-33	-33	3	7	7	14	14	-13	-13	17	17	-23	-23	5	-4	-4	-5	-5	-1	-8	-8	8	10	10	7	1	1	-2	-2	-2	21	21	-9	
1	0	-1	1	-2	-1	-1	1	-1	0	-2	0	-3	-3	-4	0	0	0	-5	-5	-3	1	1	-2	0	-2	0	-2	-2	-3	-3	2	0	-2	-4	-4	0	0	0	0	-1	-1	4	-1	-1	-2	-2	0	-2	-7	2	2	-1	-1	-1	-3	-3	-1	-3	1	-4	-4	-3	-1	0	-3	-3	3	0	-4	-4	1	1	2	-6	1	-7	-7	2	-4	0	0	0	0	-1	9	8	-4	-4	-6	-6	-4	-2	-2	-2	-2	-5	1	-1	-1	-1	-1	-2	-3	-2	-2	0	-1	-3	-4	-4	-2	-2	0	-2	3	-2	-2	1	-1	-7	-7	2	2	-2	-4	1	-8	-8	2	-5	0	-2	-2	0	-3	1	1	-6	-6	4	0	-2	-3	-3	0	-1	-1	-1	-1	-2	-2	-2	-3	1	1	-1	0	2	-4	-3	0	0	-1	-1	0	0	2	2	-1	-2	-2	0	0	2	2	0	0	-1	-1	0	-4	-4	0	0	-3	-2	-2	3	1	1	0	-5	-5	0	0	0	0	0	-6	
-1	1	-2	-2	-7	0	0	1	-3	0	3	1	-2	-3	-3	4	-8	-8	2	2	-4	4	4	-3	-2	-1	3	2	2	-5	-5	-2	1	4	-2	-2	-1	-1	1	1	-5	-5	2	-5	-5	-1	-1	0	-1	-4	2	2	0	0	0	-5	-5	-1	-4	-2	-2	-2	2	-9	-3	-2	-2	3	-3	-2	-2	-7	-7	0	1	2	-1	-1	0	0	1	1	0	0	2	9	4	-5	-5	-4	-2	-5	0	-1	-1	-1	-3	0	1	1	-4	-4	-5	0	1	1	-1	2	-2	1	1	-2	-2	1	-1	1	-2	-5	3	5	-8	-8	-1	-1	0	-5	2	-4	-4	2	0	-2	3	3	0	-4	1	1	-9	-9	1	-2	3	-3	-3	0	-4	4	4	1	-5	-6	-2	-6	1	1	3	-3	1	-4	-1	-2	1	-4	-4	-2	-2	1	1	0	-1	-1	1	1	0	0	-1	-1	-3	-3	-3	0	0	-12	-12	2	-3	-3	2	7	7	3	-4	-4	-2	-2	-3	2	2	-4	
12	-4	5	4	-46	8	8	12	6	18	14	-1	3	-18	-16	26	14	14	-11	-11	-7	0	0	3	13	-9	10	9	9	4	4	-8	1	24	-4	-4	-15	-15	-4	-4	-15	-15	-16	-1	-1	-6	-6	0	3	-32	10	10	-25	-1	-1	1	1	7	-1	-9	15	15	3	-23	9	-5	-5	12	-4	-5	-5	4	4	-8	10	9	16	16	-7	-13	-12	-12	-4	-4	7	5	-4	15	15	-1	-23	-23	3	18	18	-13	3	-10	2	2	4	4	-7	-4	8	8	-2	-5	-25	-6	-6	-6	-6	-14	23	-3	-1	22	6	-6	-18	-18	9	9	2	3	-6	-15	-15	-3	16	3	22	22	10	-1	-13	-13	20	20	-1	11	8	-64	-64	23	-5	2	2	-1	3	15	3	-1	3	3	-3	-16	-4	-10	-40	-17	0	0	0	-14	-14	17	17	6	-4	-4	32	32	7	7	-34	-34	13	13	-7	-6	-6	23	23	-3	-2	-2	-1	10	10	7	3	3	2	2	-12	2	2	14	
-2	-1	0	-1	-5	-1	-1	-1	2	-3	2	-3	-2	0	-2	2	-1	-1	-2	-2	-1	-1	-1	0	0	0	5	-5	-5	-3	-3	0	3	-3	0	0	-2	-2	0	0	-1	-1	-1	-2	-2	-3	-3	0	1	-3	2	2	-3	-3	-3	-3	-3	2	-2	-2	0	0	-3	-7	-2	0	0	-2	-1	-2	-2	1	1	1	-1	-2	3	3	-2	-1	-1	-1	-5	-5	0	-5	-3	0	0	0	-1	0	2	0	0	-1	1	-2	1	1	-3	-3	3	-2	2	2	-1	-3	-5	-1	-1	-3	-3	-2	-2	-8	0	0	1	-3	-2	-2	3	3	0	-1	-1	-1	-1	-2	-2	2	1	1	0	-2	-1	-1	-2	-2	4	-1	-3	-7	-7	0	-2	0	0	-4	2	-1	2	-5	3	3	3	-7	-2	-1	-7	-2	-2	-2	-2	0	0	1	1	0	0	0	-1	-1	3	3	-2	-2	3	3	-4	-1	-1	-5	-5	4	-1	-1	3	-1	-1	-4	-4	-4	4	4	-1	-4	-4	-4	
1	-1	-1	-5	-3	2	2	-2	0	0	-2	-3	0	-5	0	3	-1	-1	-4	-4	-3	2	2	-1	1	-3	0	0	0	-2	-2	-2	1	0	-1	-1	-3	-3	-1	-1	1	1	0	-2	-2	0	0	-2	0	-2	-2	-2	-1	0	0	-2	-2	1	-3	1	0	0	-4	-4	0	-1	-1	0	-1	-1	-1	0	0	-3	-1	2	-3	-3	-1	1	-3	-3	0	0	0	-1	3	2	2	-2	-4	-1	-2	-1	-1	-6	2	0	-1	-1	-6	-6	0	-3	0	0	1	-1	-4	-3	-3	-1	-1	2	1	0	0	-1	1	-4	-2	-2	2	2	0	-1	-3	0	0	-2	1	-1	1	1	-3	-3	-3	-3	1	1	4	3	-3	-3	-3	-2	0	-2	-2	-1	1	0	1	-5	0	0	-1	-5	-1	-3	-4	-2	1	3	3	-1	-1	1	1	-1	0	0	0	0	-1	-1	-1	-1	0	0	-2	-3	-3	-1	-1	-1	-1	-1	2	-2	-2	-2	-2	-2	-1	-1	2	1	1	-1	
6	2	-3	1	-5	-1	-1	2	0	-2	0	-1	0	-3	3	6	-1	-1	-2	-2	-2	2	2	0	2	-2	-1	-1	-1	3	3	-1	0	6	-12	-12	-6	-6	1	1	4	4	-3	-4	-4	-6	-6	1	1	-1	-1	-1	2	-1	-1	-7	-7	5	-2	-3	-3	-3	-2	-7	0	-1	-1	-1	0	2	2	0	0	-1	1	3	-4	-4	1	2	-4	-4	-1	-1	-4	0	4	4	4	-1	-5	-5	-1	-7	-7	-4	6	5	2	2	-5	-5	5	2	-2	-2	-5	2	-2	-6	-6	-5	-5	-1	-2	5	0	-2	-1	-3	2	2	-4	-4	-1	4	-1	5	5	-4	1	1	-2	-2	0	4	-3	-3	-3	-3	2	-5	-2	-5	-5	-2	0	-6	-6	3	-1	1	0	-3	-5	-5	2	1	-2	2	-6	-4	-4	-3	-3	3	3	-1	-1	0	4	4	6	6	0	0	-3	-3	-4	-4	-1	0	0	-1	-1	3	-3	-3	3	2	2	-1	-5	-5	-3	-3	-1	-2	-2	1	
Trial:2
-1	-10	-24	19	-2	33	33	10	10	-20	-37	-37	-18	-18	35	-12	-5	-5	72	72	-25	14	14	-33	-33	44	-10	-9	-9	-3	-3	-46	66	66	5	5	-36	-3	-3	-3	5	5	-32	3	-7	-23	-23	-7	-17	-17	44	44	-11	-12	22	22	-30	-30	8	55	-80	107	107	-34	24	10	1	1	-6	-6	-23	-23	-52	-52	10	-9	13	-22	19	19	-10	-11	24	10	10	23	-8	28	28	-22	-22	-51	-51	-33	-43	-43	8	8	-11	9	32	32	-32	-32	34	3	54	-28	-28	7	5	-4	-27	-27	12	37	-17	-17	5	5	41	-22	-22	-37	-37	5	51	-21	4	4	-34	-33	15	15	-8	-8	-1	14	4	33	33	-10	-43	82	63	26	26	-10	-15	-52	-24	-24	56	-21	-22	-27	-27	1	-20	15	93	-5	-5	14	-71	-71	26	1	1	-4	-18	-25	-22	-22	-2	23	42	-7	61	61	34	34	-26	-69	-69	-35	-35	-17	-8	-8	3	3	18	-25	78	78	-35	6	-18	18	
17	2	4	11	-10	-6	-6	-6	-6	-1	-10	-10	-7	-7	-7	-9	1	1	-3	-3	-12	-10	-10	1	1	-1	3	5	5	-2	-2	-6	-5	-5	1	1	-1	11	11	11	3	3	1	-9	-6	6	6	-8	8	8	4	4	-4	2	-1	-1	2	2	-17	35	-6	16	16	-8	3	0	0	0	-10	-10	-2	-2	-7	-7	4	-7	0	-10	-7	-7	-4	0	10	15	15	-21	-6	3	3	-5	-5	-4	-4	3	-14	-14	0	0	-2	-1	11	11	-1	-1	6	2	-7	2	2	-2	-5	-1	3	3	12	24	-10	-10	-10	-10	-12	-8	-8	1	1	2	3	-9	2	2	-5	-5	4	4	18	18	0	7	-4	0	0	-5	0	16	16	-12	-12	-7	-10	-4	11	11	-4	-7	-17	-5	-5	2	-1	-5	7	0	0	9	-4	-4	17	-5	-5	0	-8	-7	-1	-1	12	3	-1	1	-9	-9	13	13	-2	-10	-10	-7	-7	-3	-7	-7	-2	-2	5	0	6	6	-5	-5	1	18	
2	2	-3	-1	0	1	1	-4	-4	2	-7	-7	-3	-3	-2	1	2	2	-1	-1	-3	0	0	-2	-2	-2	2	1	1	-1	-1	-3	-9	-9	-3	-3	4	-2	-2	-2	-3	-3	0	0	-3	1	1	-1	0	0	1	1	-1	0	1	1	2	2	-4	-1	0	-2	-2	-5	-1	2	0	0	-4	-4	0	0	-3	-3	-2	-6	-1	-2	1	1	3	-1	1	-3	-3	-7	2	-1	-1	-2	-2	-1	-1	4	-3	-3	2	2	0	1	1	1	-1	-1	0	-1	0	-1	-1	-5	-2	1	-2	-2	0	2	-5	-5	-4	-4	-6	1	1	0	0	-1	-1	-2	2	2	-3	0	0	0	1	1	-3	-1	2	-2	-2	-3	3	1	-2	-3	-3	-3	-3	2	3	3	0	0	-7	-3	-3	-3	-1	1	1	-3	-3	-5	-2	-2	-2	-2	-2	-1	-3	0	-2	-2	-2	2	3	-3	-2	-2	-2	-2	-1	-1	-1	0	0	-3	3	3	-5	-5	-2	-1	-2	-2	3	-4	-3	0	
2	-5	-5	3	1	0	0	-11	-11	2	5	5	-12	-12	4	-2	6	6	-9	-9	2	0	0	4	4	-4	-1	3	3	6	6	-7	-10	-10	-3	-3	6	-4	-4	-4	-2	-2	-2	8	-5	8	8	2	9	9	5	5	1	-8	2	2	-6	-6	-14	7	-4	0	0	0	-4	-1	3	3	5	5	-3	-3	-10	-10	-8	-2	-2	-4	-6	-6	10	2	-1	-2	-2	-1	0	0	0	1	1	1	1	12	-6	-6	1	1	5	3	1	1	-1	-1	-9	-3	1	-2	-2	0	2	9	-3	-3	5	-2	-4	-4	-5	-5	-5	-6	-6	-3	-3	4	0	-3	9	9	-6	-3	-4	-4	0	0	-7	-2	0	1	1	2	-2	2	-8	-4	-4	2	-10	-11	1	1	8	3	-19	3	3	1	-2	-2	9	-1	-1	-13	-5	-5	-24	3	3	-1	1	9	-2	-2	1	4	1	1	2	2	-4	-4	-3	-4	-4	2	2	-6	4	4	-6	-6	-5	-3	3	3	-1	-1	-9	0	
-48	8	-7	-20	-15	13	13	26	26	1	17	17	-57	-57	-4	37	26	26	-84	-84	30	-9	-9	11	11	4	13	1	1	4	4	-3	-5	-5	21	21	-10	37	37	37	-29	-29	-52	-17	-21	17	17	9	56	56	57	57	4	-18	-20	-20	-22	-22	-79	-7	-64	33	33	39	32	2	17	17	-3	-3	22	22	-43	-43	39	-22	7	1	-50	-50	-11	-9	-29	11	11	65	7	-3	-3	5	5	-8	-8	22	-14	-14	-16	-16	9	-8	39	39	5	5	-39	-27	1	-20	-20	-17	12	19	7	7	6	4	27	27	-17	-17	0	-15	-15	-10	-10	-14	49	-23	21	21	-34	-6	-4	-4	-6	-6	-13	-60	5	-5	-5	72	48	-16	-14	-8	-8	-22	-54	14	27	27	-10	29	-71	-5	-5	-19	23	-10	1	5	5	-11	-17	-17	-23	36	36	-5	-7	13	3	3	2	14	-34	1	-21	-21	-11	-11	12	-44	-44	27	27	25	38	38	-28	-28	13	-25	-4	-4	12	-4	-14	-18	
-7	-3	-11	-6	0	6	6	4	4	-2	-3	-3	-4	-4	1	1	-4	-4	-5	-5	5	-2	-2	2	2	2	6	-2	-2	-4	-4	4	-11	-11	-9	-9	9	-4	-4	-4	1	1	-3	4	-10	2	2	7	-4	-4	-1	-1	1	4	2	2	-4	-4	-15	-2	-3	-1	-1	6	3	-3	5	5	-4	-4	3	3	-5	-5	8	-5	0	-6	-7	-7	3	-1	-2	1	1	-4	-3	-2	-2	-1	-1	-3	-3	3	0	0	1	1	-3	1	5	5	6	6	-5	-5	-8	-4	-4	-1	-5	-3	4	4	3	0	0	0	-1	-1	-3	-1	-1	1	1	-9	1	-5	7	7	-11	0	-1	-1	2	2	-5	-9	-2	1	1	5	5	-3	1	-8	-8	-4	-5	-1	1	1	0	3	-4	0	0	-1	1	-17	-2	-1	-1	-7	-4	-4	-5	2	2	2	4	0	7	7	-3	5	0	-3	-6	-6	0	0	-1	-2	-2	-2	-2	3	4	4	-2	-2	2	-4	-6	-6	0	-1	-5	1	
0	6	4	3	7	3	3	2	2	2	1	1	-14	-14	6	-7	-31	-31	18	18	-16	-4	-4	29	29	13	7	-2	-2	-10	-10	-6	-5	-5	-2	-2	2	5	5	5	-19	-19	-16	12	-10	14	14	8	14	14	-1	-1	-11	3	5	5	-17	-17	-15	-18	4	-2	-2	5	1	11	5	5	-15	-15	7	7	7	7	-8	-9	5	-3	2	2	0	2	-7	-7	-7	0	-6	-2	-2	6	6	-7	-7	11	-10	-10	4	4	9	-5	-8	-8	1	1	-12	-17	10	-8	-8	0	-1	-2	3	3	6	11	0	0	0	0	-2	-25	-25	-7	-7	-12	23	15	5	5	-1	-8	-25	-25	23	23	9	2	-5	7	7	16	-5	-14	-1	-16	-16	10	4	-3	-11	-11	-5	-4	-6	-11	-11	-9	10	-14	17	-7	-7	-2	16	16	-34	-5	-5	8	2	14	10	10	-13	-3	-1	-2	-17	-17	8	8	-8	8	8	6	6	-10	-12	-12	8	8	2	-4	-9	-9	12	-30	6	-6	
-6	-5	5	3	0	3	3	8	8	-3	-8	-8	-5	-5	6	-7	-5	-5	2	2	-14	-1	-1	1	1	5	1	3	3	1	1	-5	2	2	1	1	-2	1	1	1	-6	-6	-5	-1	-2	4	4	3	-2	-2	9	9	-12	4	5	5	-18	-18	-7	-10	-7	11	11	2	0	-6	1	1	-5	-5	-1	-1	-4	-4	-3	5	9	-18	-2	-2	0	4	2	-1	-1	-4	1	-4	-4	1	1	-8	-8	4	-8	-8	-1	-1	14	-1	1	1	-4	-4	-3	-1	4	-10	-10	1	-1	-3	0	0	0	4	12	12	-1	-1	-8	-14	-14	-7	-7	-2	0	4	2	2	-5	-2	-15	-15	8	8	2	2	-3	7	7	2	-13	7	11	-5	-5	0	-1	-8	1	1	-1	-3	-12	-11	-11	-2	-2	-10	10	9	9	-2	0	0	-12	0	0	-2	3	5	-2	-2	-5	-1	2	2	1	1	-5	-5	-6	2	2	-4	-4	-3	-11	-11	3	3	1	0	8	8	1	-9	0	-3	
Trial:3
-23	-23	-1	-8	-8	21	21	-3	-3	-8	19	-4	-4	4	2	2	-2	-2	10	10	-12	-12	6	6	0	-11	-11	-5	-5	19	19	3	3	-7	-7	-11	8	8	-10	-10	-10	-8	-5	-5	-11	-11	8	-8	3	-1	8	8	-3	13	-6	-2	-2	3	9	0	5	5	5	-19	-6	-6	0	0	12	-3	5	13	13	15	15	-10	-10	-4	-4	-13	-13	9	-17	-17	-17	-13	-13	2	13	13	4	4	-6	7	7	30	30	-13	-11	-11	-11	-16	-16	-11	-11	-11	-9	-4	-17	23	23	-8	-8	2	2	4	4	3	3	-11	-5	-5	18	18	9	6	-3	-1	-1	10	10	-12	-12	3	3	-18	-7	18	-7	-7	-5	-4	6	-11	5	5	-16	0	-7	16	16	-3	-3	1	0	0	-31	9	6	6	3	3	13	13	13	25	25	-2	-2	7	-26	-26	-12	-12	-10	10	7	34	-3	7	6	-3	-3	8	8	-15	2	-10	-5	4	4	-3	3	3	17	17	8	-19	-8	-12	
-15	-15	-7	2	2	11	11	-21	-21	3	1	4	4	3	4	4	1	1	0	0	4	4	2	2	-4	-4	-4	-3	-3	-10	-10	0	0	-7	-7	14	12	12	-4	-4	-3	-5	24	24	-12	-12	-4	5	-6	12	-16	-16	-8	6	9	-7	-7	17	-6	-15	2	2	2	10	7	7	-3	-3	1	-11	-3	-13	-13	-11	-11	0	0	10	10	-9	-9	-4	10	10	10	2	2	5	2	2	-19	-19	-3	16	16	0	0	-6	-9	-9	-9	36	36	-15	-7	-7	-20	-6	-1	0	0	3	3	-4	-4	-14	-14	9	9	-19	4	4	21	21	0	-5	2	-1	-1	-7	-7	-7	-7	-5	-5	-7	-4	-6	8	8	-11	-5	-4	-10	5	5	-14	-13	-3	8	8	5	5	11	3	3	-10	-3	-2	-2	-13	-13	1	1	-5	10	10	6	6	7	2	2	-2	-2	-10	0	7	0	4	-1	-3	0	0	-14	-14	11	-11	-21	2	-7	-7	3	-1	-1	-7	-7	17	4	1	-6	
-2	-2	-4	0	0	-1	-1	-3	-3	1	0	-2	-2	1	-1	-1	-1	-1	0	0	-3	-3	-1	-1	2	-2	-2	-1	-1	-1	-1	0	0	-5	-5	-1	1	1	0	0	1	-1	2	2	-2	-2	-1	-1	1	1	-1	-1	-2	-2	2	-4	-4	1	-1	-14	4	4	4	3	2	2	-2	-2	-1	1	2	-4	-4	-7	-7	3	3	0	0	0	0	-4	1	1	1	1	1	3	2	2	-3	-3	-4	-4	-4	1	1	-4	-1	-1	-1	2	2	-4	3	3	0	2	-6	1	1	2	2	-3	-3	0	0	2	2	-17	6	6	-1	-1	-5	-4	1	1	1	-2	-2	-16	-16	4	4	3	1	2	-3	-3	0	-3	7	-14	-2	-2	3	-7	-5	-2	-2	2	2	4	-4	-4	-6	-4	-1	-1	-2	-2	-3	-3	0	-1	-1	-3	-3	3	-1	-1	0	0	-2	-1	-1	0	0	-3	1	2	2	-1	-1	9	-2	-9	1	-3	-3	0	-2	-2	3	3	0	9	-5	-3	
-3	-3	1	-7	-7	-1	-1	1	1	2	-1	-1	-1	-3	0	0	-2	-2	2	2	-2	-2	0	0	0	0	0	-2	-2	-3	-3	0	0	-6	-6	4	-1	-1	-3	-3	3	1	6	6	-4	-4	-1	-2	0	-1	-1	-1	-2	-5	2	-4	-4	-1	-5	1	0	0	0	0	-4	-4	0	0	2	-1	0	-2	-2	-4	-4	-4	-4	-1	-1	1	1	-4	1	1	1	-3	-3	-5	1	1	-2	-2	-3	-4	-4	-4	-4	0	1	1	1	-3	-3	2	3	3	-3	1	-8	-2	-2	1	1	1	1	0	0	5	5	-7	8	8	-3	-3	6	0	1	0	0	-3	-3	-2	-2	-6	-6	5	-4	3	-1	-1	-7	-7	2	-4	-1	-1	4	-6	-1	-3	-3	-2	-2	-2	-5	-5	-2	-2	2	2	-1	-1	-2	-2	-1	4	4	-9	-9	0	1	1	3	3	-9	-4	3	0	4	2	-3	-5	-5	1	1	7	-5	-7	-1	-2	-2	0	0	0	2	2	0	2	-1	4	
2	2	0	-21	-21	15	15	-16	-16	14	-6	17	17	8	-12	-12	-13	-13	-9	-9	3	3	5	5	33	11	11	0	0	-7	-7	-8	-8	1	1	2	-5	-5	-41	-41	6	3	4	4	16	16	7	-10	-8	1	-8	-8	10	5	1	-21	-21	-13	-3	-10	4	4	4	2	10	10	-13	-13	11	-1	15	6	6	12	12	-4	-4	-2	-2	-17	-17	-4	11	11	11	-4	-4	-32	-5	-5	7	7	17	-2	-2	-31	-31	8	6	6	6	18	18	-31	6	6	-14	-7	-49	7	7	7	7	34	34	-1	-1	10	10	2	0	0	-3	-3	8	1	0	19	19	-1	-1	0	0	-15	-15	3	9	12	14	14	-3	-35	-6	11	-8	-8	19	14	-14	1	1	16	16	-7	2	2	-6	-9	-11	-11	19	19	-6	-6	-5	0	0	-21	-21	-20	-10	-10	-12	-12	-11	-8	13	-5	4	27	4	-1	-1	13	13	-4	1	29	13	-4	-4	-8	1	1	2	2	-12	13	9	8	
-2	-2	-7	-6	-6	-1	-1	0	0	2	-1	3	3	1	-1	-1	-5	-5	2	2	-4	-4	1	1	-3	2	2	-1	-1	0	0	0	0	3	3	-2	-4	-4	-6	-6	1	-2	3	3	3	3	3	0	-1	-2	-4	-4	-2	-1	-3	-4	-4	-2	0	-2	-2	-2	-2	2	-1	-1	-2	-2	3	-1	-2	0	0	-3	-3	-1	-1	-1	-1	-2	-2	2	3	3	3	-1	-1	-5	-2	-2	0	0	-2	-3	-3	-4	-4	0	0	0	0	-3	-3	-4	0	0	-3	-5	-5	-2	-2	5	5	0	0	5	5	-1	-1	0	-3	-3	-1	-1	0	-2	2	1	1	1	1	-1	-1	-6	-6	-1	2	-2	-2	-2	1	-9	-3	-1	-1	-1	6	4	-2	-2	-2	1	1	-1	-1	-1	-1	-2	-1	-1	-3	-3	-2	-2	-1	1	1	-8	-8	-4	0	0	-1	-1	-1	-1	-1	0	-2	4	1	-2	-2	4	4	-1	1	-1	0	0	0	-3	0	0	1	1	-1	1	0	-4	
-2	-2	-1	-3	-3	0	0	0	0	0	0	1	1	-1	0	0	-1	-1	-2	-2	-2	-2	-2	-2	-2	-2	-2	-2	-2	0	0	0	0	-2	-2	-2	-3	-3	-1	-1	-2	-3	0	0	-2	-2	1	-4	2	-1	-1	-1	1	1	-2	-1	-1	-2	-1	-1	-4	-4	-4	1	0	0	0	0	0	-3	-1	0	0	-3	-3	1	1	-4	-4	0	0	-2	-2	-2	-2	0	0	-4	1	1	1	1	2	-2	-2	-5	-5	-1	1	1	1	0	0	-1	-3	-3	0	-1	-2	-2	-2	-2	-2	-1	-1	3	3	-1	-1	2	1	1	1	1	-2	0	-1	-1	-1	-1	-1	-4	-4	-4	-4	0	-2	0	-1	-1	0	-2	0	0	-2	-2	0	-3	0	-4	-4	-1	-1	-1	-1	-1	-2	0	0	0	0	0	-1	-1	0	-1	-1	-1	-1	-4	2	2	-2	-2	0	-1	0	-2	0	1	0	-1	-1	-2	-2	-2	-4	-2	1	-1	-1	1	-2	-2	-2	-2	2	0	-2	-3	
0	0	-1	-2	-2	-1	-1	1	1	0	1	0	0	0	-1	-1	1	1	-2	-2	-3	-3	-1	-1	-2	-2	-2	-1	-1	3	3	-1	-1	1	1	-5	-3	-3	-2	-2	-4	0	-3	-3	0	0	0	-3	-1	-1	1	1	1	2	-3	0	0	-2	1	-1	-2	-2	-2	-1	0	0	-1	-1	1	-3	-1	1	1	2	2	-2	-2	-2	-2	-3	-3	0	-3	-3	-3	-3	-3	-3	1	1	-1	-1	-3	0	0	-1	-1	-3	-1	-1	-1	-1	-1	-1	-3	-3	-4	0	-2	2	2	-4	-4	0	0	-1	-1	1	1	0	-1	-1	-1	-1	0	-1	-1	2	2	-1	-1	-3	-3	-2	-2	0	-2	-2	-1	-1	-3	-2	0	0	-1	-1	-2	-1	-1	0	0	-3	-3	1	-1	-1	-5	0	0	0	3	3	2	2	-1	-1	-1	-4	-4	0	-4	-4	2	2	-3	1	0	-1	1	0	0	0	0	-2	-2	-1	-1	-3	-2	0	0	-1	-3	-3	3	3	-1	-1	-3	-3	
Trial:4
7	7	-6	34	34	2	2	8	22	22	72	72	-35	-35	-18	-18	-39	-39	-6	-19	-19	5	5	-10	-10	-6	-6	15	15	-7	-6	-6	9	9	3	-8	27	29	-11	-11	-16	24	24	-3	-3	28	18	18	-23	-23	-23	-2	5	5	-41	-41	4	-6	5	-12	-12	-3	6	-2	-2	1	1	-20	5	6	2	2	-1	-12	4	-5	-5	-5	3	3	17	6	6	-15	-15	-13	0	53	53	-16	-16	-30	-1	-7	-11	-11	-14	-17	37	37	1	1	-14	-25	-25	4	4	2	34	-21	-11	4	-7	5	-1	-1	-4	-4	59	-3	-20	3	3	0	-6	1	-92	-92	0	-7	7	7	82	82	-17	-16	25	-17	-17	-9	-9	-15	-15	-3	-3	16	-14	-11	3	3	3	-6	-5	-7	-7	0	0	-6	-6	-20	-20	2	7	19	-4	-4	17	17	-10	-23	42	-12	8	15	-23	-9	-9	-2	-30	20	-14	-14	-15	-15	1	-12	-12	7	7	-26	-8	-4	3	3	4	11	-6	-6	-6	-6	
5	5	-11	6	6	0	0	-9	-4	-4	0	0	-3	-3	-4	-4	-1	-1	-11	5	5	1	1	-2	-2	2	2	3	3	-6	8	8	2	2	-6	1	-4	22	-4	-4	21	-1	-1	-9	-9	-15	1	1	-6	-6	-6	-3	1	1	-9	-9	2	0	2	-6	-6	-6	9	2	2	-4	-4	-2	-1	0	0	0	11	-1	11	-14	-14	-14	-2	-2	15	-10	-10	-8	-8	1	-1	-3	-3	-5	-5	6	7	0	-7	-7	-4	1	0	0	1	1	-2	9	9	-3	-3	1	-7	-5	-9	-1	-2	-1	35	35	-25	-25	3	-2	23	6	6	-15	-8	-12	-25	-25	-12	-11	4	4	-1	-1	-8	-8	1	-2	-2	2	2	19	19	-2	-2	-1	-6	-9	1	1	5	-7	-5	-8	-8	-5	-15	0	0	-5	-5	32	9	-14	-6	-6	1	1	-13	5	2	-12	7	-2	-11	-4	-4	-7	-15	-7	2	2	0	0	-1	3	3	13	13	-14	-4	2	1	1	-1	-5	4	4	16	16	
-2	-2	-3	2	2	-1	-1	-5	1	1	-2	-2	-2	-2	-3	-3	1	1	-1	2	2	-17	-17	3	3	1	1	3	3	0	15	15	-1	-1	-4	2	-5	-1	-1	-1	4	-6	-6	0	0	-7	-15	-15	2	2	2	1	1	1	1	1	2	-7	0	-2	-2	-1	2	-1	-1	5	5	-3	0	-19	3	3	0	0	2	-4	-4	-4	8	8	5	-6	-6	-3	-3	-1	-3	-14	-14	4	4	0	3	-1	-1	-1	3	7	4	4	0	0	-3	0	0	4	4	-1	5	1	0	-6	-3	-3	-1	-1	-3	-3	2	1	0	-2	-2	-1	-3	-2	-3	-3	-17	2	-1	-1	0	0	-1	3	-2	0	0	-3	-3	-1	-1	1	1	0	0	-3	-1	-1	4	-3	-14	3	3	-1	-3	0	0	-2	-2	4	0	-4	-7	-7	6	6	2	-6	-3	-2	-1	-4	-1	9	9	-2	4	-5	-4	-4	-2	-2	1	-3	-3	2	2	3	-9	-4	-2	-2	2	-1	1	1	0	0	
2	2	-1	1	1	-1	-1	-2	-1	-1	-2	-2	1	1	-1	-1	-2	-2	1	-7	-7	1	1	5	5	-2	-2	2	2	-1	1	1	-3	-3	1	0	-11	0	-1	-1	4	0	0	-4	-4	0	1	1	0	0	0	1	4	4	-3	-3	-2	-2	-1	-4	-4	1	-1	-4	-4	1	1	1	-1	-2	2	2	2	-4	-2	-4	-4	-4	3	3	-1	-4	-4	-1	-1	2	1	1	1	-1	-1	-4	6	-6	-2	-2	0	-2	-1	-1	1	1	-1	-2	-2	-6	-6	0	-2	-1	-3	-2	0	3	-1	-1	2	2	-3	4	-3	-3	-3	-5	-7	3	-3	-3	-2	3	1	1	-2	-2	2	5	-5	1	1	3	3	0	0	1	1	-4	-3	0	-5	-5	1	-4	-2	1	1	-3	0	3	3	-4	-4	2	3	-2	0	0	-1	-1	7	-7	-3	-2	-3	-3	-2	5	5	-1	1	-7	-3	-3	-2	-2	1	-3	-3	4	4	-5	-10	-4	-6	-6	1	1	6	6	1	1	
-2	-2	-14	5	5	3	3	-13	9	9	-4	-4	8	8	1	1	-4	-4	-7	-35	-35	6	6	7	7	4	4	15	15	16	-40	-40	-1	-1	-11	0	2	-26	6	6	-13	-11	-11	11	11	0	18	18	4	4	4	-6	-1	-1	-15	-15	-2	23	1	23	23	-7	-30	-9	-9	2	2	9	-1	-9	21	21	-3	-1	3	-5	-5	-5	-9	-9	8	-14	-14	1	1	5	-9	-55	-55	18	18	5	9	13	23	23	10	5	-8	-8	-4	-4	-9	-3	-3	-33	-33	-4	-1	-7	-22	11	11	-13	17	17	20	20	-10	-7	1	23	23	-32	-3	13	-6	-6	14	13	-3	-3	0	0	-7	10	14	-25	-25	1	1	4	4	-6	-6	-32	-12	8	4	4	-10	-14	11	8	8	-32	-5	16	16	1	1	-4	4	7	-22	-22	22	22	2	-2	10	11	-37	-27	3	-49	-49	20	-18	3	22	22	-3	-3	10	-2	-2	12	12	-9	-9	-3	-4	-4	-6	20	8	8	5	5	
-2	-2	-2	-2	-2	2	2	-2	-2	-2	-2	-2	0	0	1	1	2	2	-2	-5	-5	0	0	2	2	-3	-3	3	3	1	-6	-6	2	2	-2	-2	2	-6	-2	-2	-1	-3	-3	1	1	-4	-2	-2	0	0	0	-4	-3	-3	-2	-2	0	-2	0	4	4	-1	-2	-4	-4	-2	-2	1	-1	-6	1	1	1	-2	4	-1	-1	-1	-2	-2	2	-5	-5	-2	-2	1	-2	-6	-6	0	0	1	1	3	0	0	1	2	-2	-2	-2	-2	-2	2	2	-4	-4	-4	-1	-2	-5	-3	2	0	0	0	0	0	1	-2	-2	-1	-1	-6	-7	1	-3	-3	2	5	-4	-4	0	0	0	3	-5	0	0	-3	-3	-1	-1	3	3	-4	1	-1	-2	-2	0	-6	2	0	0	-5	-1	1	1	-1	-1	-1	0	-1	-6	-6	1	1	1	-8	5	-5	-5	-7	-3	1	1	2	-7	-5	0	0	-5	-5	0	1	1	5	5	-4	-1	0	-2	-2	0	2	2	2	0	0	
0	0	-2	0	0	1	1	-2	-2	-2	-2	-2	0	0	3	3	3	3	-2	-4	-4	0	0	-4	-4	-1	-1	2	2	-1	-1	-1	-1	-1	-1	1	-2	-2	-3	-3	-1	-2	-2	-1	-1	-5	-1	-1	1	1	1	-1	-1	-1	-3	-3	0	1	1	0	0	0	-2	-3	-3	3	3	-1	-2	-2	-1	-1	-1	-1	-3	0	0	0	-1	-1	-1	-3	-3	1	1	0	-2	-2	-2	-1	-1	0	0	-1	-2	-2	1	0	-3	-3	-1	-1	-1	-2	-2	-3	-3	-1	-2	-1	-4	1	0	-1	1	1	-1	-1	-1	1	-3	-1	-1	0	-2	-1	-1	-1	-3	-1	-2	-2	0	0	0	4	-3	-3	-3	1	1	-2	-2	2	2	-2	-2	-2	0	0	-1	-3	0	-1	-1	-1	-1	0	0	-2	-2	-3	0	1	-2	-2	-1	-1	-1	-5	2	0	-4	-3	0	0	0	0	0	-5	0	0	-1	-1	2	-2	-2	1	1	-6	-3	-2	-1	-1	1	1	1	1	-2	-2	
-1	-1	-2	1	1	0	0	-1	1	1	1	1	-3	-3	-2	-2	-1	-1	-2	-3	-3	-1	-1	3	3	-2	-2	-2	-2	-1	-2	-2	2	2	-2	1	3	1	0	0	-4	-4	-4	-2	-2	2	-3	-3	-2	-2	-2	2	0	0	1	1	-1	-1	-2	-1	-1	-2	-2	-4	-4	-1	-1	-2	-1	-1	2	2	0	-3	-1	-2	-2	-2	-2	-2	1	-2	-2	-2	-2	-4	-5	2	2	0	0	-4	-3	-2	-2	-2	0	-1	-1	-1	-2	-2	-2	-2	-2	-2	-2	-1	-2	-2	-6	1	-4	0	0	0	-1	-1	6	0	-4	0	0	-2	-1	0	-6	-6	1	-1	-2	-2	2	2	-4	1	2	-2	-2	-2	-2	-2	-2	1	1	0	-1	-2	0	0	0	-5	-4	0	0	-1	2	-2	-2	-2	-2	-3	1	1	-3	-3	3	3	1	-4	3	-2	-5	-1	-4	0	0	0	-2	0	1	1	-4	-4	0	0	0	-3	-3	-6	2	1	-2	-2	1	1	1	1	-2	-2	
Trial:5
12	-9	9	9	-1	-1	42	-16	17	7	7	18	-9	13	2	-1	8	-15	4	-38	32	32	30	30	-25	40	-27	-14	-14	-14	16	-8	-8	-25	-25	-14	16	19	-9	-9	-18	1	13	13	-19	-19	15	-17	-17	6	6	4	32	40	17	-8	-8	-13	-12	-12	28	28	-18	10	-9	-9	5	5	-24	0	6	29	29	-4	-12	-7	-7	-10	-10	-11	16	4	-23	-23	-7	-10	-11	-15	-15	7	-16	-31	-31	5	5	58	-4	15	-3	-3	2	2	-7	-7	7	7	-16	-16	-32	8	8	-10	-6	-6	0	-1	-1	43	43	1	-4	14	-9	-9	56	56	-23	-23	-12	-12	55	5	-40	-40	-24	-24	-5	-27	-41	-7	-7	7	9	39	-31	-31	2	8	8	8	-11	-11	0	1	-4	-5	-5	-4	-7	3	6	-14	5	27	-11	-11	-4	-4	22	-4	-17	-7	-7	-36	-27	-56	-23	-7	3	3	24	24	17	17	5	2	24	15	-23	27	-18	-18	3	-11	-11	66	66	7	-1	-14	
-3	22	-7	-7	1	1	-4	-2	3	0	0	10	-1	-2	4	-14	-3	1	0	5	8	8	-13	-13	2	-2	4	-3	-3	-6	-1	0	0	-3	-3	-4	-5	9	-6	-6	-9	-3	-4	-4	-2	-2	-2	-4	-4	-4	-4	-5	5	9	-16	0	0	0	10	10	-3	-3	-10	-2	1	1	11	11	-3	21	-3	-6	-6	-7	-7	5	5	-1	-1	-12	-1	-7	-2	-2	0	-5	7	0	0	9	-5	8	8	-1	-1	-2	-3	-4	14	14	8	8	-10	-10	5	5	-9	-9	-10	1	1	8	-3	-3	-14	6	6	-6	-6	4	-3	-10	-2	-2	12	12	-10	-10	4	4	6	-2	-3	-3	-3	-3	-3	1	-4	-8	-8	3	-10	-1	-9	-9	2	-7	-7	1	0	0	9	-4	-3	-4	-4	-6	6	41	3	-11	9	-2	-10	-10	-4	-4	-2	-7	-5	-1	-1	-3	-12	-6	-9	-6	-9	-9	4	4	-2	-2	-6	0	14	-4	-19	1	-1	-1	6	0	0	6	6	-16	-5	0	
-2	-6	0	0	3	3	-2	0	-1	1	1	-1	2	-2	-2	0	2	-1	-1	1	-1	-1	-2	-2	-4	-2	0	0	0	2	-1	0	0	-4	-4	0	-4	3	-6	-6	-1	1	-3	-3	-2	-2	-4	1	1	2	2	-1	-2	-1	1	0	0	1	-1	-1	-4	-4	-3	-2	-1	-1	0	0	4	-4	-2	-1	-1	-6	2	-4	-4	2	2	0	-4	-1	-1	-1	1	-4	0	-4	-4	1	0	-1	-1	3	3	-6	1	-5	2	2	-4	-4	-2	-2	-1	-1	0	0	-1	-1	-1	-1	1	1	-2	0	0	0	0	0	-2	0	-2	-2	-1	-1	-3	-3	1	1	-2	2	1	1	7	7	-6	1	-3	-2	-2	-3	-2	-5	2	2	-3	-1	-1	-3	0	0	0	-4	0	-2	-2	1	-2	0	-1	1	7	-2	-7	-7	1	1	0	-4	2	0	0	0	-4	0	-1	0	-2	-2	-2	-2	-2	-2	-5	-3	2	-2	-4	-1	-1	-1	0	-3	-3	-2	-2	0	1	0	
-3	-11	-7	-7	4	4	-2	1	2	-7	-7	0	0	-2	3	-4	-6	2	0	2	0	0	-4	-4	-2	-4	3	0	0	-1	-2	-2	-2	-1	-1	-4	-5	6	-1	-1	-6	-6	-7	-7	-4	-4	5	-2	-2	-1	-1	1	-5	4	0	-2	-2	-2	-1	-1	1	1	-7	-2	-1	-1	-7	-7	3	1	-4	5	5	-3	-1	-6	-6	2	2	-1	0	2	-1	-1	-5	-4	-1	-1	-1	-2	-1	5	5	5	5	-5	0	-3	-2	-2	-6	-6	-2	-2	-1	-1	2	2	0	1	1	4	1	1	-10	2	2	3	3	4	-2	-5	0	0	1	1	-2	-2	-2	-2	0	-2	1	1	1	1	-7	1	1	-1	-1	-2	2	-7	-6	-6	-2	-4	-4	1	-3	-3	7	-10	0	0	0	0	-3	3	0	-1	3	2	-7	-7	-1	-1	0	-2	0	-1	-1	0	-4	-3	3	-6	-1	-1	-4	-4	7	7	-4	-3	2	-7	1	-3	-2	-2	0	-3	-3	-6	-6	0	3	2	
-4	-9	7	7	7	7	-32	12	7	-14	-14	9	8	-7	-11	-14	0	6	-3	9	17	17	-20	-20	-13	-16	8	-4	-4	-33	-11	0	0	16	16	3	6	-48	28	28	-12	13	4	4	-6	-6	31	1	1	6	6	4	26	-5	-50	19	19	2	-7	-7	-4	-4	-62	3	-15	-15	8	8	20	23	12	1	1	16	28	-5	-5	-6	-6	-11	3	6	-14	-14	3	16	-3	-6	-6	-4	-1	9	9	-9	-9	-11	8	14	7	7	1	1	-2	-2	-4	-4	4	4	-1	16	16	7	7	7	-34	7	7	-13	-13	26	7	-8	14	14	-1	-1	11	11	-30	-30	4	-10	-33	-33	5	5	-7	1	8	6	6	22	34	-4	-5	-5	-23	-8	-8	10	-6	-6	10	-22	9	-10	-10	18	19	12	14	-22	8	-18	4	4	-3	-3	19	-8	-29	-13	-13	0	6	5	-24	-34	2	2	9	9	15	15	6	-5	16	-6	-10	8	-27	-27	5	-7	-7	10	10	5	13	8	
-3	-6	-2	-2	1	1	0	1	1	-4	-4	3	2	-1	-1	-3	-3	2	0	-2	8	8	0	0	-3	-2	-1	-4	-4	-3	-3	2	2	3	3	-5	-2	-8	1	1	0	4	3	3	-11	-11	0	2	2	0	0	1	0	-1	-6	3	3	0	-4	-4	-3	-3	-5	2	-2	-2	-1	-1	2	3	-2	0	0	3	1	-3	-3	-2	-2	1	4	0	-4	-4	-3	-4	2	2	2	0	2	-4	-4	-4	-4	1	-3	-3	1	1	-1	-1	2	2	-1	-1	0	0	-1	3	3	2	-4	-4	-3	-2	-2	-3	-3	4	-2	-4	-7	-7	0	0	3	3	-2	-2	0	-3	-4	-4	-1	-1	-1	2	0	2	2	-3	1	0	0	0	-2	1	1	-3	-1	-1	-3	-7	2	1	1	3	0	1	5	-8	3	-2	2	2	2	2	-2	-1	-3	0	0	-3	0	0	-2	-9	-4	-4	1	1	0	0	1	-1	2	1	-3	0	-10	-10	3	2	2	4	4	6	2	0	
0	-3	-3	-3	1	1	-1	-1	1	-3	-3	-2	-1	1	-1	-3	2	-1	0	1	4	4	-2	-2	-1	-6	2	-3	-3	-3	-1	0	0	-2	-2	-3	1	-1	0	0	-4	-2	-1	-1	-5	-5	2	1	1	1	1	-2	0	0	2	0	0	2	-3	-3	-3	-3	-1	0	1	1	-1	-1	-3	-2	-3	0	0	-1	-2	0	0	-2	-2	-2	2	2	0	0	-3	-3	-1	-1	-1	-1	-2	-2	-2	-1	-1	0	-3	-1	-1	-1	0	0	1	1	-1	-1	0	0	-1	2	2	-1	0	0	-3	-3	-3	1	1	2	-4	-4	-3	-3	0	0	2	2	0	0	-1	0	-2	-2	0	0	-3	-2	-4	-1	-1	-1	-5	-1	2	2	0	-1	-1	-3	1	1	-1	-3	1	-2	-2	-1	-1	0	0	-2	2	-1	-3	-3	1	1	-3	-1	-1	0	0	-3	0	0	-2	-6	2	2	1	1	-2	-2	-1	0	1	-2	-3	0	-2	-2	1	-2	-2	-3	-3	1	0	1	
0	-4	-4	-4	0	0	0	-1	4	-1	-1	0	1	0	2	-5	0	-1	2	-4	4	4	-4	-4	0	-2	-2	-1	-1	-2	3	-2	-2	-2	-2	-2	-1	-2	-4	-4	-1	-2	0	0	-7	-7	0	1	1	0	0	0	0	4	3	-2	-2	3	-6	-6	1	1	-3	0	0	0	1	1	-2	-4	-3	-2	-2	1	-3	-2	-2	-2	-2	-1	2	-1	-2	-2	-3	0	0	0	0	-4	-3	-7	-7	4	4	1	-1	0	-3	-3	2	2	2	2	-2	-2	0	0	-3	1	1	1	-3	-3	-3	-6	-6	3	3	2	-2	4	1	1	-1	-1	-4	-4	-3	-3	6	-1	-3	-3	-2	-2	-3	-4	-4	0	0	-2	-1	0	-5	-5	1	0	0	3	-1	-1	1	-4	-1	-1	-1	-2	2	1	0	-3	-1	-1	-2	-2	-1	-1	3	-4	0	-2	-2	-5	-5	-5	-3	-5	1	1	2	2	1	1	-3	0	2	0	-1	3	-6	-6	0	-3	-3	4	4	4	0	0	
Trial:6
-6	-6	-10	-5	10	-3	-3	-8	-38	-6	-6	13	13	0	-19	-7	3	3	-10	8	8	1	-4	-4	0	2	-5	25	25	17	-3	-32	2	2	7	2	-8	-11	-9	-9	12	15	7	13	13	-15	-15	5	2	7	7	20	3	19	-16	-16	-5	-5	-8	-8	5	5	10	10	-23	-10	-10	-7	-7	12	0	-12	9	-4	-4	-21	2	2	7	7	5	-19	21	-15	-15	-10	8	8	-2	-2	-2	-11	-4	-9	-10	-10	-1	-22	-3	7	7	7	2	-6	22	2	2	8	-12	-2	-2	-4	-4	31	31	-5	-13	-13	-29	-16	-6	-6	-3	-3	1	1	15	-3	-3	1	6	-1	-11	-1	1	-10	-1	0	0	0	-12	-12	-1	-1	6	6	7	7	-9	23	23	-8	-8	2	2	-3	-3	-19	-19	-13	-6	-6	-4	-3	-3	14	-13	-13	-9	-9	8	21	-7	-7	0	0	-3	17	17	0	0	5	0	0	0	-9	13	-16	-5	-5	-9	-9	5	5	21	21	6	6	-1	-11	
-7	-7	-3	0	1	-2	-2	-7	0	-1	-1	1	1	0	-6	-1	2	2	1	1	-2	-3	-7	-7	-1	0	-3	2	2	2	-2	-3	-2	-2	-1	-5	-3	4	-4	-4	0	-1	1	7	7	-9	-9	-6	-1	0	0	5	-3	-5	1	1	-2	-2	0	0	-5	-5	0	0	-4	-2	-2	-5	-5	2	3	-3	-6	1	1	0	-2	-2	-4	-4	6	1	1	2	2	-4	1	0	-4	-4	-4	-1	-11	-5	-7	-7	0	1	0	1	1	1	-3	-3	-5	4	4	0	-2	0	0	-7	-7	8	8	-3	0	0	-3	0	-3	-3	0	0	0	-2	2	-2	-2	0	-4	1	4	2	-2	-5	5	-6	0	0	8	8	-3	-3	-1	-1	-2	-2	-4	-4	-4	0	0	-2	-2	2	2	3	3	-5	-3	-3	-4	0	0	1	-2	-2	-5	-5	-4	4	2	2	0	0	-2	-3	-3	3	3	-3	1	1	1	0	-1	-4	-6	-6	0	0	3	3	-5	-5	1	1	3	-4	
-1	-1	-6	-1	-4	-9	-9	-3	3	-3	-3	3	3	10	-2	2	-2	-2	0	-1	-6	0	-15	-15	3	3	3	-6	-6	-5	-4	6	-1	-1	-2	3	-3	13	-6	-6	-3	-4	-2	0	0	-5	-5	-14	-8	2	2	-2	-1	-3	-3	-3	-12	-12	6	6	2	2	-3	-3	-2	-16	-16	4	4	3	7	-2	0	12	12	4	-1	-1	-7	-7	3	13	-6	2	2	-1	-2	-2	-19	-19	-19	4	-7	1	-3	-3	-1	0	3	2	2	2	0	-16	-1	2	2	4	-3	-2	-2	6	6	-1	-1	0	-4	-4	-12	2	0	0	-5	-5	-2	-2	-4	3	3	-1	-5	0	4	5	1	-19	2	4	2	2	2	2	-16	-16	6	6	1	1	0	-14	-14	12	12	8	8	-1	-1	-3	-3	3	-3	-3	-1	1	1	0	-3	-3	-4	-4	0	5	3	3	4	4	-5	-6	-6	1	1	2	-7	-7	-7	-3	-1	-2	-17	-17	8	8	6	6	-3	-3	-5	-5	2	-1	
-1	-1	-4	3	1	6	6	-7	-3	2	2	3	3	-6	-4	-2	1	1	-1	-4	-3	-2	-5	-5	2	-3	-8	0	0	-3	-5	4	-4	-4	-2	3	-3	3	4	4	-2	3	1	-5	-5	5	5	0	-4	-2	-2	-2	-4	-1	2	2	-4	-4	0	0	-3	-3	-1	-1	-4	0	0	2	2	-7	5	1	-8	2	2	-10	1	1	-3	-3	7	2	-6	1	1	0	-2	-4	-3	-3	-3	-1	0	-3	2	2	-12	3	6	1	1	1	-4	-13	2	1	1	4	-7	-1	-1	2	2	-4	-4	3	4	4	-4	4	2	2	-7	-7	-6	-7	-4	-2	-2	-4	1	-2	6	-1	-2	-4	-2	6	1	1	-1	-1	-6	-6	1	1	-1	-1	1	-8	-8	13	13	3	3	3	3	-5	-5	-2	1	1	-6	0	0	-4	3	3	-7	-7	-5	2	3	3	2	2	-3	0	0	-7	-7	-1	2	2	2	-2	1	-3	-3	-3	1	1	8	8	-1	-1	1	1	-4	0	
-2	-2	-3	14	16	17	17	-2	0	13	13	6	6	-18	-19	-17	-7	-7	1	5	9	0	-15	-15	5	-4	-8	9	9	-3	-1	0	13	13	1	11	-13	-6	1	1	-8	21	9	3	3	14	14	-6	11	-29	-29	21	24	-3	-2	-2	-8	-8	1	1	-31	-31	-5	-5	1	-22	-22	20	20	9	-4	4	4	-5	-5	-34	15	15	-6	-6	8	-6	-38	-13	-13	17	-1	1	6	6	6	10	1	-2	-11	-11	-19	-3	2	10	10	10	10	-9	9	18	18	-19	1	-5	-5	12	12	-3	-3	-5	21	21	-7	17	22	22	5	5	-25	-8	4	3	3	-10	11	-4	-20	-59	17	0	-1	29	1	1	-6	-6	-22	-22	-11	-11	13	13	14	-7	-7	24	24	1	1	8	8	-6	-6	5	10	10	-28	8	8	-22	15	15	-4	-4	11	-1	-19	-19	-10	-10	6	10	10	-20	-20	22	14	14	14	-1	3	-15	4	4	-1	-1	3	3	2	2	-5	-5	-12	15	
-1	-1	-4	2	1	2	2	-5	1	3	3	-2	-2	-6	-1	0	-2	-2	2	-4	0	-1	-6	-6	0	-2	0	-1	-1	-1	-9	1	1	1	3	0	-4	-3	2	2	0	1	-3	-2	-2	3	3	-6	1	-4	-4	-1	3	-2	0	0	-2	-2	-2	-2	-6	-6	-3	-3	1	-2	-2	-2	-2	-2	-2	2	-1	-1	-1	-2	-2	-2	-5	-5	0	-2	-4	-1	-1	-1	2	1	0	0	0	-2	-3	1	-6	-6	0	-1	2	-1	-1	-1	3	-1	-3	2	2	-4	-3	-1	-1	3	3	0	0	-6	3	3	1	1	-4	-4	2	2	-4	-3	0	1	1	-3	2	0	1	-13	-3	0	-1	1	1	1	1	1	-4	-4	-2	-2	-1	-1	2	0	0	-1	-1	0	0	1	1	-4	-4	1	1	1	-6	2	2	-5	2	2	-3	-3	0	2	-4	-4	-3	-3	1	3	3	-2	-2	3	0	0	0	-1	0	-4	1	1	-2	-2	8	8	-4	-4	-4	-4	-6	4	
0	0	-3	2	0	-1	-1	-3	-1	0	0	0	0	-4	-2	-2	1	1	0	0	-1	-1	-1	-1	1	0	-2	0	0	-1	-4	1	-1	-1	0	0	-2	-2	-2	-2	1	2	-2	0	0	2	2	-2	-2	-2	-2	-4	1	1	-2	-2	-3	-3	-3	-3	-1	-1	-1	-1	-2	1	1	-2	-2	1	-1	-1	1	-1	-1	-2	-1	-1	1	1	0	-1	-1	-1	-1	0	-1	-2	1	1	1	-3	-3	-1	-2	-2	1	0	1	-1	-1	-1	-1	-2	-1	-1	-1	-2	-4	-1	-1	0	0	-1	-1	-1	-2	-2	-1	-1	0	0	-1	-1	-3	-1	-2	-1	-1	0	0	-1	-1	-3	2	-1	-2	0	-1	-1	0	0	0	0	-1	-1	0	0	-1	-1	-1	0	0	-1	-1	1	1	-1	-1	-2	1	1	-2	0	0	-2	1	1	-3	-3	-1	-1	0	0	0	0	-2	-2	-2	1	1	-1	-2	-2	-2	1	0	-4	0	0	-2	-2	-1	-1	-2	-2	0	0	-4	0	
-3	-3	-2	-1	1	-3	-3	-4	-2	-1	-1	-2	-2	-3	-1	0	2	2	-1	0	0	0	-4	-4	-3	1	-2	2	2	1	-1	-2	0	0	0	0	-2	-5	1	1	-1	1	1	0	0	0	0	-1	0	0	0	-3	1	2	-2	-2	-2	-2	-1	-1	-1	-1	-1	-1	-2	-1	-1	-4	-4	2	0	-3	-3	1	1	-1	-2	-2	0	0	0	-4	1	-2	-2	-1	0	0	-2	-2	-2	-1	-1	-5	-1	-1	-2	-1	0	0	0	0	-1	-5	1	-1	-1	1	-3	-4	-4	2	2	3	3	-4	-2	-2	-3	-1	0	0	0	0	-2	-2	1	-4	-4	-1	0	-1	-1	0	-1	-4	1	-4	-2	-2	2	2	1	1	-1	-1	-1	-1	-1	0	0	-2	-2	1	1	0	0	-4	-4	-3	-1	-1	-2	-1	-1	2	-4	-4	-2	-2	1	1	2	2	2	2	-2	1	1	-2	-2	-3	1	1	1	-2	0	-8	0	0	-2	-2	1	1	0	0	0	0	-3	0	
Trial:7
-12	-4	-4	-2	-2	-33	-33	19	-27	-27	29	29	-7	21	21	21	-4	-4	32	-19	-19	-19	-19	3	3	5	5	67	67	11	7	-11	-11	-11	23	-1	-24	-14	-14	-14	52	1	10	-27	-27	-13	-13	4	4	-21	-21	-33	-8	-1	46	46	-30	19	-18	-18	-14	-14	-2	8	-4	-7	-7	-1	-1	-27	-31	5	5	-5	-5	-5	20	20	34	34	9	-20	-20	-20	-11	-11	-10	19	19	-18	-18	-30	16	16	16	0	-2	-26	29	29	-30	-30	-14	-1	-1	11	11	-1	1	1	7	7	12	12	-8	-8	-8	-8	0	1	1	-3	-3	11	-28	-19	9	5	5	-12	-10	34	-13	-13	-30	8	-1	-1	-16	-16	-7	4	15	-1	-1	-11	3	49	49	-14	-14	8	25	-7	-7	-7	0	0	-10	-1	2	14	-2	-43	-1	-1	-1	5	5	17	-50	-8	3	3	64	64	-18	-18	-31	-31	-13	-32	6	6	20	20	-12	26	2	-17	-17	92	1	-29	-29	-15	30	-65	27	-8	
-6	1	1	1	1	-8	-8	4	4	4	4	4	1	-5	-5	-5	3	3	-3	-4	-4	-11	-11	5	5	-1	-1	0	0	1	-4	7	3	3	-1	-7	-3	-6	-6	-6	-1	-5	-1	-1	-1	-6	-6	-3	-3	-4	-4	2	4	-9	0	0	-2	-3	-3	-3	-2	-2	2	3	-2	-2	-2	3	3	1	2	1	1	-3	-3	-3	-1	-1	4	4	1	-3	-3	-3	-2	-2	-5	5	5	0	0	-5	-2	-2	-2	-2	-3	-4	1	1	-1	-1	2	-4	-4	-2	-2	-1	0	0	0	0	-3	-3	0	0	3	3	4	-3	-3	-6	-6	2	-1	-4	3	-3	-3	0	-5	-1	3	3	-4	-2	-2	-2	-5	-5	-2	1	0	-4	-4	-2	-4	3	3	5	5	-4	6	-4	-6	-6	4	4	-1	-1	2	1	-3	4	2	-1	-1	1	1	-1	-7	0	0	0	9	9	-14	-14	-1	-1	-4	-2	1	1	-2	-2	-4	3	-1	-3	-3	5	2	-2	-2	1	7	-10	-14	-2	
-2	5	5	-2	-2	-5	-5	2	0	0	-5	-5	4	-9	-9	-9	-1	-1	2	2	2	-4	-4	2	2	-1	-1	1	1	1	-9	2	-6	-6	2	-1	-2	-3	-3	-3	-5	9	-4	2	2	-6	-6	-4	-4	-3	-3	2	-2	-4	-5	-5	11	-2	6	6	-4	-4	-1	17	-2	-7	-7	3	3	6	-4	8	8	-3	-3	-5	-6	-6	-4	-4	-12	-1	-1	-1	1	1	2	3	3	9	9	-5	-4	-4	-4	1	-20	1	4	4	7	7	-3	-14	-14	8	8	-1	-1	-1	-1	-1	-10	-10	7	7	5	5	-2	4	4	3	3	5	1	0	-6	-8	-8	2	-3	1	1	1	-2	-2	3	3	-7	-7	5	-2	-1	-1	-1	-16	-2	0	0	3	3	0	2	-5	-4	-4	1	1	-1	-5	8	-2	-2	15	0	2	2	1	1	-4	-1	12	-1	-1	-1	-1	-6	-6	-3	-3	-12	0	6	6	-1	-1	-2	0	1	-2	-2	-3	5	-2	-2	2	0	-4	-3	-14	
-1	-2	-2	6	6	-10	-10	-2	-7	-7	-4	-4	11	-2	-2	-2	-1	-1	4	-6	-6	-7	-7	2	2	-6	-6	7	7	-3	1	-3	-4	-4	-2	-4	-1	1	1	1	-5	-6	1	4	4	0	0	-1	-1	0	0	3	-4	0	-7	-7	1	0	-3	-3	1	1	2	8	-11	-7	-7	-2	-2	10	3	3	3	-6	-6	-4	1	1	3	3	1	-10	-10	-10	3	3	-2	1	1	2	2	1	-3	-3	-3	-2	-3	3	-3	-3	3	3	-1	-1	-1	4	4	-9	-2	-2	0	0	-4	-4	-12	-12	1	1	0	4	4	4	4	-1	10	-4	2	-3	-3	-2	-4	-3	-3	-3	4	5	-1	-1	-1	-1	0	1	-4	-9	-9	5	-1	-5	-5	-3	-3	5	-6	6	-9	-9	0	0	0	-4	-1	-4	-3	3	1	4	4	4	4	-3	-1	-5	-7	-7	-8	-8	4	4	-1	-1	-2	1	6	6	4	4	-7	-6	2	-1	-1	-6	3	-6	-6	3	-5	3	-10	-2	
6	-7	-7	-4	-4	0	0	-16	17	17	-3	-3	12	-6	-6	-6	-17	-17	-11	-4	-4	-3	-3	-14	-14	2	2	-9	-9	17	-32	-39	-7	-7	8	12	11	-2	-2	-2	17	-13	-7	1	1	1	1	26	26	-20	-20	17	35	10	-27	-27	-4	-15	-18	-18	6	6	14	5	0	-15	-15	-11	-11	11	39	24	24	4	4	-8	10	10	-14	-14	1	7	7	7	-4	-4	-9	5	5	-2	-2	7	-16	-16	-16	-5	28	21	-4	-4	4	4	1	-11	-11	-8	-8	10	-13	-13	0	0	-10	-10	-12	-12	3	3	-6	9	9	6	6	-19	26	-7	0	-2	-2	-17	-16	-4	-11	-11	-4	-11	4	4	-1	-1	-16	0	10	-59	-59	38	-2	-10	-10	6	6	18	1	-1	1	1	21	21	1	0	-22	15	-7	8	26	14	14	-37	-37	18	5	-10	1	1	-18	-18	-17	-17	-2	-2	3	-4	-20	-20	19	19	-1	-2	-6	0	0	-3	29	-6	-6	-2	1	-6	-1	-27	
-6	-1	-1	1	1	-1	-1	2	0	0	-7	-7	7	-2	-2	-2	-4	-4	-2	2	2	-7	-7	-6	-6	-2	-2	1	1	3	-2	-6	2	2	2	3	0	-2	-2	-2	0	-4	-1	0	0	-1	-1	5	5	-2	-2	2	3	-6	-3	-3	-2	-2	1	1	0	0	1	5	-4	-4	-4	-7	-7	2	-2	2	2	4	4	0	0	0	2	2	-1	-1	-1	-1	-4	-4	-1	-4	-4	-2	-2	-3	-1	-1	-1	-3	1	7	-7	-7	3	3	2	-3	-3	-5	-5	0	-1	-1	1	1	0	0	-1	-1	-2	-2	0	1	1	-2	-2	-4	4	-1	-3	-2	-2	-1	1	0	-3	-3	0	5	4	4	0	0	-5	-1	3	-12	-12	3	0	-3	-3	-3	-3	4	-5	-1	-3	-3	-2	-2	0	4	-2	1	-1	3	7	2	2	-1	-1	-2	-1	-4	-1	-1	-2	-2	-1	-1	-3	-3	-2	-4	-3	-3	3	3	-1	-2	-5	-3	-3	-1	2	-5	-5	4	-3	-4	1	0	
-3	0	0	0	0	-2	-2	-1	-3	-3	0	0	2	1	1	1	-1	-1	-2	0	0	-3	-3	-3	-3	-2	-2	-1	-1	1	-1	0	-3	-3	0	0	-3	-1	-1	-1	-2	-3	-1	0	0	1	1	1	1	0	0	1	0	-2	-2	-2	-6	-1	1	1	-1	-1	-1	-2	-2	-3	-3	-1	-1	-2	-1	0	0	0	0	-2	-1	-1	2	2	0	-2	-2	-2	-1	-1	-1	0	0	-1	-1	-3	-1	-1	-1	-1	0	3	-4	-4	0	0	3	-2	-2	0	0	-3	-1	-1	-2	-2	-1	-1	-2	-2	-1	-1	-1	-1	-1	0	0	-1	-1	1	0	-5	-5	0	0	1	0	0	-1	0	-1	-1	-1	-1	-2	0	0	-2	-2	0	-5	1	1	-3	-3	-1	-1	0	-2	-2	-1	-1	1	1	-3	-1	-2	-1	1	1	1	1	1	-6	-1	-1	-1	-1	0	0	-1	-1	0	0	-2	-5	-2	-2	0	0	-1	-2	-2	-1	-1	2	0	-2	-2	0	-4	-4	-1	-1	
-3	1	1	-1	-1	-7	-7	2	-4	-4	2	2	0	1	1	1	3	3	2	-4	-4	-9	-9	0	0	-1	-1	6	6	1	-2	-2	-5	-5	1	2	-5	-1	-1	-1	0	-2	-1	2	2	1	1	-1	-1	-2	-2	-2	-1	1	0	0	-8	1	3	3	-2	-2	-1	-1	-4	0	0	-1	-1	-1	-2	0	0	-2	-2	-3	-1	-1	0	0	1	-2	-2	-2	-2	-2	2	1	1	-5	-5	0	3	3	3	-3	-2	0	0	0	0	0	0	-5	-5	-3	-3	-3	-1	-1	-5	-5	0	0	-1	-1	1	1	-2	-1	-1	1	1	0	-3	-2	-1	-1	-1	-1	2	0	-2	-2	-6	2	1	1	-1	-1	0	1	0	1	1	2	-2	4	4	-3	-3	2	3	-2	-4	-4	-4	-4	0	0	-4	1	0	-4	-1	2	2	0	0	-2	-2	-3	-2	-2	0	0	1	1	-2	-2	-1	-4	2	2	2	2	-1	-4	0	-3	-3	8	-4	-6	-6	0	4	-7	1	-4	
Trial:8
-2	-30	2	-11	-11	-10	5	-4	-9	-9	3	5	-4	-9	-8	-8	32	-19	-13	20	20	-33	16	0	-7	-7	6	6	-12	-8	5	10	-2	31	9	12	12	-22	-22	-8	14	-7	8	8	1	1	-9	-9	-6	-6	-8	12	12	11	11	66	6	-14	-32	-32	-13	-13	-18	-18	-19	-19	-6	-12	14	7	7	-25	-9	1	-6	-3	-8	-16	5	6	12	12	-11	-15	-3	-23	-23	9	0	4	9	9	41	-2	-20	-13	13	-1	-4	18	18	-4	-4	-3	-19	-24	-5	-1	-1	53	53	-27	-13	-13	-21	-21	11	-1	-5	-5	-3	-3	2	-36	-36	-7	-7	-8	32	12	12	-12	5	-6	7	7	3	3	57	23	-11	22	22	-8	14	6	-33	-33	-6	3	1	1	32	32	-28	-10	4	13	13	1	1	-9	-9	-5	-5	-9	-8	-5	-15	-15	-9	-9	-1	-21	-21	23	23	-10	40	40	-4	-4	-11	16	-1	-1	-37	-37	7	-4	-6	-2	-4	-4	-9	11	11	-22	-22	8	
-2	-4	-1	-1	-1	2	-3	1	4	4	-8	-7	12	2	2	2	-2	3	-14	6	6	-3	-4	-4	3	3	-2	-2	-8	5	4	4	-1	1	-3	11	11	-9	-9	-7	-1	-1	1	1	-3	-3	1	1	-1	-1	-4	2	2	-1	-1	14	-4	-9	-5	-5	11	11	-3	-3	-11	-11	-3	-1	0	-5	-5	6	-6	-1	6	-1	-4	-2	1	-4	2	2	-4	2	-8	4	4	0	-3	-4	3	3	3	-3	-2	-4	-4	-6	2	-2	-2	0	0	3	3	-3	-4	-2	-2	-9	-9	0	0	0	-1	-1	-1	-3	1	1	-6	-6	1	-4	-4	0	0	1	8	8	8	-5	-4	-1	2	2	0	0	2	-1	-2	5	5	-2	-5	3	-6	-6	4	-3	-3	-3	-8	-8	-4	-1	0	-4	-4	5	-3	7	7	-4	-4	-5	-1	-8	-4	-4	-4	-4	0	-4	-4	-2	-2	-1	6	6	-10	-10	-5	0	3	3	-8	-8	4	3	-1	7	-2	-2	2	-4	-4	-1	-1	-5	
-6	6	-2	-11	-11	1	-4	-7	-3	-3	0	6	8	-3	1	1	-7	-2	1	-15	-15	6	-4	-4	0	0	7	7	-9	7	3	-1	-2	-2	4	-4	-4	-2	-2	1	-1	-4	6	6	-2	-2	0	0	0	0	4	-2	-2	-6	-6	-3	-4	0	-5	-5	19	19	-4	-4	-5	-5	-3	-1	-3	-4	-4	6	-8	1	3	-7	2	-2	2	9	-6	-6	-4	0	-11	-1	-1	10	-9	-4	1	1	-3	1	2	1	-9	-5	2	-2	-2	-2	-2	-1	-3	-17	-1	8	8	-3	-3	-7	13	13	3	3	-2	1	-1	-1	-5	-5	2	-3	-3	4	4	2	5	-17	-17	2	0	-1	1	1	4	4	3	0	-5	-1	-1	2	-6	0	-2	-2	2	0	-1	-1	-4	-4	-7	4	-5	-2	-2	2	3	5	5	3	3	-2	-1	-2	-3	-3	3	3	-6	-9	-9	-19	-19	3	5	5	0	0	3	5	-1	-1	4	4	0	-1	-15	3	6	6	-7	-2	-2	-10	-10	-8	
-2	-10	-3	-11	-11	7	-1	-7	3	3	0	-7	4	-2	2	2	-6	-4	0	1	1	1	-4	-2	1	1	2	2	-3	3	-2	6	-1	0	2	-2	-2	-6	-6	5	-6	-3	1	1	1	1	3	3	-2	-2	0	-5	-5	-11	-11	1	1	4	-3	-3	5	5	-8	-8	-1	-1	7	-4	-3	-12	-12	-1	-7	5	1	-4	1	1	-3	3	1	1	-1	7	-7	-1	-1	3	-4	-8	3	3	-4	3	5	3	-4	2	-3	-4	-4	-1	-1	-9	-5	2	-3	1	1	0	0	-3	4	4	-6	-6	-7	-1	5	5	3	3	-5	4	4	4	4	7	0	-3	-3	0	-1	-3	-1	-1	4	4	-7	-11	-3	-4	-4	-4	0	6	-2	-2	-2	2	-3	-3	-5	-5	1	-1	-4	-1	-1	3	2	4	4	-11	-11	1	-3	-2	2	2	-3	-3	4	-1	-1	-7	-7	4	1	1	-2	-2	-1	2	-4	-4	2	2	-2	4	-5	-6	0	0	-4	1	1	-13	-13	-4	
-10	-11	-9	-49	-49	22	15	-1	-1	-1	-20	-28	13	-9	2	2	2	-15	-10	1	1	-1	-49	19	-12	-12	9	9	4	43	-4	-1	-1	-13	-6	10	10	-18	-18	7	8	22	-1	-1	-9	-9	-11	-11	-5	-5	7	-8	-8	15	15	0	-5	13	-6	-6	-13	-13	-6	-6	16	16	34	-25	-15	-18	-18	-2	-30	-8	6	27	20	-5	-8	-2	16	16	-21	3	-40	-2	-2	10	5	-5	4	4	-9	-13	-3	-4	-27	-9	-10	-8	-8	11	11	-12	-30	33	26	-12	-12	26	26	-8	-2	-2	-11	-11	-44	13	-13	-13	23	23	14	0	0	-3	-3	7	-9	21	21	-44	14	-10	18	18	22	22	27	-42	-2	-24	-24	-46	19	1	3	3	3	2	13	13	-11	-11	-3	18	3	18	18	-1	-10	-8	-8	-66	-66	14	3	-9	4	4	10	10	33	-5	-5	-7	-7	13	-6	-6	20	20	4	0	-2	-2	3	3	-11	8	-12	-2	27	27	-2	-5	-5	-47	-47	6	
-1	-2	-8	-18	-18	7	0	1	-3	-3	-7	-10	4	-3	1	1	1	-2	-2	2	2	0	-7	2	-3	-3	6	6	-1	4	-1	1	-5	-2	-1	-5	-5	0	0	-1	2	0	3	3	-5	-5	-1	-1	0	0	-2	-1	-1	1	1	-1	-8	-3	-4	-4	-1	-1	-2	-2	7	7	5	0	1	-12	-12	-7	-6	3	-1	2	4	-5	-1	2	1	1	-2	-2	-12	-2	-2	2	0	0	0	0	-2	-8	2	0	-3	-4	5	-8	-8	2	2	1	-3	2	-2	-1	-1	0	0	-3	-1	-1	-3	-3	-8	2	-4	-4	6	6	-1	-2	-2	0	0	3	1	3	3	-9	1	3	-5	-5	3	3	5	-3	2	-2	-2	-7	0	3	-4	-4	2	0	0	0	-7	-7	-1	4	-1	1	1	2	-7	0	0	-9	-9	0	1	-1	0	0	1	1	5	-2	-2	-1	-1	-1	-1	-1	4	4	-2	-4	1	1	-2	-2	-2	1	-6	-1	-1	-1	1	-1	-1	-5	-5	-2	
1	-3	-2	-4	-4	2	-2	-2	-1	-1	-4	-3	-2	-2	1	1	-2	-3	1	-3	-3	-1	-2	0	-2	-2	1	1	-1	2	-2	-2	-1	-3	-1	-1	-1	-2	-2	2	2	0	-1	-1	-2	-2	-2	-2	2	2	-3	-1	-1	-1	-1	2	-3	-2	-2	-2	0	0	2	2	1	1	-4	1	-1	-6	-6	-2	-1	3	-4	-2	0	-3	-1	0	0	0	0	-4	-5	1	1	-1	-1	-2	-3	-3	0	-1	-2	-1	-1	-1	2	1	1	-2	-2	-2	-3	1	0	1	1	0	0	-2	-2	-2	-5	-5	-2	0	-1	-1	1	1	0	-1	-1	-3	-3	1	2	1	1	-1	1	0	-2	-2	-1	-1	0	-4	-1	-1	-1	-2	-3	-2	-1	-1	1	-2	0	0	-4	-4	-1	0	-2	0	0	0	-5	0	0	-1	-1	-1	0	-5	0	0	0	0	2	-3	-3	-1	-1	-1	0	0	0	0	-2	0	0	0	-3	-3	-4	1	-3	0	0	0	-1	-1	-1	-2	-2	-2	
-1	-1	-3	-4	-4	1	-6	0	2	2	-5	1	-1	-2	2	2	3	-3	-4	1	1	0	1	-1	-2	-2	0	0	-2	3	-2	0	0	-5	0	2	2	-3	-3	-3	4	-1	2	2	0	0	-3	-3	-3	-3	-4	-1	-1	-3	-3	8	-1	-4	-9	-9	0	0	-1	-1	4	4	-3	0	2	-4	-4	-4	-4	3	-3	-1	2	-4	2	0	1	1	-5	-1	-8	2	2	0	-1	0	-1	-1	2	1	-2	-4	3	-2	-2	-3	-3	-1	-1	2	-5	2	-2	1	1	2	2	-4	-3	-3	-6	-6	-6	1	3	3	1	1	-1	-2	-2	0	0	-3	3	2	2	-6	1	-2	-3	-3	0	0	3	-4	-1	-2	-2	-3	0	0	-5	-5	-2	-3	0	0	-1	-1	-2	-2	0	0	0	1	0	2	2	-2	-2	-2	-1	-1	-2	-2	-3	-3	1	-1	-1	-2	-2	-1	0	0	0	0	-3	0	1	1	-5	-5	0	-1	-3	1	1	1	-2	0	0	-2	-2	0	
Trial:9
32	32	3	15	9	6	6	14	14	-27	-27	-24	-24	-37	-31	25	-14	-14	12	20	9	-16	-16	-19	-19	23	-7	-7	-21	-21	-18	-18	12	12	5	5	11	0	0	8	8	-59	-59	12	-2	-2	-9	-9	-12	-12	-2	7	32	0	0	-27	-27	14	13	21	-14	-14	22	28	1	1	-21	-21	-48	-10	-6	4	4	14	5	-31	-34	17	17	11	-9	65	-5	-5	23	23	-3	-5	-5	-24	-31	-12	-5	1	1	-30	10	7	7	-38	-38	2	5	-14	2	2	4	4	4	17	8	8	-17	-17	14	-2	-2	82	82	-21	-21	-9	-9	-1	-1	41	41	-32	-14	-14	14	14	-15	-15	-7	-7	-2	-11	-11	-18	-5	-5	-28	3	3	1	1	-3	-41	-41	21	-2	-2	-35	15	15	6	6	13	13	56	56	-21	-21	22	28	28	6	6	-29	-20	17	17	17	-38	2	12	39	-24	-24	-10	6	19	-25	-25	0	94	8	4	4	-25	-6	-33	-33	3	3	-44	-44	8	9	
-3	-3	-1	-4	-2	-2	-2	0	0	-1	-1	3	3	-1	-3	-4	1	1	-7	2	-4	-1	-1	1	1	-3	9	9	1	1	-5	-5	1	1	1	1	-7	0	0	1	1	-4	-4	-3	3	3	-1	-1	0	0	0	-4	6	0	0	-7	-7	0	-1	-1	2	2	1	2	-3	-3	-8	-8	-3	-3	0	0	0	-5	-1	-3	-5	-1	-1	6	-2	6	-2	-2	-5	-5	2	-7	-7	1	-5	-5	-1	0	0	0	-2	0	0	-2	-2	0	-3	-1	-3	-3	-10	-10	-10	1	4	4	-3	-3	7	-3	-3	5	5	-5	-5	-3	-3	1	1	5	5	-4	-2	-2	1	1	-4	-4	2	2	-1	-5	-5	-2	3	3	-5	-5	-5	-1	-1	-6	1	1	-1	2	2	-1	-1	-1	2	2	-1	-1	-5	-5	-3	-3	2	3	3	2	2	-7	0	2	-1	-1	-7	-5	7	5	-4	-4	0	1	0	2	2	-3	-4	7	-4	-4	-1	-5	-2	-2	-1	-1	-5	-5	-2	-4	
-4	-4	-3	4	-1	15	15	0	0	-2	-2	1	1	1	3	-7	1	1	0	-3	0	2	2	1	1	-5	3	3	-7	-7	-2	-2	-1	-1	-3	-3	-4	-1	-1	0	0	11	11	-6	-4	-4	0	0	-3	-3	-2	5	11	-6	-6	-7	-7	-4	-2	-19	11	11	2	-2	-15	-15	6	6	8	-3	0	3	3	-2	-21	-3	5	-5	-5	0	1	3	-2	-2	-4	-4	5	-3	-3	-6	2	-2	11	-7	-7	2	-2	-10	-10	14	14	-1	-6	-2	-9	-9	-6	-6	-6	16	0	0	-1	-1	-5	-3	-3	-12	-12	1	1	-3	-3	-4	-4	4	4	-9	-5	-5	-5	-5	-1	-1	0	0	13	-5	-5	0	2	2	-1	-17	-17	3	3	1	2	2	-1	2	2	10	-2	-2	-3	-3	-1	-1	-6	-6	-1	-1	-2	0	0	4	4	-3	1	-6	-5	-5	-1	3	1	7	-2	-2	5	4	-4	2	2	-6	-3	2	2	2	8	4	-4	-4	-1	-1	-4	-4	-1	1	
-8	-8	-9	-2	-5	-2	-2	-1	-1	0	0	8	8	2	2	-5	5	5	0	4	-1	-4	-4	-3	-3	-10	3	3	-2	-2	2	2	0	0	2	2	2	-2	-2	-1	-1	7	7	-7	-15	-15	1	1	-2	-2	4	-4	9	4	4	-2	-2	-4	0	-4	0	0	3	-2	-6	-6	1	1	8	8	0	2	2	1	-8	-7	3	-7	-7	-4	2	0	0	0	-6	-6	6	-6	-6	1	0	0	-2	3	3	11	-4	-9	-9	0	0	0	-3	3	-2	-2	-10	-10	-10	1	0	0	5	5	-5	1	1	-2	-2	-2	-2	-2	-2	-7	-7	2	2	-1	-5	-5	-1	-1	-7	-7	-12	-12	-2	0	0	-1	4	4	-1	4	4	-8	-8	-2	8	8	-12	-4	-4	-1	2	2	-6	-6	-4	-4	-5	-5	-10	-10	3	2	2	-1	-1	3	-6	-6	-6	-6	4	-3	-4	1	4	4	6	-7	-6	2	2	-12	5	1	4	4	6	0	-4	-4	8	8	-7	-7	-4	1	
-16	-16	4	-24	20	-8	-8	-4	-4	49	49	-16	-16	-9	-24	-37	28	28	-9	-5	-37	13	13	10	10	-39	12	12	-38	-38	1	1	27	27	9	9	12	-4	-4	-2	-2	10	10	-1	17	17	-15	-15	4	4	5	-8	-5	4	4	-4	-4	-45	-4	2	15	15	12	-4	10	10	-1	-1	-1	13	-17	10	10	0	-1	-1	4	-7	-7	2	23	5	-14	-14	-24	-24	-19	-2	-2	1	-22	13	-19	12	12	6	-2	35	35	-3	-3	11	-29	9	13	13	-15	-15	-15	13	-20	-20	10	10	-6	1	1	8	8	-5	-5	-11	-11	-8	-8	-10	-10	5	-4	-4	20	20	-48	-48	-19	-19	-7	9	9	-37	30	30	5	2	2	5	5	22	-16	-16	3	-43	-43	12	-6	-6	3	3	-12	-12	-6	-6	-3	-3	21	-2	-2	-7	-7	13	-42	-1	-8	-8	15	-19	-18	14	-7	-7	15	-6	17	-8	-8	-17	4	4	7	7	3	4	2	2	-6	-6	-8	-8	-11	-6	
0	0	-6	-1	0	-2	-2	3	3	1	1	-5	-5	-2	-5	-8	3	3	1	3	-2	0	0	2	2	-11	2	2	-3	-3	2	2	2	2	2	2	-3	-3	-3	-2	-2	0	0	1	-7	-7	-3	-3	1	1	2	-3	1	-1	-1	0	0	-9	-1	0	2	2	2	2	2	2	0	0	-2	2	-3	-4	-4	1	1	-3	-2	-2	-2	5	-2	-1	-1	-1	-6	-6	-6	-2	-2	3	-1	1	-4	4	4	1	-3	-1	-1	0	0	5	-4	-3	-4	-4	0	0	0	-5	-2	-2	1	1	2	2	2	1	1	-2	-2	-4	-4	-2	-2	-1	-1	-5	0	0	0	0	-4	-4	-2	-2	1	0	0	-6	3	3	2	-2	-2	-5	-5	-1	1	1	-2	-7	-7	-1	0	0	4	4	-5	-5	-11	-11	-5	-5	3	4	4	0	0	1	-8	0	0	0	-3	-4	-2	0	1	1	4	-2	-3	-1	-1	-7	0	5	0	0	1	4	0	0	0	0	-5	-5	-4	0	
-1	-1	-3	-3	-2	-2	-2	1	1	-1	-1	-2	-2	0	-1	-3	1	1	3	2	-1	-1	-1	-2	-2	-4	-1	-1	-1	-1	1	1	1	1	0	0	-3	-2	-2	-2	-2	-1	-1	-2	-2	-2	1	1	0	0	-1	-1	0	-1	-1	-3	-3	-3	-1	-2	-2	-2	0	-1	1	1	0	0	-2	-1	2	-3	-3	-2	-1	-5	-2	0	0	-1	-2	0	0	0	0	0	-1	-1	-1	-2	0	1	-3	-2	-2	0	-1	-2	-2	-3	-3	0	-3	0	-2	-2	-1	-1	-1	-1	-1	-1	0	0	-2	-1	-1	1	1	0	0	-4	-4	-2	-2	0	0	-3	-1	-1	-1	-1	0	0	-3	-3	1	-1	-1	0	-3	-3	1	-2	-2	-2	-2	-1	-2	-2	-3	-3	-3	-1	0	0	0	0	-3	-3	-2	-2	-2	-2	1	-2	-2	0	0	0	-2	-3	-5	-5	1	-1	0	-2	-1	-1	3	1	0	-2	-2	-3	2	1	-1	-1	0	0	-1	-1	0	0	-2	-2	-5	-1	
8	8	-1	-1	-8	-1	-1	1	1	-1	-1	-5	-5	-2	0	-2	1	1	1	1	4	-6	-6	-6	-6	-1	-2	-2	-3	-3	-5	-5	-1	-1	3	3	1	-1	-1	0	0	-1	-1	-1	-4	-4	-2	-2	-4	-4	-2	-3	6	1	1	-5	-5	0	0	1	-3	-3	1	-1	2	2	-4	-4	-6	1	-2	-4	-4	2	-4	-8	-6	1	1	0	-4	8	-1	-1	-3	-3	2	0	0	-5	-5	-2	-2	-2	-2	-4	-1	2	2	-2	-2	-3	-1	-2	0	0	-2	-2	-2	-1	-1	-1	0	0	1	-1	-1	11	11	-5	-5	-4	-4	-1	-1	6	6	-6	-1	-1	4	4	-4	-4	-4	-4	-3	-5	-5	-2	3	3	-2	2	2	-4	-4	-2	-5	-5	-4	-1	-1	-4	-1	-1	4	4	0	0	-2	-2	-2	-2	5	-2	-2	1	1	-5	-3	0	-6	-6	-4	-2	2	3	0	0	1	1	3	-3	-3	-5	3	2	0	0	-1	1	-1	-1	-1	-1	-4	-4	-4	0	
Trial:10
47	9	5	-17	-17	1	9	-15	-12	-33	-5	-19	-19	-19	15	15	18	18	6	25	25	-4	-4	-9	3	3	-17	-17	-6	-6	27	27	-26	-26	34	1	-9	-9	-3	-3	-12	-12	11	-12	-12	34	34	-18	-18	25	25	-46	-9	-9	0	0	4	-18	-18	-4	-4	-4	30	14	-11	-4	-4	-3	-9	-9	-2	-1	-1	-4	4	21	45	45	-11	3	-21	-21	1	1	22	0	27	-11	-11	-12	8	-32	5	-4	-4	0	18	19	-17	-17	-4	-9	-6	15	15	17	17	-18	-18	-23	-23	11	11	-12	-17	-17	15	15	5	10	10	-2	3	3	-15	-1	-1	-13	-13	-4	7	7	7	-7	-7	3	-18	-18	32	32	20	-16	-16	-4	-4	-10	-34	-34	1	1	-48	-7	12	12	38	38	-39	34	11	-2	-2	-2	-30	-18	8	-12	-12	-1	-33	-15	-14	65	65	1	11	-10	9	9	-25	30	4	4	-7	-7	-11	-24	5	-15	-15	11	11	40	-17	-17	-34	-34	-48	7	-33	-33	
-2	2	-2	3	3	0	2	1	-8	-1	-2	4	-4	-4	2	2	-2	-2	2	2	2	5	5	-5	-6	-6	-3	-3	-7	-7	2	2	-2	-2	-3	-9	-2	-2	-8	-8	-4	-4	2	-2	-2	-2	-2	3	3	-1	-1	1	-3	-3	-1	-1	3	1	1	-4	-4	-4	-2	0	3	-2	-2	1	0	0	8	0	0	-2	0	-4	4	4	2	4	-5	-5	-2	-2	8	-9	-6	-3	-3	-3	-2	1	-6	-4	-4	-3	1	-1	2	2	-1	-2	-2	1	1	-3	-3	0	0	1	1	-1	-1	-2	0	0	-2	-2	8	-3	-3	3	-5	-5	1	-1	-1	-5	-5	-3	4	4	4	-7	-7	-2	0	0	0	0	0	-6	-6	3	3	-1	-7	-7	-1	-1	-4	7	-2	-2	-1	-1	-3	-1	0	-4	-4	-4	-10	5	-1	-1	-1	-1	-6	-1	-4	0	0	-1	-2	-4	-2	-2	-9	1	2	2	2	2	-1	-1	4	3	3	-2	-2	3	5	5	0	0	-3	0	-6	-6	
6	-3	3	2	2	-2	5	8	-10	0	0	1	-4	-4	1	1	-3	-3	4	1	1	4	4	-6	-4	-4	1	1	-2	-2	-2	-2	-9	-9	1	-11	4	4	-7	-7	-8	-8	2	-4	-4	-1	-1	3	3	-1	-1	0	-19	-19	3	3	5	4	4	0	0	0	-2	-17	2	-1	-1	1	3	3	-6	5	5	-2	6	-9	2	2	-1	0	-6	-6	3	3	-9	-1	2	-4	-4	-1	2	0	5	-1	-1	-1	4	-8	0	0	5	-6	0	4	4	-8	-8	2	2	-3	-3	3	3	0	6	6	-1	-1	1	-1	-1	5	-5	-5	-2	2	2	-4	-4	-3	2	2	2	-10	-10	2	2	2	-1	-1	4	-21	-21	5	5	-1	-6	-6	10	10	12	5	-6	-6	2	2	-3	4	-1	-1	-1	-1	0	2	0	-5	-5	0	-1	0	6	-1	-1	-1	-8	-3	0	0	2	-2	4	4	-4	-4	0	0	2	-2	-2	-1	-1	1	5	5	-1	-1	-4	-4	-6	-6	
-5	-3	1	-6	-6	-3	2	-1	-6	0	1	2	-2	-2	0	0	0	0	-1	-3	-3	2	2	-2	-4	-4	6	6	-2	-2	-1	-1	-4	-4	-3	-5	3	3	-8	-8	3	3	-1	-2	-2	-12	-12	9	9	-2	-2	3	-10	-10	4	4	1	2	2	2	2	2	-2	2	-4	3	3	-5	-4	-4	-8	4	4	0	1	-1	-10	-10	1	-3	3	3	-2	-2	2	0	3	0	0	-3	1	3	1	-2	-2	1	-1	1	-5	-5	2	2	-11	-12	-12	1	1	6	6	1	1	2	2	4	3	3	-2	-2	0	-7	-7	4	-10	-10	1	-12	-12	-2	-2	-2	6	6	6	10	10	2	0	0	-2	-2	1	-6	-6	5	5	-3	-17	-17	0	0	3	-2	2	2	1	1	0	3	-5	-5	-5	-5	2	5	0	1	1	-4	-1	2	3	-1	-1	2	1	2	-4	-4	5	4	-1	-1	-2	-2	-3	2	-1	-6	-6	-1	-1	3	-1	-1	4	4	-1	-2	-5	-5	
-6	-4	21	-33	-33	-6	-5	13	-6	7	-33	15	8	8	9	9	-24	-24	-4	17	17	4	4	23	4	4	-5	-5	23	23	-5	-5	20	20	-34	9	14	14	-19	-19	-5	-5	-8	-27	-27	-17	-17	10	10	-36	-36	0	11	11	37	37	3	5	5	2	2	2	-14	10	-6	-2	-2	21	-23	-23	4	-19	-19	-3	5	6	-18	-18	-3	10	-1	-1	1	1	4	-5	17	2	2	2	-2	-7	5	24	24	4	-16	-26	-9	-9	9	-19	-74	4	4	23	23	-1	-1	18	18	2	2	-17	-12	-12	-1	-1	15	14	14	-3	-5	-5	-6	-6	-6	-1	-1	-8	26	26	26	7	7	-5	-9	-9	33	33	0	34	34	-8	-8	-10	-18	-18	-32	-32	-7	-5	6	6	3	3	-26	-14	13	-42	-42	-42	31	-4	2	14	14	-65	-7	27	2	3	3	23	-14	9	-50	-50	20	10	28	28	14	14	-3	-29	13	-2	-2	-6	-6	-15	-30	-30	19	19	-4	-22	2	2	
-1	-4	1	-3	-3	2	-2	2	-4	-4	-6	3	-3	-3	5	5	-3	-3	0	-5	-5	2	2	2	0	0	-2	-2	3	3	-5	-5	2	2	-6	0	-3	-3	-7	-7	2	2	-4	-2	-2	-4	-4	4	4	-5	-5	2	3	3	10	10	-6	-2	-2	-5	-5	-5	-1	3	1	2	2	1	-5	-5	-1	-1	-1	-5	0	3	-6	-6	3	3	-2	-2	-2	-2	1	-4	-3	0	0	-8	-2	2	-4	4	4	0	-3	-7	-6	-6	2	-2	-6	0	0	6	6	3	3	-2	-2	-5	-5	-1	-4	-4	-1	-1	-2	-1	-1	1	-4	-4	3	0	0	-3	-3	-4	3	3	3	1	1	-1	-1	-1	5	5	0	5	5	2	2	-6	-9	-9	-5	-5	1	2	1	1	1	1	-3	-6	-3	-9	-9	-9	1	0	-7	10	10	-12	0	4	2	-3	-3	-3	-1	5	2	2	-3	-1	3	3	2	2	2	-6	3	-1	-1	-4	-4	-1	-8	-8	0	0	-2	-1	-2	-2	
-2	-2	2	-1	-1	0	0	-5	-2	1	-4	2	0	0	-1	-1	-1	-1	0	-3	-3	-1	-1	-1	-1	-1	-2	-2	-3	-3	2	2	-3	-3	-3	0	1	1	-2	-2	-2	-2	0	0	0	-2	-2	-1	-1	0	0	2	0	0	-2	-2	-2	-1	-1	-1	-1	-1	0	1	-2	1	1	0	-2	-2	-3	1	1	-3	-1	1	-2	-2	1	0	-1	-1	-2	-2	0	0	0	-3	-3	-5	-2	2	1	-1	-1	0	-3	-5	1	1	0	-2	-4	-3	-3	3	3	-2	-2	-2	-2	-1	-1	-1	-2	-2	-1	-1	-1	-1	-1	3	-3	-3	2	-1	-1	-3	-3	-3	1	1	1	-2	-2	1	-2	-2	-1	-1	-1	2	2	-3	-3	-4	-4	-4	1	1	-1	0	1	1	0	0	0	-1	-5	-1	-1	-1	-2	3	0	0	0	-2	-1	-2	2	-1	-1	-3	-1	4	-2	-2	-1	-2	-1	-1	1	1	0	1	-1	0	0	-1	-1	1	-6	-6	1	1	-3	1	-2	-2	
1	0	-1	0	0	0	3	0	0	-4	-7	-1	-2	-2	1	1	-2	-2	-1	0	0	-1	-1	-2	-4	-4	0	0	-2	-2	3	3	-4	-4	1	-1	-1	-1	-6	-6	-4	-4	0	0	0	1	1	-1	-1	4	4	-2	-3	-3	-3	-3	-7	-1	-1	-1	-1	-1	2	-1	-3	-1	-1	1	-1	-1	-1	-1	-1	-2	-2	3	0	0	-2	2	-3	-3	-1	-1	3	1	2	-4	-4	-6	-5	2	1	1	1	-1	5	-4	0	0	-1	-3	-2	-4	-4	3	3	-2	-2	-1	-1	-1	-1	-4	-4	-4	3	3	-1	0	0	1	-2	-2	-1	-1	-1	-3	-3	-1	2	2	2	0	0	-1	-2	-2	-2	-2	2	-2	-2	1	1	-5	-4	-4	-1	-1	-3	0	0	0	0	0	-3	4	2	-3	-3	-3	-6	-2	-1	-1	-1	0	-2	-1	1	6	6	-3	-4	1	-2	-2	-3	2	0	0	-2	-2	-3	-1	3	-4	-4	-2	-2	2	-5	-5	2	2	-6	3	-5	-5	
Trial:11
13	-17	-17	0	-6	-15	17	17	-14	-14	22	-20	6	6	-6	-6	12	-19	33	-13	-13	-21	22	11	11	-6	-6	-12	-22	-13	5	5	5	-22	-12	-8	3	3	-7	-27	7	-1	-1	25	-48	-28	-3	-3	27	1	-35	-4	-4	19	21	-52	-52	-31	-31	76	-1	-26	-19	-19	-5	-26	-6	-6	3	-23	41	-34	8	-6	-6	-10	-10	-10	18	18	31	-42	-42	46	2	2	-11	-11	-50	-12	-20	5	-2	-31	-5	52	52	-1	-1	45	0	-16	-3	-3	-16	-7	-5	-14	-14	17	17	11	11	43	43	-10	-35	-10	19	19	11	-20	-9	-9	-1	-1	-21	-9	-32	1	4	-2	6	27	27	-25	6	-20	-11	1	-14	-14	-9	-6	-60	9	9	9	-22	18	-1	-37	-37	11	12	11	15	15	30	30	1	24	24	-13	3	-20	-18	-2	-20	22	-19	-34	-8	52	-12	-12	-16	-19	28	28	-15	-15	-16	-13	7	2	2	-26	-21	-2	-2	-5	-5	-15	31	1	1	33	-12	16	
1	2	2	-3	-5	-1	2	2	-3	-3	0	1	0	0	-2	-2	1	-5	3	-2	-2	-2	4	0	0	-2	-2	-6	1	0	1	1	3	-2	0	-2	-2	-2	-1	-3	-3	-1	-1	0	-3	-8	-4	-4	0	1	1	-6	-6	1	0	-3	-3	3	3	7	-2	-6	0	0	-4	-6	-3	-3	-4	-2	0	-3	0	-3	-3	2	2	2	2	2	3	-5	-5	10	-3	-3	-6	-6	-5	-2	-1	1	-5	1	-5	8	8	0	0	1	2	-5	1	1	-5	-3	1	-3	-3	2	2	-1	-1	0	0	1	-3	-1	1	1	5	-2	-4	-4	-2	-2	3	2	-8	2	2	-1	-2	2	2	-2	-9	-3	-6	0	-1	-1	-2	-4	-6	1	1	-4	-2	5	1	-2	-2	-1	-4	-1	-2	-2	3	3	1	-1	-1	-4	-3	-5	3	-5	-2	-2	-1	-3	-1	-5	-3	-3	-5	-1	0	0	1	1	-2	0	1	1	1	-7	-1	0	0	-1	-1	-1	-1	0	0	1	1	3	
4	2	2	0	-6	2	2	2	0	0	6	1	-5	-5	-3	-3	1	-11	-2	-6	-6	7	-5	-3	-3	-5	-5	-8	1	6	2	2	6	-3	-2	-11	2	2	-1	-11	-5	4	4	-15	-2	-4	-3	-3	-4	10	5	-3	-3	-2	-5	-2	-2	-5	-5	13	-14	1	-10	-10	2	-7	3	3	-14	2	1	-1	2	-4	-4	11	11	11	0	0	1	-8	-8	2	-5	-5	-3	-3	-2	3	1	-5	-1	-3	-2	3	3	10	10	-6	-4	-9	1	1	-3	1	5	-2	-2	-6	-6	1	1	1	1	11	-5	-7	-5	-5	7	4	-21	-21	7	7	-3	7	-4	0	5	-2	-3	7	7	-1	-1	3	-1	-5	1	1	-7	-2	-12	5	5	-3	-4	5	6	3	3	4	-12	-2	-1	-1	-2	-2	6	-2	-2	-18	-8	-3	0	-8	-5	2	0	-1	4	-19	1	1	-4	0	0	0	-1	-1	4	0	3	0	0	-1	-5	0	0	1	1	5	6	-4	-4	-4	9	0	
3	-4	-4	-5	0	-4	-2	-2	1	1	5	0	-6	-6	11	11	2	-2	-1	-2	-2	-5	-5	-7	-7	0	0	-1	-1	5	-4	-4	1	1	4	0	1	1	-4	3	-16	1	1	-5	-7	5	-4	-4	-1	3	-2	-2	-2	2	0	-1	-1	4	4	6	-2	-9	4	4	-4	-15	1	1	-1	4	3	-1	-3	-15	-15	4	4	4	-8	-8	-5	4	4	-1	2	2	0	0	-1	0	3	-4	-9	6	-7	3	3	2	2	-2	-3	0	2	2	-7	4	2	2	2	-7	-7	-1	-1	-5	-5	7	-1	-2	-4	-4	-1	-2	-4	-4	4	4	-3	-1	-4	-1	-2	2	-3	7	7	-4	-1	-2	-2	4	2	2	-1	-1	0	2	2	0	-2	0	-4	5	5	2	-3	-7	0	0	-6	-6	-4	6	6	-7	-2	-11	-2	-2	-4	1	2	-4	1	4	-3	-3	1	1	-3	-3	-8	-8	-1	2	-3	5	5	-15	-4	4	4	1	1	9	-4	1	1	-3	1	-1	
4	-9	-9	-12	10	-27	-1	-1	12	12	-3	10	-38	-38	26	26	7	-20	-21	4	4	-6	-13	-24	-24	19	19	7	3	-5	14	14	2	2	14	17	2	2	-24	-4	-19	-8	-8	-25	-8	13	12	12	-10	3	0	7	7	1	-3	10	10	-30	-30	28	-7	8	10	10	-9	-37	3	3	-5	2	27	-35	0	-4	-4	-8	-8	-8	-11	-11	-17	-1	-1	-29	0	0	-5	-5	-1	-12	-7	-4	-38	-5	-36	9	9	34	34	6	-27	7	7	7	-16	-14	-32	22	22	-3	-3	2	2	8	8	9	4	-43	11	11	11	7	1	1	-9	-9	13	-46	-7	1	7	9	18	32	32	-11	14	-25	8	4	2	2	-9	-7	1	2	2	16	-23	-2	0	-18	-18	-8	20	-17	12	12	14	14	-17	19	19	-28	-13	-1	-2	0	1	7	7	-7	3	-17	-1	-1	-5	2	-38	-38	-1	-1	16	0	4	35	35	-3	-26	13	13	-6	-6	23	-12	-1	-1	-12	-12	3	
-4	-2	-2	1	3	-3	-1	-1	2	2	-6	-3	-11	-11	6	6	1	1	-12	4	4	-3	-8	-3	-3	6	6	3	-1	-3	3	3	3	0	-5	2	4	4	-8	-2	-5	1	1	-3	-2	3	4	4	-1	-3	-7	-1	-1	-1	-4	2	2	5	5	3	0	-1	-1	-1	-4	-7	-4	-4	1	-2	1	-6	1	-5	-5	-1	-1	-1	-2	-2	-2	2	2	-6	3	3	-2	-2	-4	-1	-3	-2	-9	0	-14	-3	-3	7	7	3	-4	3	0	0	-7	-9	4	5	5	-2	-2	-2	-2	-5	-5	1	0	-2	0	0	0	2	-2	-2	-6	-6	-1	-10	-1	2	-1	3	2	7	7	-1	2	-6	2	0	-2	-2	-1	-4	0	1	1	0	-4	-2	0	-7	-7	-1	1	-5	3	3	1	1	0	3	3	-4	-4	-7	1	-2	1	4	0	-4	2	-3	-1	-1	-1	-1	-3	-3	-4	-4	-3	-4	-1	4	4	-2	1	0	0	0	0	3	-1	-1	-1	0	2	-1	
-1	0	0	-1	-2	0	-1	-1	-1	-1	-3	-2	-2	-2	2	2	0	0	-4	2	2	-1	-3	0	0	-1	-1	0	-1	-1	0	0	2	0	-3	0	1	1	-3	4	-3	0	0	-1	-1	2	0	0	-1	1	-1	0	0	-2	1	-3	-3	0	0	3	0	-3	0	0	-1	-2	-2	-2	0	-2	0	-5	0	-3	-3	-1	-1	-1	-2	-2	1	-1	-1	0	0	0	-2	-2	-2	-1	0	1	-5	-1	-4	0	0	1	1	-1	1	0	0	0	-3	-3	0	0	0	-2	-2	1	1	-1	-1	1	0	-2	-2	-2	-3	-2	3	3	-2	-2	-1	-1	-2	2	0	2	-3	-1	-1	0	-1	-1	-1	-2	0	0	0	-1	0	0	0	-3	-1	0	1	0	0	-1	0	-3	2	2	0	0	-3	-3	-3	-1	-3	-4	0	0	-1	1	-1	-2	0	-2	-4	-4	-1	-1	1	1	1	1	0	0	1	-2	-2	-1	-2	-4	-4	2	2	-1	3	-3	-3	0	0	-2	
0	0	0	-2	-3	-2	2	2	-4	-4	-2	0	-3	-3	1	1	1	-3	-1	-1	-1	-4	0	2	2	-4	-4	0	-1	-3	2	2	0	-4	-2	-2	0	0	-3	0	1	2	2	1	-6	-3	0	0	0	0	-1	-4	-4	3	2	-7	-7	0	0	8	-2	-5	-1	-1	-5	-5	-2	-2	-1	-4	0	-5	1	-1	-1	-1	-1	-1	-1	-1	2	0	0	5	-1	-1	-2	-2	-4	-2	0	0	-5	-2	-5	3	3	-3	-3	5	-1	-5	0	0	-3	-2	0	-1	-1	1	1	4	4	3	3	0	-4	-3	-1	-1	-4	-4	0	0	-3	-3	-2	-1	-5	-1	0	1	3	5	5	-3	1	-6	-2	-3	-1	-1	0	0	-5	-2	-2	-2	1	0	-1	0	0	-1	1	-3	-3	-3	2	2	0	-8	-8	-2	2	-3	-1	-1	-1	2	0	-1	-3	1	-6	-6	0	-5	-1	-1	-1	-1	-1	-2	2	0	0	-1	-1	-2	-2	3	3	0	3	-2	-2	0	-5	0	
Trial:12
-20	-2	-2	-11	11	-7	-14	-14	-25	-25	7	7	3	3	30	30	34	8	8	-17	-17	-9	-9	-9	0	0	25	21	1	-15	-3	-16	-13	1	-3	-13	-13	-21	-13	24	7	7	8	-10	33	33	-7	-7	-35	23	29	-17	-17	-16	-44	5	-14	26	37	-2	-4	-4	-39	-39	-12	-10	23	-40	-40	-26	-20	13	-18	64	64	-17	10	-24	56	56	-22	-24	-26	-5	-5	-8	-40	-11	5	-19	-19	-3	-36	5	5	-6	81	1	7	12	21	21	-7	-7	-1	-17	-17	5	5	6	48	48	-34	-34	-3	17	17	11	11	2	2	0	0	-28	-28	17	23	6	57	57	-15	48	-18	-37	-37	-5	-18	5	5	-27	-27	40	-9	-3	-6	-6	33	-34	-19	-27	-27	-27	-10	-10	10	-18	-18	6	-13	11	29	4	4	28	54	-2	20	20	-21	-21	20	20	-44	-44	-22	4	0	1	1	1	3	30	-13	0	0	-2	0	-4	-9	4	4	5	5	-2	-9	-9	22	22	-13	0	
-1	0	0	-4	-1	-1	-1	-1	-2	-2	-8	-8	-2	-2	0	3	0	-1	-1	1	1	-1	2	2	-1	-1	1	0	-3	-3	-1	-5	-1	-5	3	-3	-3	-1	1	-3	-1	3	-2	-3	-3	-3	-5	-5	-5	1	4	-4	-4	1	-6	-4	6	3	2	-2	4	4	-1	-1	-3	1	2	2	2	-6	-4	0	-3	-1	-1	-2	5	-2	3	3	-5	-3	1	-6	-6	-5	-6	-3	0	-4	-4	0	-7	-1	-1	0	1	1	0	-1	3	3	1	1	-3	0	0	2	2	-7	6	6	-5	-5	-3	-2	-2	-3	-3	1	1	-2	-2	-1	-1	1	3	-3	0	0	0	3	0	-1	-1	-6	-3	0	0	-1	-1	3	-1	2	0	0	1	-3	1	-6	-6	-6	-3	-3	0	1	1	-3	0	-3	-2	-1	-1	-1	-4	-3	-6	-6	-6	-6	3	3	-1	-1	2	-4	1	1	1	1	-2	2	-6	1	1	1	2	-5	-1	1	1	-5	-5	3	1	1	1	1	0	0	
-7	0	0	-25	2	3	4	4	3	3	-1	-1	-4	-4	-1	7	-2	18	18	-5	-5	1	10	10	8	8	-8	9	-23	9	1	-5	-2	10	-2	4	4	-2	-6	-2	-5	-2	-4	4	-5	-5	-4	-4	-8	2	9	-10	-10	2	-7	-6	4	0	-2	1	15	15	-3	-3	-3	4	4	9	9	-10	-3	-3	0	5	5	-5	-13	1	-12	-12	0	6	-3	-4	-4	1	-22	-10	1	-2	-2	-1	-9	4	4	0	-5	2	4	0	-4	-4	-1	-1	2	4	4	0	0	5	-7	-7	-1	-1	-13	1	1	-4	-4	-1	-1	3	3	0	0	-20	0	3	-1	-1	17	6	6	-2	-2	-7	7	-2	-2	1	1	-1	0	8	-6	-6	0	3	-2	1	1	1	21	21	-3	2	2	-14	18	-2	-4	-11	-11	-8	-1	-18	-6	-6	4	4	-1	-1	-11	-11	12	-4	6	3	3	3	10	6	2	-3	-3	-2	24	2	0	-8	-8	-4	-4	2	14	14	-5	-5	4	-4	
-7	4	4	-11	-1	3	2	2	0	0	5	5	1	1	-3	-2	-4	10	10	-6	-6	2	6	6	-4	-4	-2	4	-1	-2	3	-8	1	-4	2	-4	-4	-4	-2	-5	-6	-1	0	-1	1	1	-10	-10	-5	4	2	-1	-1	-2	-6	-3	-1	-2	-2	-1	3	3	7	7	-4	1	-3	5	5	-4	-1	-2	1	-4	-4	1	-6	-4	4	4	1	4	3	-6	-6	1	-5	5	-1	1	1	-6	-3	-6	-6	-3	1	2	-4	2	5	5	-6	-6	6	7	7	-4	-4	-1	-4	-4	4	4	1	-5	-5	-4	-4	0	0	-5	-5	-2	-2	-7	-5	-2	-4	-4	3	5	6	-3	-3	6	-7	-6	-6	3	3	-9	-6	4	-2	-2	0	5	-9	0	0	0	4	4	2	1	1	-11	6	3	-7	1	1	0	4	-4	0	0	-2	-2	1	1	-5	-5	4	-5	1	-2	-2	-2	-8	-1	2	1	1	-1	0	-1	-7	-1	-1	-6	-6	0	3	3	-1	-1	-6	4	
-16	-2	-2	-5	-5	-14	-30	-30	-9	-9	14	14	16	16	10	4	11	1	1	-4	-4	17	-28	-28	-3	-3	-16	8	5	-12	-14	-4	-4	-6	10	2	2	3	-1	-3	5	-7	3	24	14	14	-30	-30	5	2	-37	46	46	-12	-10	-10	-4	-21	-17	-4	-4	-4	35	35	-8	9	31	0	0	-7	20	4	15	-22	-22	-8	-1	-30	14	14	-3	15	23	-5	-5	-20	-5	3	8	-16	-16	-5	-20	6	6	-2	-17	19	2	-9	-6	-6	3	3	37	-14	-14	-15	-15	11	-15	-15	-1	-1	4	-61	-61	37	37	0	0	-10	-10	6	6	-15	1	-3	9	9	20	-2	-2	6	6	-21	-7	-2	-2	11	11	-5	-14	-40	8	8	6	19	-25	-22	-22	-22	17	17	13	6	6	-28	-15	27	14	-3	-3	10	-6	11	-9	-9	-17	-17	-3	-3	16	16	-1	-23	4	-7	-7	-7	-15	1	-3	-13	-13	15	15	1	13	2	2	-17	-17	9	10	10	-5	-5	-2	-27	
-1	-2	-2	-10	-1	-5	-4	-4	1	1	3	3	-2	-2	5	2	0	-3	-3	-2	-2	6	-4	-4	2	2	-1	0	-2	1	-5	-1	-1	-4	5	2	2	-6	2	2	-4	-5	5	3	0	0	-8	-8	-1	0	0	0	0	-3	-4	-3	2	-1	-6	2	1	1	5	5	-3	2	1	-5	-5	2	-2	4	-3	-6	-6	-2	-3	-3	7	7	-7	2	5	-2	-2	-6	-2	1	-7	-4	-4	-2	-7	-1	-1	-1	-5	-1	-7	0	-4	-4	-1	-1	6	2	2	-1	-1	-7	-2	-2	1	1	1	-6	-6	2	2	-2	-2	-6	-6	0	0	-8	-1	2	1	1	4	-6	0	0	0	-9	-4	-2	-2	2	2	4	0	-4	2	2	-2	-1	-5	-2	-2	-2	2	2	-1	4	4	-11	-7	3	1	0	0	4	-1	0	-2	-2	-6	-6	-1	-1	1	1	3	0	-2	-2	-2	-2	-7	6	-4	-5	-5	3	0	0	-2	0	0	-5	-5	3	2	2	1	1	3	1	
-1	-2	-2	-3	-2	2	-4	-4	0	0	-2	-2	0	0	0	-1	1	-1	-1	-1	-1	1	-2	-2	-3	-3	0	0	-3	-1	-3	-1	-2	-5	1	1	1	-4	-2	-1	-2	-1	-1	-1	-1	-1	-5	-5	0	-1	0	1	1	-2	-4	-1	0	0	-3	-2	-1	-1	0	0	1	1	-3	-3	-3	3	-2	0	-1	-2	-2	-1	1	-3	1	1	-2	0	2	-4	-4	-5	1	-2	-2	-2	-2	0	2	-5	-5	0	-6	1	0	-2	-2	-2	-1	-1	0	0	0	-1	-1	-2	-2	-2	1	1	0	-1	-1	-1	-1	0	0	-3	-3	0	0	-3	-3	0	-1	-1	-1	0	0	1	1	-2	0	-2	-2	-1	-1	-1	-2	0	-2	-2	-2	0	-2	-2	-2	-2	1	1	0	0	0	-5	-3	2	-2	0	0	-1	0	-2	-1	-1	0	0	-3	-3	-1	-1	0	0	-2	1	1	1	0	0	-5	-2	-2	0	-2	1	1	0	0	-3	-3	0	0	0	-2	-2	-1	-2	
-3	1	1	0	4	-1	-10	-10	-4	-4	3	3	0	0	2	3	1	-4	-4	-1	-1	2	-1	-1	-2	-2	3	1	-1	-3	0	1	-1	-4	0	-2	-2	-4	-2	-1	1	-3	0	1	-1	-1	-1	-1	-2	2	2	1	1	-8	-4	-1	-4	-4	4	0	-1	-1	-3	-3	0	4	2	-3	-3	1	-4	1	0	-4	-4	0	1	-3	7	7	0	-4	-3	-2	-2	-1	0	-1	-2	-7	-7	-2	-1	-2	-2	-3	6	-1	2	1	2	2	2	2	-2	0	0	-2	-2	1	4	4	-5	-5	-2	1	1	1	1	-1	-1	-4	-4	-2	-2	1	0	-2	-1	-1	-1	-3	0	-2	-2	2	-1	-3	-3	-1	-1	4	-3	-1	-3	-3	-1	-4	-4	-5	-5	-5	-3	-3	0	0	0	-1	-2	1	4	2	2	4	1	-1	-1	-1	-1	-1	-1	-1	-4	-4	-4	-8	-1	-2	-2	-2	-2	5	-6	0	0	0	1	-1	1	-1	-1	-3	-3	-2	-1	-1	4	4	-3	-1	
Trial:13
60	-4	-93	-51	-51	59	59	-9	0	-13	-13	-15	-15	-7	-5	-44	-20	-20	-38	-38	2	2	5	5	-67	-52	16	31	31	-52	-37	4	4	73	73	24	-53	25	25	25	-6	-6	4	-14	-19	-19	6	-15	47	-26	-26	22	22	18	18	-41	-41	-50	-16	20	-1	-18	-18	-20	-38	-31	42	42	81	81	21	37	-12	-12	-35	17	22	12	12	-70	-70	4	4	16	16	-37	-37	11	3	46	-52	-52	19	-21	-21	5	5	-4	-3	-24	-15	23	23	47	-5	-11	-11	-4	-4	18	-57	-57	-8	-8	7	0	0	-5	-5	-13	-1	6	6	5	5	2	-22	-19	8	8	8	-23	18	0	-3	-3	-7	-6	-5	-5	14	14	-13	-13	-13	-10	-10	22	-44	10	-19	22	22	-2	-2	-15	33	33	-29	-29	16	-2	-2	-19	-19	6	6	-59	-59	4	4	4	17	17	10	10	-5	-5	23	0	0	-10	-10	-11	-11	-4	-4	10	-19	-19	20	20	-20	-5	-5	13	13	9	33	33	
-4	2	-2	0	0	5	5	-2	-2	2	2	-4	-4	2	0	0	0	0	-6	-6	-2	-2	-1	-1	-12	-3	2	0	0	0	-11	0	0	2	2	-3	-4	-2	2	2	1	1	0	-1	-2	-2	-4	1	4	1	1	3	3	1	1	1	1	-1	0	-5	2	-5	-5	-7	-3	-6	4	4	-1	-1	-7	-2	1	1	-3	3	-1	2	2	-3	-3	-1	-1	3	3	0	0	-4	1	1	-3	-3	1	-2	-2	-1	-1	-5	-1	-4	2	2	2	-3	-6	0	0	-1	-1	5	-4	-4	0	0	-2	-3	-3	-1	-1	-4	-3	-2	-2	2	2	2	3	-3	-4	-4	-4	-2	-3	1	1	1	1	-1	-3	-3	-2	-2	-7	-7	-5	-2	-2	3	-4	0	-2	4	4	-1	-1	1	1	1	-4	-4	3	-5	-5	-1	-1	-5	-5	-1	-1	2	2	0	3	3	-4	-4	0	0	3	3	3	-5	-5	1	1	-3	-3	-2	-8	-8	8	8	-1	-3	-3	-1	-1	4	-10	-10	
-18	1	5	6	6	-1	-1	-4	-3	3	3	5	5	10	-10	-1	-8	-8	-6	-6	5	5	-8	-8	-5	2	2	1	1	13	-4	-5	-5	3	3	-7	2	-6	-6	-6	-1	-1	-6	14	-2	-2	-6	1	1	-3	-3	-7	-7	4	4	-2	-2	1	-2	-1	-2	-2	-2	-5	1	-3	-3	-3	-4	-4	-4	-1	3	3	4	-4	-5	1	1	2	2	-5	-5	-1	-1	-6	-6	3	0	2	1	1	-3	-3	-3	-2	-2	1	-1	-4	5	-8	-8	7	-3	1	1	-4	-4	-3	13	13	-5	-5	3	0	0	-5	-5	-2	5	-5	-5	1	1	-4	6	-6	-4	-4	-4	-3	2	-1	5	5	5	2	6	6	-4	-4	-12	-12	-7	-6	-6	8	-3	-2	0	-4	-4	3	3	3	-1	-1	0	0	-5	-5	-5	-18	-18	-2	-2	5	5	1	1	5	1	1	-2	-2	6	6	0	5	5	-2	-2	-2	-2	-6	-6	-11	8	8	10	10	-5	-3	-3	1	1	-8	-9	-9	
-4	-3	3	7	7	-2	-2	-4	-2	3	3	3	3	5	-8	-2	-9	-9	-7	-7	-1	-1	-6	-6	-3	-4	2	2	2	2	0	-1	-1	-4	-4	-4	0	4	-7	-7	-1	-1	-12	-1	7	7	-4	-3	-7	4	4	-5	-5	0	0	3	3	5	-1	1	-1	-6	-6	-10	0	1	-3	-3	-7	-7	3	-5	2	2	0	4	-4	4	4	-2	-2	-1	-1	-2	-2	0	0	3	-4	-7	4	4	0	-8	-8	-10	-10	-7	6	-8	-4	-1	-1	9	-4	1	1	-2	-2	1	0	0	-7	-7	-3	9	9	-2	-2	-3	3	0	0	1	1	-4	-3	-3	-2	-2	-2	1	2	-2	-1	-1	7	-5	-10	-10	-2	-2	-3	-3	-6	0	0	0	-3	0	-3	-1	-1	1	1	2	1	1	-2	-2	-7	-3	-3	-6	-6	1	1	0	0	-1	-1	3	-6	-6	-2	-2	6	6	1	2	2	0	0	-4	-4	4	4	-5	-1	-1	-2	-2	-3	2	2	1	1	3	-1	-1	
-23	1	2	6	6	-1	-1	-23	-29	15	15	-4	-4	20	5	-2	-53	-53	-19	-19	-1	-1	17	17	1	-23	10	10	10	-1	-20	10	10	-21	-21	4	-12	-44	4	4	10	10	27	-19	19	19	34	13	-33	7	7	-14	-14	7	7	32	32	28	-2	-2	-12	-11	-11	-27	-43	-5	0	0	-18	-18	8	11	10	10	9	-3	-11	-1	-1	19	19	-13	-13	-19	-19	0	0	-44	-8	-4	-1	-1	9	6	6	-11	-11	-11	14	-16	-7	18	18	5	14	2	2	4	4	-4	-8	-8	-9	-9	10	-11	-11	4	4	-22	0	8	8	4	4	15	-16	-31	1	1	1	-3	-2	-2	-40	-40	31	-7	3	3	3	3	28	28	14	-2	-2	-37	-12	2	4	13	13	-1	-1	-13	11	11	-10	-10	-5	15	15	-5	-5	12	12	-43	-43	8	8	-1	-3	-3	-10	-10	-2	-2	17	5	5	-8	-8	5	5	-7	-7	-11	-18	-18	2	2	-2	17	17	11	11	9	12	12	
-10	-4	2	3	3	-1	-1	-7	-8	2	2	1	1	6	-4	-1	-5	-5	-5	-5	-3	-3	-6	-6	1	-3	1	0	0	2	-6	1	1	-1	-1	0	-3	-2	-4	-4	0	0	-4	0	2	2	-1	1	-5	3	3	-4	-4	3	3	1	1	1	-4	-6	-5	-1	-1	-11	-6	2	1	1	-8	-8	-1	1	1	1	1	0	1	1	1	4	4	-5	-5	-6	-6	2	2	-5	-4	4	-3	-3	1	-5	-5	-3	-3	-2	3	-2	-2	0	0	-5	-6	1	1	-2	-2	4	0	0	-8	-8	-4	-2	-2	4	4	-3	0	2	2	0	0	-2	-4	-5	-1	-1	-1	0	-3	0	-5	-5	6	1	-5	-5	1	1	3	3	-1	-2	-2	-4	-2	-1	1	2	2	1	1	-8	0	0	-3	-3	-4	1	1	0	0	0	0	0	0	-2	-2	0	0	0	-3	-3	4	4	3	0	0	-2	-2	-1	-1	-1	-1	-5	-10	-10	1	1	-3	2	2	-2	-2	1	3	3	
-5	0	2	-1	-1	0	0	1	-4	2	2	1	1	0	-1	-2	-2	-2	-1	-1	-2	-2	-3	-3	-2	0	1	1	1	-1	-2	-1	-1	0	0	-3	0	-3	-2	-2	-1	-1	-4	-1	0	0	-2	2	0	1	1	1	1	-2	-2	-1	-1	-1	1	-2	0	-1	-1	-3	-2	0	-2	-2	-4	-4	-2	-1	1	1	0	1	-1	4	4	-1	-1	-2	-2	-2	-2	1	1	-3	-1	0	-2	-2	0	-2	-2	-1	-1	-4	0	-1	-1	-1	-1	-3	-2	0	0	-2	-2	-1	3	3	-5	-5	-1	-1	-1	0	0	-1	-1	-1	-1	-3	-3	-3	-3	-1	-1	-1	-1	-1	-1	1	-2	-2	4	1	-3	-3	0	0	-1	-1	-2	-3	-3	-2	-3	0	0	1	1	0	0	-4	0	0	1	1	0	3	3	-1	-1	-6	-6	1	1	-1	-1	-3	-2	-2	-1	-1	1	1	2	-1	-1	-2	-2	-1	-1	-2	-2	-3	-3	-3	0	0	-3	-2	-2	-1	-1	-1	-1	-1	
-6	-4	-7	-2	-2	1	1	1	-3	2	2	-3	-3	1	3	0	-2	-2	-2	-2	-1	-1	-3	-3	-4	-3	1	-2	-2	1	-2	-1	-1	2	2	-5	-4	-7	3	3	4	4	-1	-7	-1	-1	-1	-1	6	1	1	-1	-1	3	3	-2	-2	-4	-1	0	0	-3	-3	-5	-6	-3	3	3	2	2	-10	1	0	0	0	0	0	4	4	-2	-2	-2	-2	2	2	-3	-3	-3	-3	-3	-1	-1	2	-4	-4	-2	-2	-3	-1	-2	-2	1	1	-4	-2	2	2	1	1	7	-2	-2	-3	-3	-3	-1	-1	-2	-2	-5	-3	0	0	-5	-5	0	-1	-1	0	0	0	-3	2	2	-1	-1	-3	0	-3	-3	0	0	-6	-6	-1	2	2	0	-8	1	0	0	0	1	1	0	-1	-1	-5	-5	0	0	0	-7	-7	-1	-1	-3	-3	-3	-3	0	2	2	1	1	1	1	3	2	2	-4	-4	1	1	-4	-4	-2	-2	-2	0	0	-1	-5	-5	4	4	-2	0	0	
Trial:14
-44	-44	-31	25	-85	-8	-8	-21	-15	70	-36	-36	-10	19	-28	-28	77	77	24	16	-5	37	37	42	20	1	1	-78	-44	-27	-5	-4	-4	-4	-30	5	40	38	38	4	4	-34	-34	-26	-26	-3	-3	17	31	31	-41	-41	46	46	-84	-84	2	2	4	-33	-33	59	59	-27	34	34	-37	-37	-37	-36	-19	-19	8	8	-32	5	5	5	27	27	-26	-19	-19	30	30	-53	-2	-2	-2	-1	-1	17	-22	-22	24	24	60	24	-13	5	5	1	1	35	35	-19	-19	-14	-19	-50	-30	-30	-11	-11	15	15	17	17	30	-5	7	33	33	33	-23	38	-12	-15	-15	-9	-9	-5	-5	73	73	-7	-7	-10	-3	-3	-2	-2	42	0	-28	-28	-45	-45	-1	24	24	13	13	-64	-34	-34	16	16	9	2	2	1	20	20	-6	-24	-24	10	10	22	-83	-83	9	9	6	18	-3	-3	-36	-36	33	-34	15	13	13	17	-59	7	-16	-16	0	0	-72	-72	14	14	6	54	0	0	
-4	-4	-3	-5	0	-4	-4	-4	-2	3	-2	-2	-1	-1	-4	-4	8	8	-6	-8	-1	-5	-5	3	2	7	7	-5	1	-2	-10	1	-1	-1	-6	-1	11	3	3	-1	-1	1	1	-6	-6	1	1	-1	-5	-5	-4	-4	-1	-1	-4	-4	-1	-1	1	-4	-4	11	11	-5	3	3	-4	-4	-4	-11	-7	-7	5	5	-4	2	2	2	1	1	2	-3	-3	-2	-2	-4	-5	-5	-5	11	11	-7	-11	-11	2	2	-4	7	5	31	31	-18	-18	-6	-6	-2	-2	2	2	-3	3	3	-4	-4	5	5	0	0	4	1	-16	-2	-2	-2	-3	-7	2	-2	-2	-9	-9	2	2	3	3	-1	-1	3	7	7	2	2	0	11	-6	-6	-7	-7	2	9	9	0	0	-15	11	11	-1	-1	-7	-3	-3	-7	-2	-2	-4	-3	-3	3	3	3	-10	-10	-3	-3	0	3	-8	-8	-13	-13	4	-9	10	-5	-5	2	-6	3	-2	-2	0	0	-5	-5	1	1	-2	-7	2	2	
-3	-3	0	-5	18	-8	-8	2	-6	-1	6	6	-3	-1	-18	-18	-1	-1	-3	-7	1	-5	-5	-16	-6	7	7	1	-10	2	-8	11	-1	-1	0	-3	2	-2	-2	0	0	3	3	-2	-2	4	4	-6	-1	-1	-1	-1	-1	-1	-4	-4	-1	-1	-1	1	1	2	2	-1	-2	-2	2	2	2	-1	-6	-6	1	1	-5	1	1	1	3	3	-3	-2	-2	0	0	-7	-1	-1	-1	-2	-2	0	8	8	0	0	1	-5	3	0	0	-10	-10	-4	-4	0	0	-1	1	10	2	2	0	0	-3	-3	-4	-4	-3	0	-5	-5	-5	-5	2	-14	0	-4	-4	1	1	-1	-1	0	0	0	0	-2	-1	-1	-2	-2	-3	3	-4	-4	2	2	-9	-1	-1	0	0	1	1	1	4	4	-4	-3	-3	-5	1	1	1	3	3	-2	-2	0	-5	-5	0	0	-3	4	4	4	-4	-4	-2	4	0	-20	-20	2	-1	-3	2	2	1	1	2	2	3	3	-1	0	5	5	
-8	-8	-15	-1	8	-6	-6	-3	-1	11	0	0	-7	1	-5	-5	-1	-1	-11	5	-4	-6	-6	2	3	2	2	0	-7	7	8	-9	3	3	-2	-6	6	-11	-11	2	2	2	2	-3	-3	16	16	-15	2	2	-7	-7	-7	-7	0	0	-10	-10	2	-23	-23	11	11	3	-5	-5	13	13	13	-2	0	0	2	2	0	-18	-18	-18	6	6	-1	5	5	10	10	-4	0	0	0	0	0	-3	-3	-3	2	2	-3	-9	3	10	10	-12	-12	-5	-5	1	1	-1	-5	-6	-6	-6	0	0	10	10	3	3	0	3	0	-4	-4	-4	-5	-12	-11	6	6	1	1	-3	-3	8	8	-3	-3	4	-12	-12	0	0	-3	-11	11	11	11	11	-26	-2	-2	-4	-4	2	1	1	6	6	-1	6	6	4	-1	-1	3	-21	-21	-1	-1	-2	-2	-2	0	0	-1	1	6	6	3	3	4	3	-4	6	6	-1	13	-9	3	3	-6	-6	1	1	4	4	0	-6	5	5	
-15	-15	20	15	13	6	6	-23	12	9	-4	-4	-1	-24	-1	-1	-7	-7	19	6	0	-3	-3	-6	4	-11	-11	-11	16	6	35	-16	46	46	-18	8	-7	17	17	-30	-30	16	16	-4	-4	42	42	-14	-2	-2	-18	-18	31	31	-5	-5	-24	-24	-21	-9	-9	-2	-2	26	-83	-83	-4	-4	-4	5	-10	-10	7	7	40	13	13	13	17	17	-43	9	9	6	6	-12	0	0	0	16	16	10	-17	-17	1	1	-10	-18	9	1	1	-34	-34	-7	-7	0	0	47	-25	-4	-1	-1	-27	-27	39	39	9	9	-1	-8	-51	4	4	4	4	38	6	23	23	-7	-7	3	3	2	2	-5	-5	43	-28	-28	5	5	-10	0	-9	-9	0	0	-18	3	3	-54	-54	11	7	7	5	5	-18	22	22	7	-87	-87	29	0	0	24	24	26	-6	-6	4	4	6	11	-2	-2	-1	-1	-1	-23	4	3	3	24	4	-20	4	4	19	19	18	18	2	2	-17	-18	-46	-46	
-3	-3	2	0	0	4	4	-2	-4	2	-3	-3	0	-5	0	0	-4	-4	3	1	-1	-4	-4	-1	-4	0	0	-6	2	-1	5	-3	-5	-5	0	0	4	4	4	-1	-1	2	2	-8	-8	8	8	-3	0	0	0	0	2	2	2	2	-4	-4	-2	-1	-1	-3	-3	3	-17	-17	-1	-1	-1	1	0	0	1	1	3	1	1	1	-4	-4	-8	1	1	0	0	0	-2	-2	-2	3	3	-2	-3	-3	-3	-3	-2	-5	1	-2	-2	-9	-9	-1	-1	3	3	2	0	-1	1	1	-4	-4	3	3	-5	-5	0	-3	-4	0	0	0	-2	1	-6	3	3	-2	-2	4	4	1	1	0	0	3	-1	-1	-1	-1	-3	-4	0	0	0	0	-4	-3	-3	-11	-11	3	4	4	1	1	-5	1	1	-1	-17	-17	4	0	0	4	4	0	-1	-1	-2	-2	2	-1	-1	-1	-3	-3	1	-5	-1	-4	-4	4	-1	-4	0	0	2	2	6	6	1	1	-6	-3	-7	-7	
-1	-1	-7	1	-2	6	6	-3	-6	-2	-2	-2	1	-3	-2	-2	2	2	-1	0	-1	-4	-4	1	-1	-1	-1	-4	1	-2	0	1	-4	-4	-1	0	1	-1	-1	0	0	0	0	-3	-3	-2	-2	0	1	1	-1	-1	2	2	0	0	-3	-3	0	-1	-1	-2	-2	0	-5	-5	-1	-1	-1	-2	-1	-1	0	0	-1	-1	-1	-1	-2	-2	-1	-4	-4	-1	-1	1	-3	-3	-3	0	0	1	0	0	-1	-1	-2	-2	-1	-2	-2	-5	-5	-1	-1	1	1	-1	-2	2	-5	-5	2	2	0	0	-2	-2	-2	-2	1	0	0	0	-2	-4	-1	-1	-1	0	0	-3	-3	0	0	-1	-1	-3	1	1	-1	-1	2	-2	-1	-1	-1	-1	-5	-1	-1	-1	-1	-2	1	1	-1	-1	-3	-1	-1	-3	-6	-6	0	-3	-3	2	2	-2	3	3	0	0	-3	-1	0	0	-1	-1	-2	-3	-2	0	0	2	1	-2	1	1	-2	-2	3	3	-1	-1	-1	-3	-2	-2	
-3	-3	-1	5	-10	-3	-3	-4	-6	2	-14	-14	4	1	-2	-2	5	5	-6	-4	0	2	2	8	2	2	2	-6	-3	-9	-4	1	1	1	-7	-1	3	6	6	-2	-2	2	2	-4	-4	-2	-2	1	5	5	-4	-4	-3	-3	-8	-8	-2	-2	2	-3	-3	3	3	0	-2	-2	-3	-3	-3	-2	-6	-6	1	1	-5	1	1	1	1	1	-4	-2	-2	2	2	-2	-3	-3	-3	-1	-1	-1	-3	-3	2	2	-1	5	-2	1	1	-1	-1	0	0	0	0	0	-2	-3	3	3	-2	-2	-1	-1	-1	-1	1	-4	-3	1	1	1	-4	1	0	-3	-3	-4	-4	-4	-4	3	3	1	1	0	3	3	0	0	0	-2	-3	-3	-4	-4	-3	5	5	5	5	-9	-4	-4	-2	-2	-3	-5	-5	3	-1	-1	2	-1	-1	4	4	0	-7	-7	-2	-2	-3	-1	1	1	-5	-5	3	-6	-4	1	1	-1	-6	-1	2	2	-1	-1	-3	-3	1	1	-3	3	-4	-4	
Trial:15
-29	2	-4	-4	-23	-23	44	-17	32	-48	-48	-15	14	57	57	-30	-30	-83	-15	-41	15	15	-7	-77	48	48	9	9	16	-12	-38	15	15	-12	16	33	33	8	8	11	11	9	-16	-16	28	28	-28	-28	-3	-3	22	22	-22	30	30	14	-67	-67	1	-11	0	28	28	-27	15	21	21	7	7	-5	28	28	-9	-9	-21	-52	-42	6	43	14	-9	-6	-6	27	27	9	43	16	-31	-31	-30	-3	14	14	31	31	54	-24	-35	-16	-16	-23	34	13	-2	15	-5	-5	-32	5	-56	-56	5	-11	5	-23	14	-6	-9	-13	23	-29	-29	21	21	7	7	-5	-5	24	24	-31	-64	-64	-10	-10	13	41	41	3	3	-1	10	9	-16	-30	-30	-6	-21	33	33	3	3	-8	10	31	94	94	-39	4	16	16	27	27	-25	-16	-51	-40	-40	24	-3	-14	23	23	13	-35	-14	-14	-8	-8	-56	-48	-19	0	0	70	70	71	71	-10	-10	17	-7	-67	42	42	-23	85	35	-33	
-7	7	-6	-6	-2	-2	7	0	-2	0	0	-4	-2	-1	-1	0	0	3	5	-5	-7	-7	-10	2	1	1	-6	-6	-3	-10	-1	-1	-1	1	-10	-1	-1	2	2	2	2	-4	6	6	0	0	11	11	19	19	-12	-12	-19	1	1	-2	-3	-3	-3	-5	14	3	3	-8	15	7	7	-6	-6	-4	1	1	-2	-2	-2	-1	-5	4	9	-3	-2	-2	-2	2	2	1	3	-10	-2	-2	-5	-6	5	5	-2	-2	1	-5	1	0	0	-10	8	-5	-9	-8	1	1	-4	2	4	4	3	-5	0	-3	-3	5	-3	-4	10	-6	-6	2	2	-6	-6	-2	-2	0	0	-6	2	2	-7	-7	3	5	5	4	4	-3	-1	-4	4	-8	-8	-5	-5	-3	-3	-14	-14	-7	3	7	9	9	-6	0	1	1	-2	-2	1	3	-2	0	0	5	-1	-7	-9	-9	-14	8	-6	-6	-6	-6	-5	4	-3	2	2	9	9	-1	-1	3	3	2	4	-9	2	2	2	7	-3	2	
1	3	-4	-4	6	6	-4	0	1	-4	-4	-7	3	-2	-2	4	4	-4	-2	1	-6	-6	-8	1	-19	-19	5	5	2	0	1	4	4	-2	2	2	2	-5	-5	3	3	-1	-1	-1	3	3	17	17	-1	-1	-7	-7	-3	72	72	27	11	11	-24	7	11	-1	-1	-36	-15	3	3	-12	-12	-4	13	13	-6	-6	-3	0	5	-5	2	-2	0	-2	-2	-7	-7	1	-12	-10	-4	-4	1	-8	3	3	0	0	-8	-3	8	-4	-4	-6	2	-1	-8	6	2	2	-1	1	-1	-1	0	-1	-3	2	9	-11	-2	-4	-3	0	0	-2	-2	-18	-18	-1	-1	-1	-1	-2	5	5	1	1	1	0	0	1	1	-5	-2	-4	-3	0	0	-3	3	1	1	-4	-4	-2	4	-2	1	1	0	-1	0	0	-2	-2	-6	1	1	6	6	-1	-1	-9	-3	-3	-4	2	-1	-1	3	3	3	-1	-7	2	2	0	0	-2	-2	-4	-4	-8	-1	-7	-1	-1	1	-1	0	-1	
-6	-1	-1	-1	-1	-1	-6	-4	0	2	2	13	-10	-5	-5	5	5	0	0	-1	-8	-8	-6	4	0	0	4	4	10	-9	-10	1	1	4	7	-12	-12	-8	-8	2	2	5	4	4	4	4	4	4	8	8	-8	-8	-2	5	5	1	-4	-4	-10	-10	4	-1	-1	-14	-2	7	7	-12	-12	-2	3	3	-3	-3	-5	-3	-2	0	10	1	5	-2	-2	1	1	0	16	-11	-1	-1	-7	-15	-3	-3	0	0	1	-10	-1	3	3	3	0	3	3	-8	-4	-4	-11	0	11	11	0	-1	-4	2	-2	-2	-14	-4	6	2	2	1	1	-2	-2	-2	-2	-6	-6	-8	8	8	0	0	6	-2	-2	-3	-3	-8	-9	-4	-1	3	3	5	-1	-1	-1	8	8	-7	1	-17	-6	-6	1	5	-6	-6	-5	-5	-7	-2	5	16	16	5	-2	-14	3	3	2	10	-3	-3	-8	-8	-2	8	-2	-17	-17	9	9	-2	-2	-1	-1	10	-6	-5	6	6	-11	-1	-5	0	
9	-7	-22	-22	5	5	-24	-35	-2	-18	-18	-1	-5	11	11	-11	-11	4	95	18	2	2	-15	-11	-1	-1	13	13	-16	-30	39	-29	-29	-3	7	-2	-2	-9	-9	-27	-27	1	13	13	14	14	17	17	-9	-9	-7	-7	13	-13	-13	-3	-23	-23	-55	-24	27	13	13	68	6	-8	-8	-26	-26	0	-15	-15	-22	-22	-10	18	0	7	31	-20	-24	11	11	-2	-2	-19	44	-32	35	35	-21	-29	8	8	-1	-1	33	8	-19	1	1	6	-25	-12	10	0	-15	-15	-21	-23	1	1	8	2	8	-5	4	16	-12	-25	21	-7	-7	13	13	-29	-29	10	10	-23	-23	12	10	10	-6	-6	-10	-20	-20	-9	-9	10	-18	2	20	-12	-12	-1	-48	30	30	2	2	28	5	-5	-60	-60	34	-28	-14	-14	-49	-49	21	-13	39	-2	-2	5	-28	-40	5	5	4	33	7	7	-49	-49	-38	-18	22	4	4	37	37	-36	-36	-14	-14	-12	9	16	5	5	-10	15	34	-33	
-2	-6	0	0	-7	-7	-2	-9	1	3	3	-3	-4	4	4	1	1	3	3	4	-5	-5	-13	1	4	4	-1	-1	0	-3	-1	-3	-3	2	6	-20	-20	-15	-15	2	2	1	4	4	15	15	2	2	-1	-1	-1	-1	-5	-2	-2	2	-7	-7	-13	-1	10	3	3	1	-3	4	4	-6	-6	-3	0	0	-7	-7	-1	0	7	7	6	-2	-4	-1	-1	-7	-7	-3	4	-14	5	5	2	-5	4	4	1	1	6	-7	-5	0	0	-4	-1	-5	-1	5	-10	-10	-1	-6	4	4	1	2	1	0	3	2	-5	-10	1	3	3	4	4	-4	-4	2	2	-5	-5	-5	3	3	-1	-1	-7	-3	-3	-2	-2	1	-11	3	11	-5	-5	-1	-15	-3	-3	-5	-5	-2	-2	3	-4	-4	7	-2	-1	-1	-13	-13	3	-4	10	1	1	2	-12	-8	1	1	-8	-7	4	4	-4	-4	2	-5	2	10	10	-1	-1	-2	-2	-2	-2	-2	5	-14	-3	-3	7	19	0	-2	
0	-1	-1	-1	-4	-4	-1	0	-1	1	1	0	-2	-1	-1	1	1	3	-6	0	-4	-4	-4	0	0	0	-2	-2	-2	0	0	-2	-2	-1	2	-6	-6	-7	-7	2	2	-1	1	1	0	0	-1	-1	1	1	0	0	-3	2	2	-1	1	1	-5	-1	2	1	1	0	-2	1	1	-1	-1	-3	-2	-2	0	0	-4	-3	2	2	-1	0	-1	1	1	-6	-6	-1	-1	-8	-1	-1	0	-1	0	0	1	1	2	-3	-2	0	0	-4	2	-1	0	-2	0	0	-1	1	1	1	-2	1	0	-1	-1	0	0	-5	0	-1	-1	-1	-1	0	0	2	2	0	0	-3	-2	-2	-2	-2	-1	-1	-1	0	0	-1	-6	-3	1	-1	-1	-3	-2	-2	-2	-1	-1	-3	-2	1	0	0	-1	-3	-3	-3	-5	-5	0	-1	3	0	0	2	-3	-4	-1	-1	-4	-5	2	2	0	0	0	-1	-2	-2	-2	1	1	-1	-1	1	1	0	5	-15	1	1	-2	0	1	-4	
-2	3	0	0	-5	-5	-1	-2	4	3	3	0	3	0	0	-2	-2	-4	-7	-2	0	0	-3	1	2	2	-3	-3	0	0	-1	-3	-3	-2	0	0	0	-4	-4	-3	-3	1	1	1	2	2	-6	-6	-2	-2	-4	-4	1	8	8	9	-7	-7	-2	-1	3	-3	-3	-5	-2	0	0	1	1	-5	6	6	-1	-1	-6	-4	-4	15	3	-3	-1	1	1	1	1	-2	0	-13	0	0	-2	1	2	2	-3	-3	6	-1	-4	-1	-1	2	4	2	0	-4	-1	-1	-9	4	-4	-4	-7	2	1	-1	1	0	1	-5	18	-7	-7	-1	-1	0	0	-2	-2	6	6	-6	-6	-6	-7	-7	-1	6	6	4	4	-1	-4	0	10	0	0	-9	-4	-5	-5	-1	-1	-8	-3	1	3	3	-7	-3	-1	-1	-6	-6	-3	-4	0	-3	-3	5	-2	-5	0	0	-8	2	13	13	-9	-9	-5	1	-2	-2	-2	41	41	-11	-11	-10	-10	3	-4	-11	-25	-25	-6	25	5	-5	
Trial:16
-88	-22	-83	-83	14	14	8	0	60	4	4	99	16	-79	-44	-44	-82	-113	-23	-23	-7	-7	6	-25	15	30	30	33	-46	-74	86	86	-39	14	-24	-24	-33	-33	-24	-24	-1	-74	44	-43	-43	-31	37	37	48	-6	27	-35	-40	-40	-18	-18	-35	105	36	-23	38	-59	-34	49	49	12	12	0	-77	3	-27	51	51	-43	-14	-14	-59	-59	-39	-33	-10	9	9	58	58	-3	-3	-16	-16	20	-49	-30	-13	-13	18	-52	19	19	-51	-51	46	10	-83	10	10	-4	-24	67	-17	-17	-26	4	58	-15	-15	-53	-43	-32	-19	8	8	0	0	-45	-9	-9	17	17	44	-19	-11	-11	-21	-12	13	47	47	-8	-8	-11	-10	-45	-22	-22	-37	-37	4	4	25	25	2	-26	0	-24	-24	36	-3	9	9	-35	-35	11	33	-8	5	5	-1	6	30	9	31	-22	-22	-28	-28	-3	-3	52	9	-4	-11	-11	-2	14	22	-1	-22	-22	83	-32	-49	-7	-7	2	67	89	-4	-4	-48	3	
-3	-9	-1	-1	2	2	-4	-4	4	-10	-10	23	3	-18	-4	-4	-7	-3	-11	-11	4	4	4	-2	8	-2	-2	-5	2	-8	-5	-5	-2	5	-2	-2	5	5	-4	-4	-7	-2	15	0	0	-6	3	3	2	-3	0	-4	13	13	-2	-2	-12	3	-1	-3	0	-2	-8	0	0	-2	-2	1	-2	3	-11	2	2	-3	-2	-2	-9	-9	5	-3	4	-2	-2	-1	-1	-8	-8	4	4	-1	-5	-10	-2	-2	2	-1	2	2	-5	-5	-3	3	-14	1	1	0	-6	6	-1	-1	-3	5	1	4	4	0	-1	-11	5	-1	-1	4	4	-5	-1	-1	-9	-9	-4	0	-2	-2	2	-6	1	7	7	-3	-3	-3	-5	-5	-13	-13	2	2	4	4	5	5	1	18	-6	0	0	-1	-4	-2	-2	-5	-5	3	0	-4	2	2	-5	-3	3	2	5	-3	-3	-12	-12	-6	-6	0	-2	-1	5	5	2	0	2	-3	-4	-4	9	-10	-3	1	1	-1	-6	-2	-4	-4	-8	2	
-6	-2	0	0	-4	-4	-1	-2	-4	-2	-2	-6	-8	1	-3	-3	1	9	-6	-6	1	1	-6	-3	-3	-5	-5	1	2	-1	-1	-1	3	-1	-1	-1	6	6	-2	-2	-1	-1	3	1	1	-4	-3	-3	2	-4	0	-2	-2	-2	2	2	-6	-1	3	-10	-2	-4	-17	8	8	-3	-3	0	2	1	-7	1	1	-1	12	12	-5	-5	-4	-6	6	-5	-5	-4	-4	-1	-1	-5	-5	0	-5	4	-3	-3	-2	1	5	5	-5	-5	0	-1	-6	-6	-6	-6	5	3	0	0	1	-3	-3	-18	-18	-6	13	2	0	2	2	5	5	0	1	1	-7	-7	-3	-3	-2	-2	3	-2	3	-5	-5	-3	-3	0	-4	10	-4	-4	2	2	1	1	-4	-4	-1	10	-6	-5	-5	-1	-4	-2	-2	-1	-1	-3	1	-2	-1	-1	-1	-21	-3	3	0	-1	-1	2	2	-3	-3	-2	-1	-2	1	1	13	3	-1	6	-6	-6	-4	-3	-4	-2	-2	-3	2	-1	-3	-3	1	-1	
-13	7	-6	-6	-1	-1	-7	18	-3	2	2	-19	2	38	7	7	-14	-19	-6	-6	-1	-1	-12	-1	1	-22	-22	10	3	-27	11	11	16	21	11	11	36	36	-5	-5	-5	-8	-8	-25	-25	-3	2	2	-15	-4	1	4	-10	-10	6	6	-23	-4	6	41	4	7	2	-10	-10	14	14	-9	14	-4	1	9	9	-4	6	6	5	5	-19	-4	4	-15	-15	0	0	-10	-10	-8	-8	10	1	28	-14	-14	-3	-15	-33	-33	17	17	0	8	4	-9	-9	-8	-1	-5	-10	-10	-2	-7	5	-3	-3	5	9	-7	6	10	10	-5	-5	8	-4	-4	-3	-3	-1	16	1	1	7	-6	-1	0	0	-5	-5	-4	-4	0	0	0	-7	-7	6	6	-18	-18	7	1	-1	-3	-3	0	-7	2	2	-1	-1	3	-5	10	2	2	7	-22	-6	9	-6	-3	-3	-4	-4	-5	-5	1	-3	-8	0	0	10	4	1	-6	5	5	-4	-4	-8	9	9	-14	-1	-1	-1	-1	6	3	
-97	74	19	19	-38	-38	-89	34	22	27	27	-78	-23	50	19	19	15	-3	16	16	3	3	-77	35	41	-11	-11	54	32	10	10	10	4	55	23	23	-9	-9	-13	-13	10	-6	-11	13	13	3	-13	-13	-40	18	16	-21	-16	-16	-40	-40	2	-5	10	-17	-1	-25	25	3	3	10	10	-15	-7	9	-57	-24	-24	-3	13	13	-13	-13	-3	-16	-22	21	21	-3	-3	-20	-20	-26	-26	4	9	23	16	16	9	-15	-56	-56	19	19	0	35	-15	-1	-1	-13	-9	0	10	10	-32	-13	27	9	9	-3	-16	3	29	19	19	1	1	-23	-4	-4	4	4	13	-1	3	3	21	2	-4	-7	-7	8	8	5	-5	4	-23	-23	-34	-34	6	6	11	11	19	-51	1	-12	-12	-2	9	-4	-4	-9	-9	15	25	8	-1	-1	-8	11	-38	14	1	4	4	5	5	-22	-22	18	-21	-3	0	0	1	-51	2	-21	3	3	14	7	-16	21	21	-8	8	-12	-17	-17	8	-4	
-3	12	-1	-1	-9	-9	-16	1	2	6	6	-10	-4	13	4	4	4	-5	-4	-4	-2	-2	-2	-5	6	-7	-7	8	0	-1	2	2	3	6	-4	-4	-7	-7	0	0	-9	3	4	1	1	3	-4	-4	-11	4	4	-3	-3	-3	-3	-3	-1	0	1	-9	-9	-4	5	3	3	1	1	-4	-1	-2	-9	-4	-4	2	1	1	-6	-6	-20	1	3	3	3	-1	-1	-7	-7	0	0	1	-3	1	4	4	6	0	-8	-8	1	1	2	5	-6	1	1	-1	0	-1	0	0	-1	-1	2	-1	-1	-2	4	1	1	0	0	-2	-2	-7	-1	-1	1	1	2	-6	-5	-5	4	-5	-3	3	3	-1	-1	-6	0	5	-3	-3	-7	-7	-2	-2	-6	-6	3	-8	-1	-5	-5	4	1	1	1	-4	-4	4	3	-5	-3	-3	0	1	-14	2	3	3	3	1	1	1	1	4	-3	-3	-3	-3	-5	-10	-1	-1	0	0	6	3	-7	1	1	-1	0	0	-3	-3	-1	-9	
9	-1	0	0	-21	-21	6	13	-30	11	11	0	5	10	14	14	9	-7	-1	-1	-8	-8	-17	-1	6	3	3	-3	3	-2	-2	-2	0	-3	-2	-2	-1	-1	-3	-3	3	2	4	1	1	0	-2	-2	-3	1	2	-2	-7	-7	-2	-2	-2	2	3	-5	-5	-6	7	2	2	-4	-4	1	3	-3	2	-2	-2	-1	4	4	-5	-5	-10	-5	-1	1	1	0	0	-4	-4	-1	-1	0	3	-2	1	1	2	1	-3	-3	1	1	-2	0	-1	-1	-1	-3	-2	0	-2	-2	-1	-3	-1	0	0	-1	0	1	0	-1	-1	1	1	-2	-1	-1	-4	-4	-2	0	-3	-3	1	-3	0	1	1	-1	-1	-1	1	1	1	1	-3	-3	-1	-1	-4	-4	0	-1	0	-2	-2	4	-5	-1	-1	-3	-3	1	1	-4	0	0	-2	1	-3	-3	2	-1	-1	-1	-1	1	1	-2	-2	0	-1	-1	-1	-3	-2	1	0	0	2	0	-3	-3	-3	0	-1	0	-3	-3	1	-2	
-3	-13	-22	-22	8	8	7	0	13	5	5	18	25	-12	-5	-5	-5	-38	5	5	-41	-41	6	-4	9	8	8	-18	-13	2	-1	-1	8	28	12	12	-4	-4	3	3	3	-9	52	-9	-9	-14	-7	-7	5	-5	2	-7	-33	-33	-15	-15	3	17	11	-10	-5	-16	8	3	3	2	2	3	-19	12	5	1	1	-4	6	6	-11	-11	-24	-32	-2	1	1	11	11	-5	-5	-19	-19	-4	-14	7	5	5	7	6	4	4	0	0	3	17	-6	7	7	-5	-8	6	1	1	-2	-6	5	-10	-10	-9	-5	-6	-3	0	0	0	0	-4	1	1	-3	-3	-1	-3	-8	-8	-1	-3	2	3	3	3	3	0	0	-5	-1	-1	-3	-3	0	0	-4	-4	-4	-4	0	2	2	3	-3	-3	-3	-1	-1	0	7	-2	-1	-1	-3	2	-3	4	0	-4	-4	-2	-2	2	2	6	-2	1	-2	-2	-3	1	-1	-1	-1	-1	12	-2	-9	-4	-4	0	4	9	-2	-2	-2	4	
Trial:17
-3	30	-21	-10	-30	3	-10	-30	7	7	9	9	-19	-2	-7	-15	-15	12	-14	8	-5	-5	-91	-2	2	2	-9	-9	43	-15	-1	0	0	6	5	-6	-3	-3	9	24	-63	-63	-21	-21	11	8	-16	38	38	-7	-7	-43	10	10	-2	-2	14	9	-25	-25	7	8	-9	21	21	49	49	5	-20	-20	-9	-9	-34	57	25	-44	14	-41	-23	13	33	33	-12	0	17	-6	2	2	-12	-12	7	7	1	1	28	-13	5	24	24	24	37	-25	-25	36	36	-3	-39	-55	-15	-15	-6	-6	6	6	-30	-30	-9	-6	2	-13	-13	-12	3	-21	-21	7	7	36	-21	-10	-3	-1	52	-31	8	8	43	43	-41	33	-32	24	24	11	11	8	31	31	-69	-69	0	-10	-10	-24	6	6	-13	4	4	-11	-11	-11	-12	-12	-28	-1	-1	27	-4	-4	6	6	72	-36	-36	32	-13	-2	-2	-102	-102	-52	-52	18	3	3	3	85	85	-6	-21	16	-31	-31	112	112	-37	-37	9	9	
-1	0	-1	0	-3	0	3	-7	0	0	-3	-3	-5	-5	0	-2	-2	2	-2	-3	-1	-1	-5	-2	3	3	1	1	0	-6	0	0	0	-3	-2	-1	0	0	-1	0	-8	-8	-1	-1	5	-16	8	4	4	-6	-6	-8	-2	-2	1	1	-4	0	-5	-5	0	0	-5	1	1	5	5	0	-1	-1	1	1	-6	0	1	-2	-1	-4	-1	-1	-2	-2	-3	3	-1	-5	0	0	2	2	1	1	2	2	0	-7	0	-3	-3	-3	-2	-7	-7	-4	-4	1	-5	-6	5	5	4	4	0	0	-2	-2	-1	-4	-1	-7	-7	2	-4	-5	-5	-2	-2	5	-3	8	-4	-7	2	-2	1	1	-7	-7	-2	-8	-5	2	2	3	3	1	1	1	4	4	-2	-5	-5	3	-6	-6	3	-2	-2	-7	-7	-4	-3	-3	-5	-3	-3	-1	0	0	7	7	4	-4	-4	-1	4	-4	-3	-17	-17	-5	-5	-1	-9	-9	-9	4	4	1	-3	10	-6	-6	10	10	-5	-5	-4	-4	
0	-4	1	-3	4	-16	6	0	-2	-2	0	0	0	-2	5	-17	-17	6	-2	-4	2	2	-2	0	5	5	7	7	-4	-5	0	1	1	0	2	-21	6	6	-5	2	-2	-2	2	2	7	7	-4	-3	-3	1	1	-4	0	0	11	11	-4	8	-4	-4	-6	0	-4	7	7	2	2	1	-1	-1	3	3	-1	-5	-1	2	-7	-2	-8	-6	-1	-1	-4	2	-3	4	6	6	-5	-5	4	4	-5	-5	-1	-1	4	4	4	4	-10	-4	-4	-3	-3	2	-1	-3	-1	-1	0	0	0	0	-4	-4	2	-7	-2	-3	-3	3	-1	-5	-5	-4	-4	4	-4	0	3	-6	2	0	-2	-2	-2	-2	3	-10	-4	-7	-7	-3	-3	2	2	2	5	5	-1	-1	-1	-2	-8	-8	4	-2	-2	2	2	-3	10	10	-3	-2	-2	4	-2	-2	-7	-7	-3	2	2	-4	13	-5	-6	10	10	2	2	-10	-9	-9	-9	-9	-9	14	-4	-7	-11	-11	2	2	-7	-7	-12	-12	
-6	-2	-5	-6	8	-5	7	-5	4	4	-3	-3	6	-4	-2	-8	-8	5	-7	-3	-1	-1	9	-1	1	1	-1	-1	6	2	-2	-4	-4	-11	-2	0	-4	-4	-5	1	3	3	3	3	-1	-2	-5	6	6	-5	-5	3	1	1	5	5	-5	2	-3	-3	-8	-4	4	-4	-4	2	2	3	3	3	-3	-3	-1	-5	-4	2	-6	-11	1	0	-5	-5	-3	-2	0	1	-10	-10	-2	-2	3	3	-4	-4	1	-2	0	13	13	13	-6	8	8	-6	-6	1	-1	1	-6	-6	-3	-3	-6	-6	0	0	-12	-6	6	2	2	1	-1	6	6	2	2	1	-3	2	4	-6	1	0	-13	-13	-1	-1	3	-2	2	-7	-7	-5	-5	-7	9	9	1	1	5	-1	-1	8	-2	-2	0	-7	-7	3	3	5	-11	-11	-1	0	0	7	-4	-4	-10	-10	0	-4	-4	4	11	3	1	7	7	-5	-5	-2	-9	-9	-9	-15	-15	9	-1	-3	5	5	1	1	0	0	-9	-9	
-35	-1	26	-61	22	12	4	-7	10	10	11	11	20	-7	-3	-8	-8	26	-7	-1	7	7	14	-3	-4	-4	1	1	0	-2	-28	0	0	-33	7	14	12	12	-60	-2	20	20	17	17	-1	-8	-27	37	37	-3	-3	7	20	20	1	1	-13	-7	0	0	-5	-4	9	13	13	2	2	-9	31	31	-11	-11	-8	20	-24	5	-13	36	29	-4	13	13	-5	18	-1	-4	-21	-21	-19	-19	-5	-5	-6	-6	1	0	-3	22	22	22	5	7	7	-10	-10	-69	-8	-4	7	7	8	8	19	19	14	14	-7	-12	-6	5	5	-1	-23	-8	-8	6	6	-17	0	5	-3	11	-10	-2	-86	-86	14	14	13	-13	36	16	16	26	26	-12	-29	-29	-5	-5	13	16	16	-20	-32	-32	15	-17	-17	-3	-3	28	-30	-30	0	23	23	4	-12	-12	4	4	0	21	21	-7	29	-3	-9	-21	-21	-76	-76	22	-22	-22	-22	3	3	24	18	2	20	20	2	2	14	14	-26	-26	
-3	2	4	-6	3	1	-1	-4	0	0	-2	-2	-2	2	2	-8	-8	-1	-8	-2	0	0	4	0	1	1	-4	-4	-2	-2	-1	-1	-1	-9	1	4	4	4	-11	-1	0	0	2	2	4	-5	-5	2	2	0	0	2	2	2	-2	-2	-6	-1	-1	-1	-2	-1	1	-2	-2	5	5	-6	3	3	-2	-2	0	-1	-5	2	-5	3	4	-2	-2	-2	4	0	0	-1	-4	-4	-5	-5	3	3	-4	-4	-2	1	1	4	4	4	-3	4	4	-1	-1	-8	2	1	-5	-5	-1	-1	-2	-2	0	0	-3	-1	-2	1	1	-1	-4	-2	-2	-2	-2	-1	-5	1	-4	-4	-3	3	-17	-17	3	3	3	-3	6	0	0	12	12	-3	-3	-3	-1	-1	1	0	0	1	-2	-2	1	-3	-3	-2	-2	1	-8	-8	0	3	3	0	1	1	1	1	-3	0	0	-1	6	3	-2	-5	-5	-7	-7	-6	-9	-9	-9	1	1	-1	2	-5	4	4	2	2	5	5	-3	-3	
0	-1	-1	1	2	-1	0	0	-1	-1	1	1	-2	-3	-2	-2	-2	-1	-2	-3	-3	-3	2	-1	-3	-3	1	1	0	-1	-1	-2	-2	-2	0	0	-1	-1	-3	-3	-1	-1	-1	-1	4	-2	-2	-1	-1	-2	-2	-1	-1	-1	-5	-5	-4	-2	1	1	2	-3	-1	-4	-4	-1	-1	-1	2	2	0	0	0	1	-1	0	-1	1	-1	-3	-2	-2	2	-4	-3	-1	0	0	-1	-1	0	0	-1	-1	-3	0	0	2	2	2	-3	1	1	-3	-3	-2	1	0	-2	-2	-1	-1	-2	-2	-3	-3	0	-1	-1	0	0	-2	-1	0	0	-3	-3	0	-2	-1	-2	-1	-1	1	-5	-5	-1	-1	0	-1	1	1	1	-2	-2	1	-2	-2	0	0	-1	-1	-1	-1	-1	-1	0	0	0	-1	-1	-3	-4	-4	-2	2	2	2	2	2	-2	-2	-1	-5	-5	0	2	-1	-2	0	0	-1	-1	-3	-3	-3	-3	-1	-1	0	1	-5	3	3	2	2	-2	-2	-3	-3	
-1	8	-2	-4	-1	1	0	-6	-2	-2	0	0	-8	-1	-3	-2	-2	1	-8	2	-2	-2	-5	-3	-1	-1	-1	-1	7	-1	-1	-1	-1	0	1	-1	-4	-4	-1	3	-5	-5	4	4	4	-5	-8	6	6	-3	-3	-4	1	1	-4	-4	-6	3	-1	-1	-5	-1	-3	1	1	5	5	-2	-3	-3	-4	-4	-2	4	4	-3	3	-3	-3	1	-2	-2	0	-1	4	-4	0	0	3	3	-3	-3	0	0	0	3	-1	5	5	5	3	-2	-2	-2	-2	0	-1	-4	-2	-2	-1	-1	-7	-7	4	4	-3	1	-1	-5	-5	0	3	-3	-3	0	0	1	0	-1	-5	0	-2	-4	-1	-1	0	0	3	1	-5	1	1	-1	-1	3	3	3	-6	-6	0	-3	-3	-2	-1	-1	0	0	0	-3	-3	-2	-4	-4	-4	0	0	1	-2	-2	1	1	4	-4	-4	-2	-2	-2	0	-9	-9	-5	-5	-1	3	3	3	6	6	1	-3	-2	0	0	13	13	-4	-4	-3	-3	
Trial:18
7	-32	-9	15	-13	-60	-38	-48	-18	-18	9	-32	10	6	6	-61	25	12	12	-49	-49	26	-7	1	21	21	-81	-6	39	33	-4	-4	-33	22	20	19	19	-51	-77	0	3	3	90	43	-29	7	7	11	-13	-46	-46	-19	-19	-20	18	113	34	34	-46	5	-22	-22	8	8	-30	-30	-2	-21	-21	-40	-40	-23	1	1	17	17	32	32	-66	-66	20	20	52	21	21	43	-15	10	-5	-77	-77	35	35	-18	79	79	79	6	6	3	-9	-9	26	26	-14	-21	-21	-1	-1	-1	8	-57	-57	16	16	-51	15	15	-12	-12	-12	1	-38	-42	45	45	44	-41	35	-16	-16	63	63	5	5	-126	-126	-32	11	-5	22	22	25	25	8	7	-18	-18	-15	78	9	71	71	-48	-48	-15	-11	13	13	-4	-4	54	-14	-14	-39	-18	-18	-16	-3	-3	-37	-37	9	41	41	-12	-34	-34	17	0	0	10	10	4	41	41	40	40	-40	-40	-12	-12	-66	-66	19	-12	-12	-4	-4	-17	
-3	-11	-8	-3	-1	-1	-16	6	0	0	-2	-7	-4	-2	-2	-2	2	2	2	-10	-10	4	5	6	2	2	-16	5	7	3	0	0	-2	3	2	1	1	-3	-2	3	0	0	8	5	-10	-15	-15	4	-8	5	5	-9	-9	2	13	14	0	0	-9	0	0	0	2	2	-5	-5	1	-4	-4	-2	-2	-1	5	5	-7	-7	4	4	-9	-9	1	1	0	-2	-2	2	-1	-3	-10	2	2	-1	-1	-7	6	6	6	0	0	-1	2	2	2	2	-3	-5	-5	2	2	2	-1	-7	-7	-1	-1	1	1	1	-3	-3	-3	-3	-4	0	3	3	3	-3	2	-4	-4	3	3	-1	-1	-9	-9	-2	-8	-6	-1	-1	9	9	-2	0	-1	-1	-6	6	7	-6	-6	-3	-3	-5	4	-2	-2	-12	-12	-1	1	1	2	6	6	-2	5	5	-2	-2	-4	-3	-3	-4	1	1	0	-4	-4	-1	-1	-2	1	1	3	3	-4	-4	2	2	-6	-6	-1	0	0	-1	-1	-3	
-3	-6	-2	-7	0	2	-2	-4	4	4	-1	-2	-5	-17	-17	4	5	3	3	1	1	4	-3	0	0	0	-3	-1	-1	4	1	1	-1	9	-4	-2	-2	0	2	1	-1	-1	-6	-4	4	-2	-2	-7	-3	9	9	-4	-4	-3	3	0	1	1	-14	9	6	6	-1	-1	-2	-2	-4	-2	-2	15	15	5	4	4	-10	-10	-8	-8	-3	-3	-11	-11	1	-4	-4	1	3	-4	0	5	5	-1	-1	-1	-1	-1	-1	-3	-3	-4	1	1	-1	-1	0	0	0	3	3	3	1	2	2	-6	-6	-1	-16	-16	1	1	1	-3	-3	-1	5	5	0	-1	3	-7	-7	3	3	-1	-1	4	4	-18	-6	0	0	0	4	4	-5	2	5	5	-2	-1	3	-8	-8	0	0	6	5	5	5	-3	-3	0	-5	-5	4	1	1	-7	-7	-7	1	1	-2	-1	-1	0	-3	-3	-2	2	2	-2	-2	-16	2	2	4	4	1	1	6	6	0	0	-3	-3	-3	-2	-2	-1	
1	8	-3	-14	-3	2	6	-3	2	2	-2	-4	2	5	5	-16	-3	0	0	-1	-1	-13	14	-1	8	8	13	0	-17	12	-6	-6	-10	-4	4	0	0	-3	-6	16	-3	-3	-13	-4	1	2	2	-4	-7	7	7	-8	-8	-12	-1	-2	8	8	9	3	-1	-1	3	3	-5	-5	-9	-7	-7	10	10	0	-3	-3	-3	-3	-5	-5	-2	-2	-1	-1	2	-11	-11	2	5	-6	1	0	0	-3	-3	-12	-1	-1	-1	3	3	2	-3	-3	-3	-3	3	-2	-2	-3	-3	-3	-5	1	1	1	1	0	0	0	-4	-4	-4	-7	1	5	0	0	-17	-2	7	-3	-3	6	6	0	0	6	6	3	1	-2	-4	-4	2	2	8	0	0	0	-3	2	0	-4	-4	1	1	4	-6	-1	-1	5	5	0	3	3	4	-2	-2	7	-4	-4	-6	-6	-7	-7	-7	1	2	2	-1	3	3	-8	-8	-2	0	0	2	2	5	5	-3	-3	3	3	-7	-4	-4	-3	-3	-6	
-18	55	7	-21	-69	21	15	-9	-34	-34	-6	-66	41	34	34	-36	1	-58	-58	29	29	-10	107	-13	3	3	-2	24	-20	2	-10	-10	10	-7	-16	-15	-15	-59	-24	11	22	22	2	-42	18	30	30	-50	-18	3	3	-7	-7	-18	3	62	39	39	-7	-22	-19	-19	0	0	-41	-41	21	-9	-9	40	40	-13	-32	-32	-2	-2	-3	-3	-34	-34	-12	-12	-3	17	17	-2	2	25	-1	-5	-5	-9	-9	4	-4	-4	-4	45	45	-7	21	21	-24	-24	17	-8	-8	-68	-68	-68	16	16	16	13	13	47	-32	-32	2	2	2	9	-46	-5	-27	-27	14	1	-20	-18	-18	24	24	14	14	11	11	9	15	16	-10	-10	-10	-10	-17	18	-26	-26	-29	-3	5	-7	-7	-27	-27	2	8	-9	-9	-1	-1	26	-10	-10	34	3	3	-2	-39	-39	-10	-10	19	6	6	8	18	18	-21	2	2	-7	-7	3	-2	-2	17	17	12	12	2	2	14	14	14	0	0	-20	-20	-27	
1	2	2	-1	-5	5	0	3	-6	-6	-1	-17	4	1	1	0	-3	-7	-7	1	1	4	4	-3	-3	-3	0	0	-6	3	-4	-4	1	2	1	-2	-2	-8	-1	3	0	0	-4	-7	3	2	2	0	-5	1	1	-2	-2	-9	4	3	3	3	-5	1	-2	-2	-2	-2	-12	-12	5	0	0	-4	-4	1	3	3	-1	-1	-8	-8	2	2	1	1	-1	0	0	2	6	-13	-3	-6	-6	-1	-1	1	-6	-6	-6	4	4	-3	2	2	-4	-4	-1	1	1	-9	-9	-9	5	0	0	-4	-4	4	-4	-4	-6	-6	-6	-3	-3	1	-2	-2	-2	-1	7	-2	-2	5	5	7	7	-7	-7	-2	-6	1	-6	-6	-2	-2	-2	-3	-5	-5	0	-3	-4	-4	-4	-1	-1	3	2	1	1	2	2	3	-3	-3	4	-5	-5	-5	-3	-3	0	0	1	0	0	5	-1	-1	-6	3	3	0	0	0	-1	-1	4	4	4	4	0	0	-1	-1	-3	-5	-5	-5	-5	-4	
1	6	6	12	5	-5	-7	3	-15	-15	2	-6	-6	9	9	3	0	-1	-1	-10	-10	7	-4	4	-9	-9	8	0	3	-8	2	2	-6	4	0	-3	-3	-4	1	4	-5	-5	-1	-7	-2	-1	-1	1	-3	-2	-2	0	0	4	1	-11	4	4	-2	1	3	3	1	1	0	0	-11	-2	-2	-1	-1	4	1	1	1	1	-1	-1	-4	-4	0	0	0	0	0	-15	0	-2	-5	5	5	-3	-3	-1	0	0	0	-3	-3	-2	-1	-1	0	0	-2	1	1	-2	-2	-2	1	0	0	-1	-1	-1	0	0	-4	-4	-4	-4	-3	-2	3	3	-1	0	0	-2	-2	1	1	2	2	-2	-2	0	-3	-5	-2	-2	-2	-2	-3	-4	0	0	1	-1	-3	-2	-2	0	0	1	-1	1	1	0	0	2	0	0	-1	-3	-3	-3	0	0	0	0	0	-4	-4	1	-3	-3	-4	2	2	-1	-1	2	-1	-1	-1	-1	-1	-1	0	0	-2	-2	-2	-2	-2	-3	-3	2	
7	2	2	13	-1	-3	-8	-3	5	5	-6	-10	-3	4	4	-16	5	7	7	-9	-9	4	-6	6	-10	-10	-8	-5	-2	0	-1	-1	-3	-1	4	-3	-3	-8	-4	0	-2	-2	20	1	-3	-6	-6	0	-2	-2	-2	-2	-2	0	-4	2	-6	-6	-2	4	-1	-1	-1	-1	2	2	2	-1	-1	-1	-1	0	4	4	-7	-7	-1	-1	-10	-10	2	2	8	2	2	6	0	1	-4	-5	-5	-1	-1	-7	0	0	0	2	2	4	-2	-2	-1	-1	0	-2	-2	1	1	1	-1	-3	-3	-1	-1	-2	3	3	-8	-8	-8	-5	-4	-6	10	10	2	-2	0	-4	-4	3	3	-1	-1	-11	-11	0	-2	-5	3	3	1	1	0	1	-1	-1	-4	1	2	8	8	-2	-2	-4	1	-4	-4	-3	-3	5	-5	-5	-2	-2	-2	-2	1	1	-1	-1	3	-3	-3	-2	-3	-3	-3	1	1	-1	-1	-1	-2	-2	4	4	-3	-3	-4	-4	-5	-5	-5	-5	-5	0	0	-1	
Trial:19
91	-27	10	-13	-48	-25	26	-7	-39	0	-29	-29	-2	-2	106	-56	-43	-43	6	6	-2	-26	-26	86	86	6	6	-79	-79	6	6	-31	26	26	-44	-44	-14	13	20	20	3	3	37	-9	-9	-58	-58	31	-55	-55	59	59	-55	-14	-14	-30	-30	-30	-6	60	60	-46	-46	-31	-20	-20	-27	-27	21	74	5	-60	-60	-60	-30	7	7	120	120	-27	9	21	69	69	-24	-72	-5	-49	-49	-18	-20	-45	-45	1	1	98	-39	-19	12	12	-31	-31	55	17	-12	-8	-59	16	30	10	10	-12	-12	-32	2	50	-1	-17	-17	-8	9	9	7	7	-54	-40	27	-17	-17	77	30	-11	-3	-18	-18	-25	107	-19	4	4	-25	97	-9	-9	-9	-9	-29	-21	22	-11	-11	-1	4	32	-2	-2	60	31	-19	-19	-31	-31	-15	9	32	-16	-16	14	-2	-35	80	16	19	83	41	-26	-16	-16	-16	-56	5	-44	-44	-8	-8	35	-1	15	15	8	8	-18	56	56	-2	-2	55	55	-52	-52	
1	0	-3	-6	-4	-10	0	2	-3	-2	-2	-2	2	2	6	-7	-4	-4	-6	-6	-3	2	2	4	4	3	3	-7	-7	1	1	-2	3	3	-3	-3	1	0	-3	-3	-2	-2	-1	1	1	-5	-5	0	-3	-3	8	8	-6	0	0	-10	-10	-10	-1	12	12	-11	-11	-4	-3	-3	-4	-4	-3	8	1	0	0	0	0	2	2	6	6	-7	0	2	2	2	-2	-7	1	-8	-8	-5	-4	-11	-11	1	1	5	-5	-6	1	1	2	2	1	-4	2	2	-1	-2	-2	-3	-3	-2	-2	-4	-1	0	-3	0	0	-2	0	0	2	2	-8	-2	4	0	0	3	3	-3	1	-2	-2	-2	6	0	4	4	-4	7	-3	-3	-3	-3	0	-6	3	-3	-3	-2	4	-3	-1	-1	5	-3	-3	-3	-5	-5	0	-1	1	1	1	-5	1	-1	4	0	3	-3	0	2	-4	-4	-4	-5	-1	2	2	-5	-5	1	3	6	6	1	1	-4	-1	-1	-1	-1	-3	-3	-3	-3	
-21	6	-1	2	2	-7	3	-1	-22	0	0	0	5	5	-7	5	3	3	-11	-11	3	1	1	-2	-2	-1	-1	3	3	11	11	-5	2	2	0	0	1	-17	-4	-4	-4	-4	4	-15	-15	2	2	1	2	2	0	0	-2	-2	-2	-7	-7	-7	1	3	3	-3	-3	-4	-1	-1	-2	-2	-11	4	3	5	5	5	-1	1	1	-2	-2	-17	3	6	1	1	-3	-3	-10	-1	-1	0	0	-4	-4	3	3	-3	0	3	1	1	-1	-1	-13	-3	9	-3	-1	1	-4	-4	-4	6	6	-2	-2	-1	-5	-2	-2	7	0	0	2	2	-14	-1	9	1	1	-3	1	1	11	-6	-6	2	-6	-2	-2	-2	5	-2	-3	-3	3	3	-1	1	-18	8	8	-4	4	-4	1	1	-7	-1	5	5	-1	-1	0	-2	-1	5	5	-1	-3	2	-4	5	-17	-8	-1	-2	0	0	0	2	-4	2	2	0	0	-3	6	-2	-2	-6	-6	-1	-18	-18	4	4	-3	-3	-2	-2	
-6	7	8	-5	0	-9	-4	-3	-9	5	12	12	7	7	-5	7	-31	-31	-17	-17	5	3	3	11	11	-4	-4	8	8	0	0	-4	-2	-2	4	4	-4	-5	-1	-1	-2	-2	4	-3	-3	-6	-6	0	-8	-8	-12	-12	2	-3	-3	4	4	4	0	2	2	0	0	3	8	8	7	7	-8	15	-8	1	1	1	-2	6	6	-7	-7	6	0	6	-6	-6	-3	0	7	-18	-18	-2	5	-6	-6	-2	-2	-8	7	-2	1	1	-1	-1	5	4	4	-5	-3	3	-5	-1	-1	-5	-5	7	2	0	-1	-3	-3	5	8	8	-11	-11	-4	-4	6	-6	-6	-1	-7	-5	4	2	2	0	-9	9	-3	-3	4	-3	0	0	-8	-8	-9	13	-14	5	5	8	4	0	-1	-1	-3	-4	3	3	7	7	-3	-5	-6	-12	-12	8	7	-4	1	8	-9	-16	2	4	-6	-6	-6	-2	-7	0	0	4	4	-8	-4	-1	-1	0	0	6	-8	-8	11	11	7	7	-6	-6	
-2	-6	14	-8	-5	-17	-42	-13	6	28	45	45	6	6	33	-6	-41	-41	-16	-16	-41	-1	-1	5	5	12	12	11	11	-2	-2	4	-14	-14	8	8	49	-14	-20	-20	-3	-3	1	-20	-20	-28	-28	5	-11	-11	-1	-1	-12	7	7	23	23	23	-12	1	1	31	31	-30	11	11	1	1	-34	-27	-7	17	17	17	-5	-1	-1	13	13	13	-12	11	-23	-23	0	33	12	31	31	5	10	3	3	-38	-38	-8	23	-13	-19	-19	-13	-13	18	1	-11	-3	19	-23	35	-35	-35	15	15	6	-3	-12	-3	-1	-1	-17	7	7	-24	-24	-55	-42	41	1	1	49	23	-23	4	-7	-7	-4	10	-22	1	1	26	-31	7	7	3	3	-9	8	-22	-43	-43	14	-26	14	-6	-6	23	6	-11	-11	-20	-20	15	42	-7	13	13	0	-8	1	2	5	-16	-18	1	14	-23	-23	-23	9	31	1	1	0	0	10	6	-3	-3	-6	-6	5	-32	-32	-25	-25	14	14	-35	-35	
-7	3	-6	-1	-4	-4	-4	-1	3	0	2	2	2	2	-9	-5	0	0	-7	-7	-9	2	2	4	4	-4	-4	4	4	2	2	0	3	3	4	4	2	-1	-2	-2	0	0	-1	-4	-4	-1	-1	-3	-3	-3	-6	-6	-6	3	3	1	1	1	1	2	2	0	0	-2	3	3	1	1	-7	4	-2	3	3	3	-4	-1	-1	1	1	0	-1	2	-7	-7	0	-2	4	-6	-6	2	1	0	0	-3	-3	-8	5	3	0	0	0	0	4	2	-2	2	0	0	-8	-1	-1	3	3	3	-4	-5	2	2	2	-1	3	3	-7	-7	-8	-4	5	0	0	-1	8	0	1	-7	-7	0	0	-2	1	1	1	-3	1	1	-2	-2	-1	1	-7	-4	-4	2	-4	-1	0	0	0	6	1	1	1	1	-1	-8	-6	0	0	1	-1	3	2	-2	4	-4	4	1	-2	-2	-2	0	0	2	2	-1	-1	-4	4	-2	-2	2	2	2	-8	-8	-3	-3	1	1	-2	-2	
-3	4	-6	-4	2	-5	3	3	-4	-4	0	0	-2	-2	-7	0	0	0	-2	-2	-1	2	2	4	4	-2	-2	-3	-3	-3	-3	1	2	2	-2	-2	-4	-4	-5	-5	-2	-2	2	0	0	-1	-1	-3	1	1	-3	-3	-1	-2	-2	-3	-3	-3	1	2	2	0	0	0	1	1	-6	-6	1	6	1	0	0	0	-14	3	3	2	2	2	-1	-4	-21	-21	4	-2	5	-1	-1	1	-5	2	2	3	3	-2	3	2	1	1	-1	-1	0	-10	-1	4	-2	3	-3	-5	-5	3	3	-1	2	-1	1	-2	-2	6	2	2	-4	-4	-20	-1	3	0	0	0	2	1	0	1	1	5	-2	-1	5	5	-4	-2	-5	-5	-4	-4	-1	3	0	-2	-2	-2	-4	-1	1	1	-1	1	-2	-2	-2	-2	2	-3	-3	-3	-3	2	-3	3	-5	-1	2	-2	1	-3	0	0	0	-3	-3	0	0	2	2	-4	0	-2	-2	2	2	-3	0	0	-5	-5	-4	-4	1	1	
-2	4	4	-12	-7	-9	6	-3	-2	-1	-7	-7	4	4	-4	-3	3	3	-2	-2	-2	0	0	9	9	-5	-5	-10	-10	2	2	-4	7	7	-4	-4	-1	1	-3	-3	-1	-1	0	3	3	-4	-4	1	-4	-4	11	11	0	-8	-8	-9	-9	-9	3	15	15	-10	-10	-5	-6	-6	0	0	-2	11	0	-2	-2	-2	-8	1	1	8	8	-4	0	-1	-1	-1	1	-2	2	-9	-9	-5	-3	-13	-13	1	1	14	-3	-1	0	0	-8	-8	5	10	-4	2	-4	4	1	-1	-1	-5	-5	2	9	10	-4	0	0	-1	-3	-3	5	5	-11	-9	2	-6	-6	12	1	-8	-1	-1	-1	-1	13	-1	0	0	-3	11	-9	-9	-4	-4	-2	12	1	1	1	0	-12	2	2	2	9	5	-1	-1	-6	-6	-5	0	-1	-2	-2	-2	2	-3	8	1	1	10	2	-3	-4	-4	-4	-5	1	-5	-5	2	2	5	-2	-4	-4	5	5	-4	0	0	-15	-15	4	4	3	3	
