2020/5/20 8:22:19
Sampling rate: 100
Measure time: 2
Trial:0
1	1	4	12	8	-6	-6	0	2	9	-10	-10	11	-4	-51	-3	-3	3	3	2	1	-31	-31	3	1	28	4	5	5	-30	-36	3	3	3	24	18	-5	10	10	-2	-2	9	9	-3	-3	-5	2	10	-5	-5	14	14	-10	-12	-12	-10	4	13	-7	0	0	-14	-14	27	21	8	8	13	-7	21	-17	-17	-24	-24	-2	3	-1	2	2	10	-6	9	9	-9	-9	-2	7	7	-3	-3	-4	0	-28	6	6	-5	12	-14	-14	9	4	4	6	17	1	1	22	22	-3	-15	-15	-7	-5	8	-12	-2	-2	2	-9	-24	-24	8	10	10	-56	-56	9	9	11	12	1	-8	-8	2	2	2	10	14	14	4	4	2	-20	-20	-20	25	25	4	-23	-23	1	1	-7	-7	19	19	5	5	1	20	20	2	2	-19	9	9	4	4	-2	-2	11	11	-21	-21	-3	-15	-15	3	3	-8	-8	8	8	-9	-9	-23	-18	-18	10	10	16	9	-1	-48	-48	21	21	13	13	-2	
-1	-1	-2	1	-2	-5	-5	-4	1	4	-3	-3	3	-6	-4	-1	-1	1	1	-3	0	-4	-4	-3	0	0	-1	0	0	-2	-3	-4	-2	-2	1	1	1	1	1	-4	-4	1	1	-4	-4	1	-4	-1	-1	-1	0	0	-1	-1	-1	0	-1	1	-3	0	0	-2	-2	-4	3	2	2	0	0	0	-2	-2	-6	-6	-2	-1	-3	2	2	2	-2	3	3	0	0	-5	2	2	2	2	-3	-1	-2	2	2	-2	1	-6	-6	-2	0	0	1	-4	0	0	0	0	1	-2	-2	-7	0	-1	-2	0	0	-1	-1	-5	-5	2	0	0	-8	-8	0	0	1	-1	-3	-6	-6	2	2	2	0	2	2	0	0	-4	-3	-3	-3	-1	-1	0	6	6	2	2	-2	-3	4	4	-3	-3	-4	-4	-4	1	1	2	-1	-1	-4	-4	-1	-1	2	2	-3	-3	-2	-5	-5	2	2	-3	-3	-1	-1	1	1	-1	-4	-4	2	2	-2	3	-4	-4	-4	1	1	0	0	-1	
-4	-4	0	-3	-1	-1	-1	-1	-2	-1	-4	-4	-1	-2	-4	-3	-3	1	1	-2	1	0	0	-2	1	2	-1	0	0	-3	1	-2	-3	-3	-1	-2	1	-2	-2	-3	-3	-1	-1	-2	-2	0	-4	-2	-3	-3	0	0	2	-1	-1	-2	-3	-1	-2	0	0	3	3	-3	-2	-1	-1	-2	-1	-2	0	0	-4	-4	-2	0	-1	0	0	0	-2	1	1	-1	-1	-1	-1	-1	0	0	-1	-1	1	-1	-1	-3	-2	-3	-3	0	0	0	-2	-3	-2	-2	0	0	-1	-1	-1	-3	0	-2	1	-3	-3	-1	0	-3	-3	2	-2	-2	-3	-3	-2	-2	1	-3	-3	-2	-2	0	0	0	-1	-1	-1	1	1	-2	-1	-1	-1	-3	-3	0	2	2	-2	-2	-2	-2	3	3	0	0	-1	1	1	-1	-1	-1	-2	-2	-4	-4	-1	-1	2	2	-1	-1	-3	0	0	-2	-2	-3	-3	0	0	-2	-2	2	-1	-1	-3	-3	-1	0	-4	-3	-3	3	3	-2	-2	-1	
-2	-2	-2	0	-2	-1	-1	0	-3	-2	-1	-1	-3	-2	-2	0	0	0	0	-1	-2	0	0	-2	1	-2	0	2	2	-2	3	2	-2	-2	-1	-8	0	2	2	-3	-3	-2	-2	-2	-2	2	-1	-1	-2	-2	-2	-2	0	-1	-1	-2	-5	0	1	-3	-3	3	3	-4	-1	1	1	-3	-6	-1	0	0	-6	-6	1	-3	-1	4	4	2	0	3	3	-3	-3	-4	-2	-2	0	0	3	-1	1	-1	-1	-4	0	0	0	-5	-3	-3	-1	-1	0	0	-1	-1	-2	-4	-4	2	2	1	0	-1	-1	-2	0	-7	-7	7	1	1	-4	-4	-4	-4	3	1	-1	1	1	-1	-1	-1	-4	-2	-2	0	0	-2	-1	-1	-1	-2	-2	3	-1	-1	0	0	-3	-7	2	2	3	3	-2	1	1	-2	-2	-1	-4	-4	-7	-7	2	2	3	3	0	0	-2	2	2	-3	-3	-1	-1	2	2	-1	-1	-4	-2	-2	-2	-2	2	4	0	-2	-2	1	1	-5	-5	-2	
-2	-2	0	0	0	1	1	-4	-5	0	-1	-1	-3	0	-3	2	2	-5	-5	-3	0	3	3	-4	1	-2	1	2	2	2	0	0	-4	-4	1	-16	-1	1	1	-2	-2	-3	-3	0	0	14	2	2	-3	-3	-3	-3	-1	-5	-5	0	-11	0	-3	-6	-6	2	2	-4	-8	3	3	-4	-10	-2	0	0	-3	-3	4	-6	0	3	3	7	-2	4	4	-2	-2	-3	-6	-6	1	1	1	1	-1	-1	-1	-4	5	-4	-4	-2	-9	-9	2	-4	4	4	0	0	4	0	0	7	0	1	6	-2	-2	-1	3	-5	-5	14	-1	-1	-12	-12	-1	-1	3	-5	-3	4	4	0	0	0	-8	1	1	0	0	-5	-2	-2	-2	-11	-11	0	1	1	-1	-1	-1	-17	3	3	3	3	0	2	2	-7	-7	0	-1	-1	-9	-9	-1	-1	1	1	-1	-1	3	-2	-2	-7	-7	3	3	-4	-4	-7	-7	-11	4	4	1	1	9	13	6	-1	-1	-2	-2	-13	-13	0	
-8	-8	0	-3	0	-3	-3	2	0	2	-7	-7	-1	2	-3	4	4	-6	-6	-2	3	4	4	-2	3	-1	0	2	2	2	-5	-2	-5	-5	-3	-4	-4	-8	-8	2	2	-1	-1	2	2	0	-2	-1	1	1	-1	-1	1	-2	-2	0	0	0	-1	-1	-1	-1	-1	1	-2	1	1	-1	-4	0	-4	-4	-1	-1	5	3	-6	0	0	-2	-5	1	1	-3	-3	1	-1	-1	-1	-1	0	2	-2	-2	-2	-9	-1	-5	-5	1	-1	-1	2	-3	2	2	0	0	1	-2	-2	-5	4	-6	1	-2	-2	3	1	-2	-2	3	-3	-3	0	0	-4	-4	-1	-3	0	-2	-2	-3	-3	-3	-1	-5	-5	0	0	-10	1	1	1	-2	-2	5	-5	-5	3	3	1	-4	1	1	1	1	0	-4	-4	-3	-3	-3	3	3	-4	-4	0	0	-1	-1	1	1	2	-3	-3	-4	-4	1	1	-4	-4	-2	-2	1	0	0	-5	-5	1	1	-2	0	0	0	0	-6	-6	2	
-22	-22	13	-18	-6	-57	-57	35	5	12	-48	-48	0	13	-1	5	5	-68	-68	33	26	43	43	2	-14	27	6	29	29	-1	-9	-25	2	2	-12	15	-31	-69	-69	35	35	13	13	11	11	11	-27	23	7	7	-1	-1	-5	-6	-6	34	0	-31	8	26	26	3	3	24	-2	-9	-9	15	-24	2	-22	-22	14	14	17	12	-10	-14	-14	-10	-31	-6	-6	-6	-6	7	-5	-5	12	12	-41	11	-5	7	7	-17	2	-56	-56	17	15	15	29	-10	14	14	13	13	21	-12	-12	14	3	-43	2	-10	-10	8	11	-9	-9	5	14	14	-7	-7	-24	-24	-4	10	30	9	9	-9	-9	-9	2	-31	-31	20	20	-22	1	1	1	9	9	-11	-12	-12	28	28	-3	21	5	5	-21	-21	4	-23	-23	11	11	-29	21	21	-3	-3	6	6	-25	-25	8	8	31	10	10	5	5	3	3	-2	-2	-15	-15	2	14	14	-7	-7	-5	-20	-2	-3	-3	4	4	11	11	7	
-5	-5	0	-3	-4	-16	-16	3	6	4	-8	-8	5	7	-15	-5	-5	-15	-15	5	10	-5	-5	-3	-3	16	4	9	9	-12	-12	-1	4	4	5	10	1	-12	-12	0	0	0	0	-7	-7	5	-7	4	2	2	2	2	-3	-2	-2	-7	5	-15	-7	9	9	-4	-4	16	8	-1	-1	1	-1	3	-17	-17	-2	-2	14	-2	-9	-13	-13	7	-11	-3	-3	-5	-5	3	1	1	5	5	-8	0	-19	4	4	-8	5	-25	-25	10	8	8	10	6	3	3	10	10	-1	-6	-6	3	1	-11	-9	-4	-4	5	2	-3	-3	1	10	10	-19	-19	-7	-7	-1	1	4	-18	-18	3	3	3	9	3	3	9	9	-8	-5	-5	-5	5	5	-1	-12	-12	12	12	0	-1	7	7	-4	-4	-5	-11	-11	8	8	-6	5	5	-7	-7	8	8	2	2	-6	-6	6	-8	-8	2	2	0	0	0	0	-8	-8	-7	3	3	-8	-8	3	3	-1	-12	-12	10	10	4	4	0	
Trial:1
2	10	-34	-7	-5	0	7	7	2	-1	-17	9	9	-4	-3	-9	-9	0	0	2	-2	-3	9	9	6	8	0	10	-8	-7	-7	34	34	16	16	-9	-9	5	-37	-37	-2	-2	18	8	8	-51	-51	-2	32	-1	-1	-3	-3	15	15	1	-12	-12	4	7	-4	-14	-14	-14	25	6	13	12	12	-46	1	-20	11	6	9	3	-45	10	1	1	12	-3	-3	-1	-1	-1	-6	-4	-12	12	12	-7	-19	29	19	19	19	-24	5	-2	2	2	-12	-12	13	13	-10	-10	11	-8	-4	-11	-11	0	0	-16	-16	-2	-2	0	0	0	22	22	7	9	9	6	-31	-31	-2	-2	-5	2	26	26	0	-4	3	8	8	7	7	6	-14	-14	-7	-7	6	1	0	0	-6	-6	6	-15	-15	13	10	10	-11	18	18	-17	-17	-17	-14	-14	13	13	13	-6	13	13	-1	-1	9	0	18	-36	-36	-5	-5	-23	-23	9	9	16	21	-8	6	6	-8	5	0	-4	-17	-17	12	2	
3	-3	-7	-2	-4	-2	-3	-3	3	-4	-3	-11	-11	3	1	-3	-3	1	1	0	-5	-3	0	0	2	-2	1	-1	-1	-1	-1	4	4	3	3	-3	-3	1	-5	-5	2	2	-3	-1	-1	-3	-3	0	-2	-4	-4	-1	-1	-6	-3	4	-5	-5	1	-1	0	0	0	0	0	-1	4	-3	-3	-2	1	0	-2	-3	-1	-1	-11	-2	0	0	-1	-3	-3	-2	-2	-2	1	-2	-1	-3	-3	-3	-3	2	1	1	1	-6	3	-1	3	3	0	0	1	1	1	1	-1	-1	0	-3	-3	2	2	-3	-3	-1	-1	-3	-3	-3	1	1	-1	-1	-1	1	-7	-7	1	1	0	-3	-1	-1	-2	1	-1	-2	-2	4	4	-1	-2	-2	-2	-2	0	1	3	3	-2	-2	-1	-5	-5	0	-3	-3	-1	-1	-1	-5	-5	-5	-2	-2	2	2	2	-1	-3	-3	3	3	-5	0	1	-7	-7	1	1	2	2	-3	-3	1	-3	-3	-1	-1	3	-1	-6	0	-5	-5	2	5	
-1	-3	0	-3	-2	-1	-3	-3	-1	-3	-3	-5	-5	2	3	-2	-2	1	1	-2	-1	1	-3	-3	-1	0	0	-3	2	-1	-1	-1	-1	0	0	0	0	1	-2	-2	-1	-1	-6	-1	-1	-1	-1	2	-2	-3	-3	-1	-1	-1	-3	-1	-7	-7	0	0	-1	-2	-2	-2	-2	-3	1	0	0	-2	-2	-1	0	-2	-2	0	-4	3	1	1	2	-1	-1	-3	-3	-3	-3	0	-2	-1	-1	-4	-3	-1	-1	-1	-1	0	0	-2	-1	-1	-4	-4	1	1	-1	-1	1	-3	0	-2	-2	-1	-1	-2	-2	-2	-2	-1	-1	-1	-1	-1	0	1	1	1	-3	-3	-1	-1	-1	-4	-3	-3	0	-1	0	-6	-6	0	0	1	-2	-2	2	2	-1	-3	2	2	-1	-1	-2	-2	-2	0	-1	-1	1	-2	-2	-5	-5	-5	1	1	-2	-2	-2	-3	-1	-1	2	2	-6	-1	3	-2	-2	1	1	-1	-1	-2	-2	-1	2	-4	0	0	-1	0	-6	2	0	0	-4	0	
-3	-4	0	-1	-2	-2	-4	-4	-5	-1	-1	-4	-4	1	1	1	1	2	2	-1	2	1	-3	-3	-3	-1	3	0	3	-2	-2	-2	-2	2	2	-2	-2	0	-2	-2	0	0	-4	-2	-2	2	2	0	-5	-3	-3	1	1	-1	-1	-8	-5	-5	0	2	0	4	4	4	1	-2	-3	0	0	0	4	-5	-1	-3	-2	2	6	3	2	2	-2	-1	-1	0	0	0	-3	-1	0	0	0	0	-4	1	0	0	0	-1	-1	-1	1	1	-5	-5	-2	-2	1	1	-2	0	-3	1	1	-4	-4	-1	-1	-1	-1	0	0	0	1	1	1	0	0	0	-2	-2	2	2	1	-2	-2	-2	-1	5	1	-6	-6	0	0	0	-2	-2	-1	-1	-1	4	-1	-1	-4	-4	-2	0	0	-2	-1	-1	-1	3	3	-3	-3	-3	2	2	-3	-3	-3	3	-6	-6	-3	-3	-5	-6	2	-6	-6	4	4	-6	-6	4	4	4	5	2	0	0	0	-3	-3	0	0	0	0	3	
-4	-12	2	11	0	0	-7	-7	-6	-5	-1	-11	-11	5	1	-3	-3	1	1	2	5	3	-7	-7	-5	0	8	-4	3	-6	-6	0	0	1	1	-5	-5	-1	3	3	3	3	-4	-4	-4	0	0	-5	-5	-5	-5	9	9	-3	2	-10	-5	-5	2	-6	0	2	2	2	1	-2	-12	3	3	1	0	-2	-1	-7	-3	10	4	5	-2	-2	-7	0	0	-3	-3	-3	-1	-9	0	-2	-2	2	0	2	0	0	0	-1	2	1	-1	-1	-3	-3	-4	-4	0	0	-2	-1	-1	4	4	-2	-2	-2	-2	-1	-1	1	1	1	3	3	-2	-4	-4	0	-1	-1	-6	-6	9	-3	-6	-6	1	16	0	-7	-7	-2	-2	3	-4	-4	-2	-2	0	10	1	1	-12	-12	-3	-3	-3	0	0	0	3	8	8	-3	-3	-3	4	4	-1	-1	-1	4	-10	-10	-8	-8	-9	-13	6	1	1	-6	-6	-8	-8	9	9	-1	1	4	0	0	-2	-3	-6	0	0	0	1	3	
0	0	-6	1	-1	-2	0	0	-2	-3	-13	-1	-1	3	0	1	1	1	1	-2	4	-4	1	1	-3	0	3	-12	3	-2	-2	1	1	2	2	-2	-2	-2	-1	-1	-3	-3	3	0	0	0	0	-3	2	-13	-13	5	5	0	-2	-3	-12	-12	-2	1	1	-6	-6	-6	7	-4	2	-4	-4	-1	2	3	-4	-6	-2	2	7	-1	-1	-1	-3	-2	-2	-4	-4	-4	-1	-9	0	-1	-1	-4	-5	0	1	1	1	-2	-2	2	2	2	-12	-12	6	6	0	0	-1	-1	-4	-6	-6	1	1	2	2	1	1	-3	-3	-3	0	0	-1	-1	-1	0	-1	-1	-9	-9	2	0	-4	-4	-1	6	2	-3	-3	-4	-4	4	-1	-1	2	2	-1	2	-1	-1	-3	-3	-6	-2	-2	1	-1	-1	3	-2	-2	-4	-4	-4	1	1	1	1	1	2	-6	-6	3	3	-8	-1	8	2	2	-4	-4	-4	-4	-1	-1	-1	3	2	-1	-1	3	0	1	0	-2	-2	-3	-1	
-31	25	-20	15	27	6	-10	-10	2	-4	-64	19	19	14	5	-5	-5	3	3	-4	-17	-9	-11	-11	-1	-3	32	6	12	-2	-2	-1	-1	19	19	-24	-24	11	-6	-6	-19	-19	21	4	4	-4	-4	24	0	-41	-41	9	9	-4	-12	-11	-55	-55	8	7	11	18	18	18	22	7	13	-20	-20	-53	9	-13	-10	-2	8	18	26	-5	12	12	-15	-6	-6	-3	-3	-3	17	-45	-6	-5	-5	-25	-8	24	4	4	4	-9	13	11	9	9	-30	-30	15	15	8	8	-23	-2	8	-29	-29	18	18	11	11	13	13	-5	-5	-5	28	28	3	8	8	-30	0	0	-30	-30	13	10	-59	-59	12	11	17	4	4	-40	-40	23	8	8	20	20	-7	38	6	6	17	17	-1	-50	-50	6	16	16	18	-8	-8	-18	-18	-18	-12	-12	6	6	6	49	-11	-11	18	18	-12	9	9	7	7	-14	-14	5	5	-21	-21	2	25	5	-1	-1	5	13	5	-18	7	7	10	-4	
-2	15	-17	10	7	2	-14	-14	-1	-6	-11	9	9	5	6	-18	-18	2	2	1	-11	-12	2	2	1	-4	9	5	6	-7	-7	10	10	-1	-1	-4	-4	-3	-18	-18	6	6	11	-6	-6	-13	-13	6	3	-10	-10	1	1	2	4	-11	-6	-6	3	17	4	-2	-2	-2	-1	6	12	2	2	-22	1	-10	-1	5	3	5	-38	-6	0	0	8	0	0	-2	-2	-2	-1	-12	-8	-3	-3	-17	-8	16	-6	-6	-6	-1	7	-2	12	12	-4	-4	7	7	6	6	-8	4	-1	-4	-4	0	0	2	2	2	2	-11	-11	-11	13	13	4	8	8	-6	-10	-10	2	2	4	3	-11	-11	7	4	2	1	1	-10	-10	6	-8	-8	2	2	-1	20	2	2	7	7	0	-10	-10	6	-3	-3	2	-9	-9	-19	-19	-19	0	0	9	9	9	9	-8	-8	4	4	9	10	3	-12	-12	-4	-4	-7	-7	-10	-10	10	4	-1	-1	-1	-1	2	3	-1	-4	-4	7	2	
Trial:2
-2	21	0	0	-5	3	-37	-1	-1	1	1	8	7	7	7	31	11	-7	-5	-5	-50	-50	18	3	3	-1	-1	3	3	-3	-3	19	19	3	-1	-1	6	6	-4	20	-1	-1	30	30	-16	-59	-59	14	14	-20	5	5	5	-6	-6	5	-2	-2	21	21	5	-3	-1	8	8	-10	-10	-5	-5	4	4	2	-18	4	14	14	-20	-7	-8	-8	-39	7	9	-15	-15	15	15	2	-5	2	17	17	17	10	12	2	5	5	8	8	9	-11	3	1	1	-8	17	1	1	-2	0	21	-7	-7	-38	-38	17	4	1	8	8	8	13	-7	-7	1	1	-1	5	1	11	11	-1	13	-20	17	17	-17	-17	5	5	-3	-3	18	-24	-13	1	1	-4	7	-6	-6	-29	-29	-1	-9	12	3	3	5	-31	-4	7	7	-17	1	24	7	0	1	-2	3	-6	-5	-5	-17	6	8	8	2	2	13	13	14	18	18	3	3	-19	-9	-4	-1	5	5	7	7	-16	-16	-7	10	
-2	1	2	2	-3	-1	-3	-4	-4	-1	-1	-3	2	2	2	-5	-3	-2	-1	-1	-3	-3	-1	1	1	1	1	1	1	1	1	2	2	0	-4	-4	0	0	-1	0	-1	-1	-5	-5	-5	-7	-7	1	1	-3	0	1	1	-1	-1	1	-2	-2	0	0	2	-2	-3	1	1	-2	-2	-3	-3	0	0	2	-3	-3	2	2	-2	0	-11	-11	-3	-2	-4	0	0	7	7	-1	-6	-1	-2	-2	-2	0	-1	4	0	0	-2	-2	-2	1	0	1	1	1	2	-3	-3	0	-4	3	-1	-1	-4	-4	2	-2	-5	0	0	-2	0	0	0	-2	-2	-2	-4	0	-2	-2	4	1	-8	4	4	-6	-6	1	1	-5	-5	1	-9	-2	0	0	-1	-1	0	0	-2	-2	1	-2	-1	-4	-4	-3	-2	-2	-3	-3	-6	-3	2	2	-1	4	4	0	-2	-3	-3	-1	1	-1	-1	-3	-3	-4	-4	3	2	2	1	1	-1	0	0	0	-3	3	-5	-2	-2	-2	2	-2	
-2	-1	2	2	-5	-2	-2	-1	-1	0	0	-3	-1	-1	-1	-3	-3	0	-1	-1	1	1	-3	0	0	-1	-1	2	2	0	0	1	1	0	-4	-4	-1	-1	-2	0	-2	-2	-4	-4	-2	-2	-2	0	0	-1	-2	-1	-1	-3	-3	0	1	1	2	2	0	-1	-1	-1	-1	-1	-1	-2	-2	1	1	-1	-2	-1	0	0	-3	0	0	0	-1	-2	-2	-1	-1	-2	-2	0	-3	-1	-3	-3	-3	-1	-1	1	-2	-2	-1	-1	0	-1	-3	0	0	0	-1	-2	-2	-1	0	0	-3	-3	1	1	0	-1	-2	-1	-1	1	-1	-1	-1	0	0	-2	-2	0	-3	-3	0	-1	-3	1	1	-1	-1	-1	-1	-2	-2	-1	-4	0	0	0	-1	1	0	0	-1	-1	-1	0	-2	0	0	-3	0	-1	-1	-1	-5	-3	2	-2	0	0	-1	0	-1	-1	-1	-3	-2	-2	-2	-1	-1	-1	-1	0	2	2	0	0	-2	-4	0	0	-3	0	-2	0	1	1	2	0	
-1	-6	3	3	-5	-1	-2	2	2	-1	-1	-3	-2	-2	-2	-3	2	-2	-6	-6	3	3	-6	0	0	0	0	1	1	3	3	1	1	1	-7	-7	0	0	3	-2	-3	-3	-6	-6	1	-2	-2	4	4	-1	-2	-3	-3	-1	-1	-2	1	1	1	1	-2	-2	-1	2	2	-3	-3	2	2	-1	-1	-2	0	-1	-2	-2	0	3	1	1	-1	0	-3	0	0	-1	-1	-3	-2	0	0	0	0	-3	-1	-1	-5	-5	-1	-1	1	-1	-3	-2	-2	-2	-2	1	1	-2	-1	0	-1	-1	3	3	-1	-1	1	-4	-4	3	-4	-1	-1	-2	-2	-6	-4	1	-3	-3	1	-2	-1	2	2	-1	-1	-1	-1	1	1	-4	-3	0	-3	-3	0	-1	-1	-1	-2	-2	0	-1	-5	1	1	2	0	0	-2	-2	-3	-2	-1	-3	1	0	-1	-6	2	1	1	0	0	-6	-6	-1	-1	-1	-1	1	1	1	-3	-3	-3	0	0	2	-3	2	-3	-3	-1	-1	-1	2	
-2	-10	2	2	-14	-9	-10	-2	-2	1	1	1	-1	-1	-1	-9	0	1	-4	-4	10	10	-19	2	2	2	2	-6	-6	8	8	4	4	5	-8	-8	4	4	4	-5	-5	-5	-9	-9	-2	1	1	10	10	5	2	-5	-5	1	1	-6	-3	-3	5	5	-9	2	1	4	4	-4	-4	5	5	-5	-5	3	1	1	-5	-5	2	5	3	3	3	4	-12	0	0	0	0	-9	2	-4	-2	-2	-2	-6	-2	-4	0	0	-1	-1	3	-3	0	-2	-2	-5	-4	-3	-3	-3	-3	0	2	2	4	4	1	-2	0	-5	-5	10	-10	-5	-5	3	3	-11	-6	6	-10	-10	7	-4	-4	4	4	0	0	-4	-4	-1	-1	-8	4	0	-4	-4	1	1	0	0	-4	-4	4	4	-3	4	4	-1	2	-2	2	2	-3	0	-2	3	-2	-1	-5	-11	-4	0	0	2	8	-10	-10	2	2	0	0	-6	8	8	-3	-3	0	-2	-4	0	-3	4	-1	-6	4	4	-8	4	
-5	3	0	0	-4	-9	-3	-3	-3	3	3	1	1	1	1	-6	-2	1	0	0	4	4	-12	-2	-2	0	0	0	0	0	0	2	2	0	-1	-1	1	1	-5	0	1	1	-8	-8	-5	6	6	1	1	-5	0	2	2	-1	-1	-3	3	3	7	7	-2	2	-4	-2	-2	-2	-2	-1	-1	-1	-1	-2	-3	-2	2	2	-3	1	-1	-1	-4	-5	-4	-5	-5	-2	-2	3	-4	4	-3	-3	-3	-3	4	2	-7	-7	-2	-2	-1	0	-4	1	1	-1	-1	-4	-4	-4	-4	1	1	1	3	3	3	0	-3	0	0	2	0	-2	-2	2	2	-3	-3	3	-3	-3	1	0	-1	1	1	0	0	-2	-2	-1	-1	-4	-1	-2	-2	-2	-5	0	-2	-2	-1	-1	3	-3	-7	4	4	-5	3	-1	-1	-1	-1	-9	-3	3	5	-3	-5	3	0	-2	-2	-2	3	2	2	3	3	-3	-3	0	-3	-3	-1	-1	0	-3	-1	0	-9	1	2	-3	1	1	-2	3	
-15	25	6	6	6	-32	-7	-1	-1	6	6	30	-5	-5	-5	-27	19	8	9	9	3	3	-33	-8	-8	4	4	-5	-5	8	8	3	3	-6	-8	-8	-6	-6	2	-14	6	6	0	0	0	26	26	-7	-7	-14	-1	3	3	14	14	-15	-1	-1	12	12	9	1	-26	4	4	-9	-9	1	1	3	3	-10	-11	-13	34	34	-28	1	0	0	-16	-9	-13	-15	-15	2	2	-5	-1	20	4	4	4	-13	-10	-22	-26	-26	18	18	13	7	-14	9	9	-3	-6	-8	-8	12	-23	1	8	8	-8	-8	23	0	-4	-8	-8	0	-2	-36	-36	11	11	5	0	6	-3	-3	16	-10	-18	7	7	14	14	7	7	-3	-3	-2	3	-21	8	8	-23	27	34	34	6	6	-14	-33	-9	15	15	-8	-7	3	-22	-22	-4	-46	-18	11	-1	0	-13	19	-4	-7	-7	-23	17	47	47	14	14	13	13	-4	-37	-37	-9	-9	10	11	-11	2	-53	4	38	9	-3	-3	15	2	
-2	9	4	4	1	-1	-25	-4	-4	5	5	10	4	4	4	-11	6	3	-5	-5	-14	-14	5	3	3	-2	-2	-4	-4	1	1	3	3	-1	9	9	1	1	3	-3	2	2	-4	-4	-2	-12	-12	0	0	-11	4	7	7	-5	-5	3	1	1	1	1	-2	-5	-12	5	5	-2	-2	-1	-1	7	7	5	-12	-1	8	8	-10	4	-7	-7	-9	5	-2	-7	-7	7	7	-3	0	4	14	14	14	4	-2	-6	0	0	-2	-2	6	1	4	7	7	-7	5	-5	-5	1	-4	10	1	1	-14	-14	6	12	-10	-2	-2	2	4	-19	-19	6	6	-2	1	2	2	2	5	-6	-2	-1	-1	3	3	4	4	-4	-4	4	-3	-5	2	2	-7	4	3	3	-1	-1	1	-9	-4	-2	-2	-17	-27	-1	0	0	1	-10	-13	6	8	6	1	2	2	-2	-2	-2	3	16	16	1	1	-8	-8	-5	-3	-3	6	6	-8	1	-1	0	-25	-1	11	9	-6	-6	5	3	
Trial:3
4	0	13	-6	4	4	-19	-19	4	8	7	7	8	8	-2	-2	2	2	-10	17	-13	5	5	-1	10	25	12	12	12	-1	-7	29	-35	-35	-3	-3	8	-7	-7	-8	-8	-9	-9	-3	-3	21	21	8	-10	-10	-15	-15	7	-16	-16	3	-4	-4	-7	35	35	-11	-11	-9	-14	-14	15	15	19	-36	-36	5	5	5	-4	-24	-24	-7	-7	1	-50	-50	11	3	3	36	45	45	18	18	-7	-2	-11	2	2	2	-13	4	-25	34	34	-54	2	12	2	2	2	-46	15	15	10	10	7	7	19	-8	-8	-2	-2	10	10	-11	-11	19	7	-20	-13	-13	13	13	11	27	27	-6	9	9	-6	-44	5	5	5	5	-2	-2	-11	-11	10	4	-14	18	18	-25	13	-8	-8	7	7	-62	13	13	1	1	7	-19	19	19	-4	-4	10	0	-43	30	30	2	18	6	6	-46	-46	14	-13	8	9	9	7	-31	-1	9	16	-40	4	-2	-1	-8	-8	5	2	-8	13	13	
-2	-3	-3	-2	-2	-2	-1	-1	-1	2	1	1	-1	3	-4	-4	-3	-3	-3	2	-1	3	3	3	-3	-3	-1	-1	-1	-2	-3	-2	-3	-3	0	0	0	-3	-3	1	1	-1	-1	-1	-1	-1	-1	-6	-2	-2	2	2	1	-1	-1	5	-1	-1	2	-4	-4	-1	-1	-2	-1	-1	3	3	1	-6	-6	-1	-1	-1	-2	-6	-6	-4	-4	1	-3	-3	3	1	1	2	1	1	4	4	-4	1	-1	-1	-1	-1	-1	1	-5	5	5	-6	-1	1	-4	-4	-4	-2	-2	-7	-1	-1	0	0	-1	2	2	2	2	-2	-2	-6	-6	3	-2	-3	-1	-1	0	0	5	-1	-1	0	1	-5	0	-1	1	1	-2	-2	-2	-2	0	0	1	0	-1	2	2	-3	-1	-9	-9	1	1	-4	1	1	-4	-4	-1	-4	3	3	-1	-1	-1	1	-6	-3	-3	0	1	2	2	-2	-2	0	-1	1	1	1	-5	-1	0	-3	4	-2	3	-3	-2	-2	-2	-2	-4	-4	3	3	
-2	-5	1	-1	1	1	1	1	-1	-1	-2	-2	-1	-3	-2	-2	-3	-3	-2	-1	1	1	1	-2	0	-3	2	2	2	-2	0	1	-3	-3	1	1	-2	-3	-3	-1	-1	-1	-1	1	1	-1	-1	-2	0	0	-1	-1	-3	-2	-2	-1	-3	-3	-1	-2	-2	-1	-1	-2	0	0	-6	-6	3	2	2	-2	-2	-2	-3	-2	-2	-2	-2	-5	3	3	-5	4	4	1	-1	-1	1	1	-1	-1	0	1	1	1	-14	0	6	-1	-1	-3	-2	-1	-1	-1	-1	0	5	-1	-2	-2	-3	-3	0	0	0	0	0	-4	-4	-4	-4	1	1	-1	-3	-3	-3	-3	3	0	0	-4	0	0	-2	1	0	0	-2	-2	1	1	-1	-1	-5	0	1	3	3	-1	-2	-4	-4	-3	-3	-1	-3	-3	-3	-3	-12	-4	1	1	-3	-3	-1	3	0	0	0	0	1	-7	-7	6	6	1	0	0	7	7	-3	-3	1	-4	-3	-2	1	4	-7	1	1	-1	0	-4	0	0	
-7	2	1	-1	2	2	-5	-5	0	1	0	0	-2	2	0	0	-1	-1	2	-1	5	-4	-4	-1	-3	-7	2	2	2	-3	-1	0	1	1	2	2	-4	-3	-3	4	4	0	0	3	3	-1	-1	-2	3	3	-4	-4	-4	-3	-3	-4	-6	-6	-7	0	0	-2	-2	0	0	0	2	2	-1	0	0	-2	-2	-2	1	-1	-1	2	2	-3	1	1	1	0	0	-1	-4	-4	1	1	2	0	2	0	0	0	-6	1	4	2	2	-3	-3	-3	3	3	3	0	3	-4	-2	-2	-3	-3	-4	0	0	0	0	-7	-7	-4	-4	0	-1	0	-4	-4	1	1	5	0	0	0	1	0	-1	-4	-2	-2	-4	-4	3	3	2	2	-7	0	-2	4	4	0	-4	-1	-1	-4	-4	-2	-3	-3	2	2	0	0	0	0	-15	-15	1	2	0	-3	-3	5	2	-1	-1	3	3	0	-1	-1	-3	-3	-1	-1	-3	1	-4	-1	1	5	-6	6	6	0	-1	2	0	0	
-11	2	2	-1	1	1	-4	-4	5	0	8	8	-2	-1	0	0	-11	-11	1	-1	3	1	1	-2	3	-6	-1	-1	-1	0	-14	-4	1	1	-1	-1	-9	-6	-6	6	6	7	7	6	6	2	2	-3	-1	-1	-7	-7	-4	-3	-3	-4	-11	-11	-1	0	0	-8	-8	5	4	4	5	5	-3	-1	-1	1	1	1	-3	2	2	-3	-3	-4	3	3	-2	4	4	1	-5	-5	-3	-3	10	-1	5	0	0	0	-7	5	-5	11	11	-13	0	-2	-8	-8	-8	0	7	-8	6	6	-1	-1	0	5	5	-3	-3	-8	-8	-2	-2	-4	3	1	-2	-2	0	0	3	-11	-11	-2	5	3	2	1	-6	-6	2	2	3	3	2	2	-10	3	-9	6	6	-2	-7	3	3	-10	-10	4	-9	-9	4	4	12	4	-3	-3	-25	-25	3	-2	1	-5	-5	5	1	4	4	13	13	-5	-8	-7	4	4	-1	4	-7	7	-2	1	1	3	-9	5	5	1	-3	5	0	0	
0	3	2	-9	3	3	0	0	2	-6	6	6	-5	-2	0	0	-3	-3	-1	3	-1	2	2	-2	-3	0	1	1	1	1	-7	-3	-8	-8	-6	-6	2	3	3	-3	-3	4	4	-3	-3	2	2	-2	1	1	-3	-3	-5	-7	-7	-3	0	0	1	0	0	1	1	0	-1	-1	1	1	0	-1	-1	-5	-5	-5	-3	2	2	-13	-13	0	3	3	-2	0	0	0	-5	-5	3	3	-4	-1	3	3	3	3	-3	0	4	5	5	0	-4	-5	-5	-5	-5	3	4	-14	0	0	-1	-1	-6	4	4	1	1	-2	-2	0	0	0	4	2	-5	-5	-9	-9	6	4	4	-4	-1	-1	3	-1	0	0	2	2	1	1	0	0	-8	6	-2	-4	-4	-2	-2	-2	-2	0	0	-4	-5	-5	3	3	1	0	-2	-2	-7	-7	4	-2	-3	-2	-2	3	2	-1	-1	1	1	-4	-3	-1	-1	-1	-3	4	4	-2	2	-2	0	1	-3	0	0	1	5	-12	4	4	
32	-8	-2	-36	24	24	-18	-18	5	-53	79	79	-5	32	-8	-8	6	6	-23	10	-30	8	8	10	1	12	29	29	29	17	-20	-20	-44	-44	1	1	-19	12	12	7	7	19	19	-51	-51	21	21	-4	-16	-16	16	16	-9	-62	-62	0	14	14	20	-1	-1	14	14	30	-14	-14	-1	-1	20	8	8	-23	-23	-23	-9	-25	-25	10	10	-4	-12	-12	-4	-18	-18	24	-27	-27	34	34	-51	0	16	26	26	26	-26	-19	17	28	28	-1	2	4	19	19	19	-7	12	-69	0	0	3	3	-42	25	25	15	15	-6	-6	24	24	6	35	3	-21	-21	-33	-33	40	21	21	-38	7	10	19	5	-8	-8	5	5	-4	-4	2	2	-19	41	1	-7	-7	-5	1	3	3	16	16	-8	-60	-60	13	13	-4	2	-9	-9	2	2	-7	-14	2	8	8	54	27	-6	-6	13	13	-12	15	-12	0	0	15	8	30	-6	-15	-16	14	-7	-22	-19	-19	-9	29	-29	11	11	
3	-6	2	-18	7	7	-10	-10	10	-10	12	12	1	10	-5	-5	-1	-1	-1	11	-13	6	6	1	-9	5	6	6	6	-3	-4	2	-19	-19	-2	-2	5	-2	-2	13	13	3	3	-21	-21	7	7	-4	-7	-7	-5	-5	-1	-21	-21	6	4	4	3	15	15	6	6	1	-5	-5	2	2	14	-12	-12	-10	-10	-10	1	-17	-17	-6	-6	5	-17	-17	-4	0	0	4	10	10	14	14	-13	-6	8	11	11	11	-9	2	-17	10	10	-13	10	-2	15	15	15	-13	4	-16	-2	-2	1	1	1	8	8	5	5	-5	-5	13	13	-5	15	-7	-5	-5	-1	-1	10	11	11	-7	1	1	12	-7	-2	-2	1	1	-4	-4	-1	-1	5	0	1	-13	-13	-8	-2	-16	-16	5	5	-24	-7	-7	2	2	10	-4	8	8	8	8	-2	5	-12	-1	-1	13	7	-2	-2	-14	-14	6	-5	5	-3	-3	0	-8	10	-3	1	-14	0	-10	-6	-4	-4	3	8	-6	13	13	
Trial:4
4	4	-2	-2	9	9	1	1	6	-4	-9	-4	-14	-14	-1	-13	9	7	-3	-3	-2	-2	-8	-5	-5	-5	11	-8	-3	-9	-9	-4	-4	2	6	-24	12	12	-2	16	-7	-1	12	12	5	-13	-9	2	2	-14	0	-9	-9	10	10	0	-28	-4	5	5	-38	3	1	1	1	4	-9	5	-4	-4	-4	18	0	20	-10	-10	-13	8	-13	-13	-1	-2	5	-4	-12	-7	-7	-63	2	15	-17	8	8	-5	1	3	7	7	4	11	5	2	2	6	6	4	4	-5	-5	-6	-2	9	-4	-4	8	8	-13	2	2	8	8	-9	-9	-6	-6	1	1	-1	-4	0	-20	-20	4	-10	-1	-1	-7	-7	12	19	19	22	22	-20	4	0	2	2	-6	2	-4	0	0	0	-1	-3	-7	-1	-6	-5	3	10	10	19	19	35	-8	-2	-9	-9	-14	-10	-19	-9	-9	-2	-2	-30	-30	7	7	-9	9	-12	-24	-24	11	11	1	21	8	8	0	0	7	-11	-5	11	11	-2	
2	2	-2	-2	0	4	-3	-3	-1	-1	-6	2	-6	-6	-5	-1	2	-3	-1	-1	-4	-4	-1	-2	-2	-4	1	-3	-3	-1	-1	0	0	2	-2	-3	2	2	-2	4	-4	0	-8	-8	-4	-6	2	6	6	-5	-4	-1	-1	-2	-2	-1	-10	0	-1	-1	-4	-1	0	0	-1	-4	-2	-1	-5	0	0	0	0	0	1	1	-5	3	-1	-1	-1	0	-3	0	-6	-1	-1	-1	-3	0	-4	1	1	3	0	-1	3	3	-1	2	-1	3	3	-3	-3	-2	-2	-8	-8	1	-3	1	0	0	5	5	-4	-4	-4	-4	-4	0	0	-4	-4	3	3	0	-2	0	-2	-2	-3	1	-3	-3	-3	-3	2	1	1	3	3	-5	-3	-1	-6	-6	-1	-5	1	-1	-2	-2	-1	-2	-1	-2	-1	-2	0	-5	-5	-2	-2	8	-4	-5	-5	-5	1	1	-3	-1	-1	-2	-2	-4	-4	1	1	-5	1	-4	0	0	1	1	0	3	3	3	-2	-2	-1	-5	0	0	0	-3	
3	3	-2	-2	-1	0	0	0	-4	0	-4	1	-6	-6	1	-3	0	-1	1	1	-3	-3	-1	-3	-3	-2	-1	-2	-3	-2	-2	0	0	1	-2	0	4	4	-2	-1	-3	-2	-2	-2	-1	-2	-5	1	1	-5	-4	1	1	1	1	-1	-1	-1	-2	-2	-2	-1	-1	-1	-3	-3	-1	-3	-3	0	0	2	-2	0	-1	-1	-3	0	-2	-2	1	0	-1	-3	0	-4	-4	-1	-1	-1	-1	1	1	-1	0	-2	-1	-1	0	1	-2	-1	-1	-3	-3	1	1	-5	-5	-2	-4	3	-1	-1	-2	-2	-3	-4	-4	-2	-2	0	0	-3	-3	1	1	-2	-2	1	0	0	-3	0	-3	-3	-1	-1	-2	1	1	0	0	-1	-3	-4	0	0	0	-2	1	-1	-1	-1	-3	-2	-1	-2	-3	-2	-1	-4	-4	0	0	4	-1	-5	-3	-3	-2	-1	-3	-1	-1	3	3	-4	-4	0	0	0	-1	-4	0	0	-2	-2	0	-3	0	0	0	0	0	-1	-3	1	1	-4	
2	2	-2	-2	-3	-1	-1	-1	-2	0	-2	0	-2	-2	1	-4	-1	-1	0	0	-4	-4	0	0	0	-1	-1	-1	-2	-2	-2	0	0	4	-2	0	4	4	-1	-1	0	-2	-3	-3	0	-1	-5	0	0	-6	-1	0	0	0	0	0	-1	-3	-2	-2	-2	0	0	0	-3	-1	-1	-3	-2	-1	-1	2	-3	-1	1	1	-4	3	0	0	0	-1	-2	-1	2	-2	-2	-2	0	-2	-1	-2	-2	4	-1	-2	-2	-2	-2	2	-1	-2	-2	-1	-1	-1	-1	-6	-6	-1	-4	5	-3	-3	-1	-1	0	-4	-4	-2	-2	-2	-2	0	0	1	1	-4	-2	1	-4	-4	1	-1	1	1	-1	-1	-1	0	0	-3	-3	1	-2	-2	2	2	0	3	0	-3	1	1	-4	-3	-2	-1	-6	-1	0	-2	-2	0	0	7	-1	-2	-1	-1	-4	0	-4	-1	-1	3	3	-4	-4	-4	-4	1	-1	-3	1	1	-1	-1	0	-1	3	3	-1	-1	-1	1	-4	1	1	-6	
2	2	-2	-2	1	-6	0	0	-4	0	0	1	-3	-3	-1	-2	-3	-2	2	2	-5	-5	3	-3	-3	-1	-1	0	-5	0	0	0	0	2	-4	-1	0	0	1	-3	-4	-2	-4	-4	2	-5	-3	2	2	-5	-4	2	2	-1	-1	5	-2	-4	-2	-2	3	-3	0	0	-2	-1	-2	-3	0	-2	-2	1	-11	-1	-1	-1	0	1	-2	-2	-2	0	-3	1	2	0	0	-5	0	-1	2	2	2	2	-3	-3	1	1	0	5	0	-7	-7	-1	-1	-3	-3	-3	-3	-2	-2	-1	1	1	0	0	-8	0	0	2	2	-1	-1	8	8	0	0	-1	1	-5	-12	-12	3	-4	3	3	-2	-2	-4	2	2	-1	-1	-2	0	-1	5	5	-3	-8	2	-4	7	7	-5	1	-1	-1	-11	-2	4	-4	-4	-2	-2	11	3	-8	-4	-4	1	-1	-3	5	5	3	3	-3	-3	-5	-5	1	2	-4	-2	-2	-1	-1	0	-4	5	5	-3	-3	-1	1	-11	7	7	-12	
3	3	-5	-5	2	1	0	0	-1	2	-2	-2	-12	-12	0	1	-2	-1	1	1	-1	-1	2	1	1	-3	-1	3	-3	2	2	1	1	-3	-6	1	-3	-3	0	-2	3	-6	-2	-2	2	-7	1	-1	-1	-1	-4	-3	-3	-3	-3	3	-9	3	-2	-2	1	-1	2	2	-5	-2	-1	-10	-2	-1	-1	-4	-1	4	0	0	-6	0	-1	-1	1	3	-3	4	-1	-3	-3	-2	-2	3	1	-2	-2	3	-2	-1	0	0	1	2	2	0	0	-3	-3	-2	-2	-6	-6	-3	-3	0	3	3	0	0	-6	-4	-4	-8	-8	-4	-4	3	3	4	4	-4	-2	0	3	3	0	-5	-1	-1	-2	-2	-3	1	1	0	0	-2	-2	-8	0	0	-2	-8	4	-1	-2	-2	0	0	-1	-1	-4	2	0	-2	-2	1	1	4	-3	-3	-1	-1	-2	0	-4	-2	-2	1	1	-1	-1	-1	-1	-1	2	-8	-5	-5	0	0	4	0	0	0	-1	-1	1	0	-5	2	2	-11	
6	6	-23	-23	15	13	4	4	9	-7	7	1	-10	-10	3	-7	-13	-6	2	2	6	6	2	25	25	-15	-8	22	-2	-2	-2	2	2	-5	-24	8	-20	-20	1	-7	23	7	-18	-18	3	-40	7	-6	-6	1	6	-6	-6	-11	-11	-6	-21	29	-17	-17	4	4	9	9	16	0	-12	-95	-1	-13	-13	-19	6	-4	9	9	-32	-1	6	6	-8	-7	16	31	-10	-5	-5	-10	-16	2	8	16	16	20	-2	-6	-11	-11	9	9	8	1	1	-31	-31	11	11	-6	-6	4	-9	-2	33	33	8	8	-23	-54	-54	10	10	-35	-35	10	10	16	16	0	0	-12	19	19	-4	-25	-1	-1	6	6	-1	12	12	3	3	-6	-2	-24	7	7	9	-43	4	1	5	5	17	10	-11	-6	-6	22	3	-28	-28	0	0	7	-1	-7	-3	-3	2	-3	-11	-4	-4	20	20	-13	-13	0	0	-4	14	-22	-73	-73	6	6	20	10	11	11	21	21	-4	-12	23	9	9	-62	
5	5	-6	-6	2	3	-4	-4	3	0	3	-1	-18	-18	-7	-9	-3	6	2	2	2	2	-1	6	6	4	6	-3	-2	-1	-1	-3	-3	-11	-17	-5	5	5	6	-1	8	-14	3	3	6	-5	6	0	0	-2	4	-11	-11	2	2	3	-18	-2	1	1	-11	-3	6	6	-9	7	1	-20	-4	-5	-5	10	1	5	-2	-2	-11	-3	-6	-6	-21	-3	8	4	1	1	1	-20	-7	7	3	10	10	4	12	0	0	0	2	0	2	-4	-4	0	0	4	4	-6	-6	-4	3	5	-5	-5	7	7	-8	-10	-10	4	4	2	2	-3	-3	0	0	-5	-4	-13	2	2	-1	-2	8	8	-3	-3	4	13	13	7	7	-11	1	-6	-1	-1	-3	-12	-3	-5	4	4	2	-1	-5	-4	-3	2	0	-17	-17	6	6	16	2	2	-2	-2	-4	-4	-18	-7	-7	3	3	-5	-5	2	2	-4	4	-14	-23	-23	2	2	6	8	7	7	5	5	2	-11	7	2	2	-10	
Trial:5
16	14	14	2	2	11	-8	-13	7	7	-20	-20	4	6	6	-10	-10	-15	35	-1	-1	-15	-15	-5	-5	-2	-2	21	21	-9	-11	-11	-4	-4	-10	-8	-8	-8	22	-6	2	1	1	-24	-24	-6	4	4	10	-5	-5	-4	24	24	30	30	6	-11	-11	-6	-6	-6	2	-43	3	-7	-7	-2	6	-11	-11	5	5	-6	-4	4	-3	-3	-10	-10	-6	4	-2	-2	-1	-2	8	8	0	0	-12	-12	4	-30	-30	18	18	7	-5	-5	-12	-12	14	4	12	12	-11	-11	-11	-22	-22	3	3	7	-1	-1	-4	-4	-2	0	0	-24	-2	-2	7	-9	-9	7	7	1	-4	-4	9	-2	1	1	-18	-18	13	13	6	9	9	-28	21	-17	-13	3	-4	-4	17	-7	1	0	-37	-37	5	-8	5	-36	-36	13	-3	17	17	11	2	-4	-57	5	-2	-2	10	-8	3	-9	-9	19	-7	-15	-13	-1	-1	-5	-5	-72	24	24	24	6	6	-1	9	9	18	18	0	-11	-6	-1	
1	-6	-6	4	4	2	2	-4	-1	-1	-1	-1	0	2	2	1	1	-4	0	0	0	-4	-4	-1	-1	-3	-3	0	0	0	-6	-6	1	1	-5	1	1	1	-6	-1	-1	3	3	-5	-5	-4	-2	-2	0	0	0	-1	4	4	-3	-3	0	1	1	-2	-2	-2	0	-3	-1	2	2	-3	1	0	0	2	2	0	-2	-4	-7	-7	1	1	-2	1	0	0	-2	-2	1	1	-4	-4	-7	-7	-1	-4	-4	3	3	0	-1	-1	-6	-6	-2	-1	0	0	1	1	0	-6	-6	-1	-1	1	-1	-1	2	2	-1	-3	-3	-1	-2	-2	-1	0	0	0	0	3	-3	-3	1	-2	-2	-2	-6	-6	2	2	1	1	1	-4	2	-3	-3	-1	-1	-1	0	0	-4	-5	-3	-3	2	-3	-3	-4	-4	0	-2	6	6	-8	-2	-1	-4	1	-5	-5	0	3	0	1	1	-2	-3	-2	-1	1	1	-1	-1	-4	0	0	0	0	0	-1	-2	-2	3	3	-4	3	-1	0	
-1	-3	-3	1	1	-2	-2	-3	-2	-2	-1	-1	-1	2	2	-1	-1	-2	-1	-2	-2	-5	-5	-1	-1	2	2	-2	-2	-1	0	0	-1	-1	-1	2	2	2	-2	0	0	-3	-3	-1	-1	0	-2	-2	-1	-3	-3	-1	1	1	-1	-1	2	-1	-1	-1	-1	-1	-2	-1	0	-2	-2	-2	1	-2	-2	0	0	1	0	-3	-4	-4	1	1	-1	-2	1	1	3	-2	-2	-2	0	0	-2	-2	0	-3	-3	-1	-1	-2	-1	-1	-5	-5	-1	-5	-2	-2	-1	-1	0	-2	-2	0	0	0	-1	-1	-1	-1	1	-3	-3	0	-1	-1	-5	0	0	-1	-1	1	-2	-2	1	-1	-2	-2	0	0	1	1	0	1	1	-1	-1	-1	-3	-3	0	0	-1	-2	0	-4	-2	-2	-1	1	0	-3	-3	-1	-3	4	4	-5	-3	0	-1	0	-5	-5	-3	0	-2	-1	-1	-3	-1	-1	2	-1	-1	-1	-1	-1	-1	-1	-1	-1	-1	-4	2	2	1	1	-3	-1	-3	0	
1	-4	-4	-2	-2	-5	1	-3	-3	-3	0	0	1	1	1	0	0	-1	-6	0	0	-5	-5	1	1	1	1	-2	-2	-1	-2	-2	-3	-3	-2	0	0	0	-4	2	-6	-2	-2	0	0	-3	-2	-2	1	-2	-2	0	0	0	0	0	3	-1	-1	-1	-1	-1	-3	-3	2	1	1	1	2	-1	-1	-2	-2	-1	-2	-3	-4	-4	-1	-1	-1	2	2	2	2	-3	-1	-1	-3	-3	-2	-2	-1	-3	-3	-4	-4	0	1	1	-1	-1	-5	-5	0	0	0	0	-1	-3	-3	-1	-1	1	-2	-2	-2	-2	1	2	2	-2	4	4	-4	1	1	-2	-2	2	-2	-2	-1	0	-3	-3	1	1	-2	-2	-1	-1	-1	-2	1	-1	-1	-1	-1	-1	2	-4	-1	1	-1	-1	-8	-1	0	-1	-1	-1	-1	1	1	-3	-6	3	-2	-2	-5	-5	-1	-5	-2	-2	-2	-1	0	-3	1	-6	-6	2	2	-2	1	1	1	-2	-2	0	0	0	3	3	-3	0	-1	5	
1	-9	-9	-1	-1	-10	5	0	-1	-1	-8	-8	10	-4	-4	0	0	1	-6	3	3	-9	-9	-1	-1	3	3	-1	-1	1	-11	-11	-1	-1	6	1	1	1	-8	-8	-10	2	2	0	0	-11	-9	-9	4	5	5	3	5	5	2	2	1	1	1	-2	-2	-2	-3	-2	3	8	8	-1	1	4	4	-3	-3	-6	-3	-2	-1	-1	-6	-6	1	3	0	0	3	-2	-1	-1	-4	-4	-2	-2	4	-6	-6	-2	-2	0	0	0	-1	-1	-6	-2	0	0	-1	-1	-1	-5	-5	-1	-1	1	-3	-3	0	0	2	-1	-1	-1	4	4	-7	0	0	-3	-3	2	-2	-2	-6	6	-3	-3	1	1	-2	-2	-2	-4	-4	1	1	-1	2	-5	0	0	1	0	-1	-2	-1	-1	-7	-3	4	-2	-2	-3	-4	2	2	-1	-6	1	-2	1	-9	-9	-1	-7	-2	-2	-2	5	1	1	-2	-6	-6	4	4	-4	4	4	4	0	0	-1	1	1	1	1	-4	1	0	3	
2	-3	-3	4	4	-4	4	2	-1	-1	-5	-5	0	3	3	-4	-4	-6	-2	4	4	-3	-3	-4	-4	-3	-3	-2	-2	3	-6	-6	4	4	1	0	0	0	1	-2	-2	1	1	-8	-8	-3	2	2	-3	-5	-5	1	3	3	0	0	-2	2	2	-4	-4	-4	-6	1	-1	-4	-4	3	0	-5	-5	2	2	3	0	-1	1	1	0	0	1	-2	2	2	1	-1	-2	-2	-2	-2	0	0	-3	-5	-5	5	5	-1	-3	-3	-1	-1	-6	1	0	0	0	0	2	-4	-4	-2	-2	0	1	1	0	0	-1	-2	-2	-2	-3	-3	2	1	1	2	2	-1	-4	-4	-1	0	-4	-4	2	2	2	2	-2	-2	-2	-1	1	-2	-3	-2	-2	-2	2	-7	4	-2	-1	-1	-1	-1	0	-7	-7	-1	-6	1	1	-7	-4	4	-5	2	-8	-8	-4	-3	1	0	0	1	-7	-1	4	2	2	4	4	-3	3	3	3	2	2	-4	0	0	0	0	-4	1	2	0	
12	16	16	-7	-7	4	21	4	4	4	-21	-21	-10	-7	-7	4	4	-11	13	-1	-1	-9	-9	-9	-9	2	2	-18	-18	9	-40	-40	18	18	3	18	18	18	8	6	-3	0	0	-42	-42	-55	28	28	-18	5	5	15	23	23	8	8	4	-9	-9	-9	-9	-9	-60	10	18	-4	-4	18	-5	-70	-70	32	32	17	6	11	31	31	1	1	-3	8	-5	-5	2	1	-6	-6	10	10	4	4	-4	-8	-8	8	8	8	-6	-6	-7	-7	-55	8	-20	-20	17	17	17	13	13	6	6	-19	-9	-9	14	14	2	14	14	-13	-19	-19	28	-8	-8	1	1	-14	5	5	14	-2	4	4	21	21	13	13	-7	-15	-15	3	-13	10	-4	24	-5	-5	3	-49	26	44	-19	-19	-15	2	7	-35	-35	25	-7	-1	-1	-44	-20	42	-30	32	-20	-20	-4	-15	15	-7	-7	1	-9	-7	14	-6	-6	1	1	-7	19	19	19	1	1	-21	-15	-15	0	0	-14	-2	34	-9	
13	13	13	-11	-11	2	2	0	6	6	-10	-10	-3	2	2	-1	-1	-9	8	9	9	1	1	-9	-9	-3	-3	-1	-1	1	-1	-1	1	1	-11	3	3	3	5	-4	-5	1	1	-13	-13	-13	6	6	0	-4	-4	2	7	7	7	7	4	-8	-8	-5	-5	-5	-15	-5	5	1	1	3	5	-17	-17	9	9	9	-3	-2	-1	-1	-3	-3	-3	5	3	3	-5	-4	6	6	-4	-4	-2	-2	-6	-10	-10	6	6	8	-3	-3	-10	-10	-34	2	9	9	2	2	6	-7	-7	5	5	8	-10	-10	1	1	-3	4	4	-7	3	3	19	-10	-10	4	4	-5	-6	-6	12	1	-1	-1	-11	-11	6	6	2	-4	-4	-9	4	0	3	5	-7	-7	12	-5	7	-4	-14	-14	3	4	0	-20	-20	7	-5	5	5	-16	-11	13	-20	13	-1	-1	-5	5	0	0	0	0	-1	-15	1	1	1	4	4	-19	12	12	12	5	5	-3	-4	-4	12	12	-3	2	7	-5	
Trial:6
-8	0	0	7	7	7	-3	10	10	1	1	-21	0	0	-5	-5	4	4	4	-11	-11	4	4	10	10	2	2	-5	1	1	-23	-23	-6	6	6	-4	-4	-4	2	-4	3	10	10	-57	-7	9	9	-12	-12	10	14	13	-10	-4	9	9	-5	-5	12	12	10	-22	0	-16	-16	30	30	4	4	-13	-13	12	-31	-7	-17	-17	-17	-1	-1	21	21	21	9	9	-10	-10	-10	-13	-13	-13	-19	1	1	18	18	-27	5	5	0	0	-2	1	34	34	-16	-16	-21	1	1	-2	-2	-20	-20	-16	-16	16	-20	23	0	-7	11	11	3	1	-1	17	17	-10	-4	-17	19	19	7	-5	12	12	-3	-3	11	-8	-7	-6	-6	-42	-42	11	11	-8	-8	15	5	-18	7	7	-49	-11	3	1	1	15	13	0	11	11	-4	-4	6	6	-49	-49	11	11	11	-4	-4	27	27	19	0	-11	6	6	-8	0	0	-2	2	2	-7	6	-7	3	3	-2	3	21	-15	-15	-11	-11	
1	2	2	2	2	2	-3	1	1	0	0	-11	1	1	-5	-5	-2	4	4	4	4	2	2	0	0	-1	-1	-7	0	0	-6	-6	-3	1	1	-2	-2	-2	0	1	-2	-4	-4	-1	-3	2	2	-1	-1	1	-1	2	0	-2	-2	-2	0	0	-3	-3	3	0	-1	3	3	-2	-2	-4	-4	-2	-2	3	2	-5	-1	-1	-1	1	1	0	2	2	-3	-3	-1	-1	-4	-7	-7	-7	4	2	2	2	2	-5	-3	-3	-2	-2	-2	1	2	2	-3	-3	-4	-1	-1	2	2	-6	-6	1	1	0	-6	2	-1	-2	1	1	-1	-2	0	0	0	-1	-1	-4	2	2	-6	-3	0	0	1	1	-4	2	-3	0	0	-2	-2	1	1	-3	-3	-1	-2	-7	2	2	-8	-5	2	1	1	2	0	2	0	0	-1	-1	-2	-2	-5	-5	4	4	-2	-1	-1	0	0	-1	-2	-7	0	0	-1	0	0	1	-3	-3	3	-1	-3	1	1	0	1	-1	-4	-4	1	1	
0	0	0	-1	-1	-1	-1	-2	-2	-1	-1	-5	1	1	-3	-3	-1	0	0	0	0	1	1	-1	-1	-3	-3	-2	-2	-2	1	1	-1	-1	-1	0	0	0	0	0	-2	-3	-3	0	-1	-2	-2	-2	-2	-2	-2	-1	0	-2	0	0	-4	-4	-1	-1	0	-1	-4	4	4	-1	-1	-2	-2	-2	-2	3	-1	-3	0	0	0	0	0	1	-1	-1	-2	-2	-2	-2	-6	-1	-1	-1	1	-2	-2	0	0	2	-3	-3	-2	-2	-1	0	0	0	-5	-5	-3	1	1	1	1	-3	-3	0	0	0	-4	-1	-2	0	0	0	-2	-1	-1	1	1	-1	-1	-2	0	0	-1	-2	0	0	-1	-1	-2	1	-2	-2	-2	-1	-1	-1	-1	-1	-1	-1	-1	-2	2	2	-4	-1	-1	-2	-2	2	1	1	3	3	-3	-3	-4	-4	-2	-2	-2	-2	-1	-3	-3	1	1	-1	-1	-2	-3	-3	-1	-3	-3	-3	-2	-2	-1	-3	-1	-2	-2	0	-1	1	-2	-2	0	0	
1	0	0	-1	-1	-1	-5	-1	-1	-6	-6	-1	0	0	-3	-3	-2	0	0	1	1	-1	-1	2	2	-6	-6	0	1	1	1	1	-6	5	5	-1	-1	-1	-2	0	-2	-4	-4	-2	4	0	0	-2	-2	-1	-4	0	-1	0	0	0	0	0	-1	-1	-3	-2	-3	2	2	1	1	-2	-2	0	0	-2	-3	-2	-1	-1	-1	-8	-8	5	0	0	0	0	-1	-1	-2	-2	-2	-2	1	0	0	2	2	1	-2	-2	-2	-2	3	-2	-1	-1	0	0	-3	0	0	-1	-1	-1	-1	0	0	-1	-5	-2	-3	-2	0	0	-2	-7	-3	1	1	1	1	-1	-1	-1	3	-2	0	0	0	0	-1	-1	-8	1	1	-2	-2	-1	-1	-1	-1	-9	-1	2	1	1	-1	-1	-1	-1	-1	2	2	1	1	1	-3	-3	-2	-2	-5	-5	-1	-1	-1	-2	-2	2	2	-1	-5	0	-1	-1	1	-2	-2	-1	1	1	0	0	-3	-2	-2	1	-8	-2	-2	-2	2	2	
2	1	1	1	1	1	-2	0	0	-8	-8	1	1	1	-5	-5	0	-3	-3	-2	-2	-1	-1	6	6	-4	-4	-2	-3	-3	3	3	-5	4	4	0	0	0	-1	-4	-2	-10	-10	0	1	3	3	-5	-5	2	-5	-1	0	-2	-1	-1	0	0	-2	-2	-3	3	-5	3	3	0	0	0	0	0	0	-2	-2	-3	1	1	1	-12	-12	1	0	0	-4	-4	2	2	-1	1	1	1	-3	0	0	5	5	-2	1	1	-2	-2	1	-3	1	1	-5	-5	-1	1	1	-2	-2	-2	-2	3	3	3	-10	-4	0	-1	0	0	-1	-9	-9	-6	-6	2	0	0	3	3	6	-2	-1	-1	1	1	-2	0	-6	2	2	0	0	-1	-1	1	1	-13	-1	1	3	3	0	-3	-1	-2	-2	0	0	2	0	0	-2	-2	-3	-3	-5	-5	-3	-3	0	-1	-1	1	1	1	-5	-3	-2	-2	1	-4	-4	-1	3	3	0	-1	-3	-3	-3	1	-8	-1	-1	-1	0	0	
-4	1	1	7	7	7	-1	2	2	-3	-3	-5	-1	-1	2	2	-1	0	0	3	3	-2	-2	-4	-4	0	0	-3	2	2	2	2	-8	6	6	-3	-3	-3	2	1	-4	-4	-4	-4	2	4	4	-1	-1	2	-2	1	1	-1	-2	-2	-8	-8	-1	-1	-3	-2	-2	-2	-2	3	3	-2	-2	-3	-3	1	-6	-2	-2	-2	-2	2	2	-1	1	1	-4	-4	-2	-2	-1	-3	-3	-3	-1	-6	-6	0	0	3	2	2	-5	-5	-2	-4	0	0	-6	-6	0	1	1	0	0	1	1	-4	-4	1	-2	-1	1	-3	2	2	2	-6	-4	0	0	0	-2	-3	0	0	3	-4	0	0	1	1	-3	1	-1	-1	-1	-5	-5	2	2	-2	-2	0	-5	-1	-1	-1	-4	3	-2	2	2	0	-2	0	-2	-2	1	1	-3	-3	0	0	-3	-3	-2	1	1	4	4	2	-2	-4	-6	-6	-10	-2	-2	-5	1	1	1	2	-3	-1	-1	1	-2	-2	0	0	2	2	
-31	21	21	20	20	20	-14	26	26	8	8	-37	-16	-16	15	15	12	1	1	18	18	-4	-4	-50	-50	17	17	0	7	7	-29	-29	4	38	38	-5	-5	-5	19	13	-46	-2	-2	-12	27	25	25	16	16	25	16	16	-17	-17	-12	-12	-35	-35	-3	-3	-6	-5	-7	6	6	33	33	-7	-7	-22	-22	0	-40	-5	12	12	12	10	10	34	-15	-15	-16	-16	-9	-9	-8	-14	-14	-14	-7	-28	-28	16	16	22	22	22	-4	-4	0	-21	-12	-12	-19	-19	11	0	0	-19	-19	30	30	-32	-32	10	-24	-6	-21	-9	13	13	25	-31	-9	2	2	-14	-2	-2	10	10	16	-21	6	6	0	0	-18	-2	19	-3	-3	-76	-76	20	20	-6	-6	12	-28	1	8	8	-12	55	-21	11	11	12	-21	5	-9	-9	28	28	18	18	8	8	-39	-39	-29	21	21	1	1	3	-17	-1	8	8	-51	8	8	-12	-2	-2	19	-8	-13	17	17	5	26	3	-3	-3	-6	-6	
-10	-4	-4	11	11	11	-3	16	16	2	2	-27	-7	-7	-1	-1	0	6	6	4	4	5	5	-15	-15	1	1	3	1	1	-16	-16	1	6	6	0	0	0	19	4	-7	-2	-2	-13	11	5	5	-16	-16	14	2	2	-11	0	-1	-1	-4	-4	-2	-2	4	-10	-4	3	3	5	5	1	1	1	1	11	-23	-15	-6	-6	-6	0	0	10	0	0	-4	-4	-6	-6	0	-16	-16	-16	1	-10	-10	8	8	-4	13	13	-6	-6	1	-6	-2	-2	-5	-5	-5	10	10	-4	-4	-2	-2	-7	-7	8	-15	3	2	-4	3	3	4	-2	-2	10	10	-2	-4	-12	4	4	2	-3	9	9	2	2	-5	-5	1	-3	-3	-28	-28	8	8	-7	-7	1	-3	-13	5	5	-16	10	-1	3	3	8	-7	1	-6	-6	2	2	6	6	-10	-10	-8	-8	1	8	8	8	8	3	-1	-5	-1	-1	-15	5	5	-2	-5	-5	2	2	-11	9	9	-3	4	2	-2	-2	-11	-11	
Trial:7
10	-1	0	0	-10	0	-1	-1	6	6	1	7	-6	6	6	7	14	2	2	-7	-7	17	-26	-10	6	6	-5	10	-9	-9	0	0	-4	14	-14	11	11	-1	-1	11	11	7	7	-3	15	-16	27	27	-6	-8	14	14	-7	-7	-11	9	-4	35	35	19	19	-17	-17	-38	-38	5	5	5	1	-44	-44	20	20	4	7	7	8	8	-6	-10	-10	0	0	0	-15	9	8	6	6	15	15	6	-3	-2	-2	18	-21	-21	21	21	-6	20	13	-19	-19	-11	10	2	2	0	0	6	-18	-1	0	0	-4	-4	-31	-31	6	6	3	-10	-10	-10	-20	6	5	5	5	6	8	-7	-24	10	8	8	0	-8	-42	1	-9	-8	14	12	12	-1	-1	1	1	23	-6	-6	-9	-9	-1	-23	5	26	-44	-10	15	5	5	-3	-3	6	-19	4	4	-1	-1	11	7	-1	-6	-6	22	15	-1	-1	2	2	-6	-6	-6	-7	-7	5	-8	-13	-9	-5	-4	0	-43	-7	13	13	
-3	-7	1	1	-2	1	3	3	-2	-2	-5	10	-3	5	5	-4	7	4	4	5	5	5	4	-2	1	1	-2	2	-7	-7	-7	-7	-7	-1	-6	-1	-1	4	4	-2	-2	6	6	-1	31	1	1	1	0	3	2	2	-1	-1	-11	2	-4	-1	-1	-1	-1	2	2	-6	-6	-4	-4	-4	-12	-7	-7	3	3	2	2	2	0	0	-6	-3	-3	4	4	4	-7	-4	4	-6	-6	0	0	-2	0	-1	-1	6	-5	-5	0	0	1	-5	-1	-3	-3	5	3	-4	-4	-7	-7	-6	-1	-1	4	4	1	1	-8	-8	13	13	-4	-7	-4	-4	-4	2	-3	-3	-3	3	-1	1	-7	6	-3	-3	-1	3	-6	5	-1	-8	-1	-4	-4	-2	-2	1	1	-3	-4	-4	-1	-1	-3	-5	2	2	-3	-1	1	1	1	1	1	-1	-5	-2	-2	-2	-2	1	-1	-4	0	0	1	2	-3	-3	2	2	1	4	4	-2	-2	1	-4	-1	-5	-4	0	-4	-3	-5	5	5	
-13	-8	1	1	-4	7	0	0	-3	-3	-3	-2	2	2	2	-3	1	1	1	-6	-6	1	-6	-9	10	10	-1	1	-3	-3	-3	-3	-5	6	3	-3	-3	3	3	5	5	3	3	-6	6	-15	6	6	-1	-5	2	2	-7	-7	7	-7	-1	-6	-6	-5	-5	11	11	-3	-3	-1	-1	-1	2	-9	-9	-2	-2	4	4	4	-14	-14	3	-9	-9	6	6	6	-14	0	3	5	5	-6	-6	1	-4	4	4	-1	2	2	7	7	0	3	-2	-6	-6	13	-9	0	0	-1	-1	-23	4	-10	-7	-7	4	4	-4	-4	10	10	7	-2	-3	-3	-9	2	-8	-2	-2	2	-2	0	-7	10	0	0	-5	2	-2	2	0	-8	-1	-3	-3	-6	-6	-10	-10	2	-4	-4	-5	-5	-3	0	2	-1	2	15	5	-6	-6	6	6	3	-1	-2	-2	1	1	-3	-4	-3	1	1	-11	6	2	2	0	0	2	3	3	-7	-7	9	-9	0	-3	-2	2	-9	1	-5	2	2	
0	-7	-2	-2	-7	0	3	3	0	0	-2	2	-1	1	1	-2	2	-3	-3	-4	-4	-1	-11	-2	5	5	5	-2	-2	-2	-1	-1	-1	0	1	-2	-2	5	5	1	1	4	4	-8	6	-7	-1	-1	3	-6	2	2	-2	-2	1	-1	-1	-4	-4	-5	-5	6	6	-3	-3	1	1	1	3	-9	-9	1	1	-9	1	1	-3	-3	2	-4	-4	6	6	6	-1	3	-7	2	2	-8	-8	3	-2	1	1	-1	2	2	9	9	-2	1	-4	-5	-5	-1	2	-7	-7	5	5	-7	2	-4	6	6	2	2	-2	-2	2	2	4	-1	-6	-6	-7	0	-6	3	3	2	2	-1	-6	1	-1	-1	-2	-1	-3	3	0	-4	4	-2	-2	-2	-2	-1	-1	4	-5	-5	-4	-4	-4	-1	2	-4	0	7	1	-6	-6	1	1	1	-11	-5	-5	1	1	2	-2	2	0	0	0	4	-2	-2	-5	-5	-2	3	3	-3	-3	5	-7	1	0	0	2	-8	4	-7	2	2	
2	-5	-4	-4	1	-1	2	2	-1	-1	-5	0	2	-1	-1	-2	-1	-6	-6	1	1	-1	-11	-2	3	3	2	1	0	0	-2	-2	-1	4	1	-1	-1	4	4	-1	-1	0	0	-4	8	-10	0	0	-2	1	1	1	-2	-2	-3	0	-2	-1	-1	-5	-5	4	4	-3	-3	6	6	6	-2	-4	-4	-1	-1	-9	0	0	-1	-1	-1	-3	-3	-4	-4	-4	1	-1	-5	1	1	-8	-8	0	3	1	1	1	1	1	8	8	-7	-1	0	0	0	-4	2	-7	-7	-6	-6	-2	1	-4	1	1	3	3	-4	-4	-1	-1	1	2	-3	-3	-3	2	-3	3	3	-9	3	5	-5	-2	6	6	1	-4	-4	3	-3	-4	2	-4	-4	-3	-3	-2	-2	4	-1	-1	-7	-7	-1	-3	4	-3	-1	3	0	-2	-2	-7	-7	6	-14	0	0	-2	-2	1	-1	2	1	1	-1	2	-1	-1	-3	-3	1	2	2	-3	-3	0	-2	2	-2	-7	7	-5	-1	-8	2	2	
1	-4	0	0	-7	-3	0	0	1	1	-5	-2	3	-3	-3	-4	0	0	0	-5	-5	-2	-2	0	5	5	-3	3	3	3	-5	-5	-2	2	2	-3	-3	-2	-2	2	2	-3	-3	-2	-2	-3	-2	-2	-4	0	-4	-4	3	3	-3	5	-1	-1	-1	-5	-5	5	5	1	1	-1	-1	-1	-4	-6	-6	0	0	4	-7	-7	-1	-1	-1	-3	-3	-1	-1	-1	-1	0	0	5	5	-1	-1	2	-1	0	0	10	-1	-1	-7	-7	6	-4	6	3	3	-2	0	-2	-2	-9	-9	3	5	-10	1	1	5	5	-10	-10	1	1	-1	2	-1	-1	-9	0	0	-1	-1	3	1	-2	-2	-2	14	14	5	4	-6	-8	-4	-15	2	-11	-11	-4	-4	-3	-3	0	-3	-3	-3	-3	3	-1	3	-2	4	0	-4	-2	-2	-4	-4	2	-4	-1	-1	-3	-3	2	-3	6	-5	-5	1	-1	6	6	-4	-4	-3	-3	-3	-1	-1	1	5	-1	1	-1	7	2	-1	-6	1	1	
3	29	14	14	-24	23	-7	-7	5	5	21	29	-16	-25	-25	6	16	3	3	-1	-1	-24	-3	15	-9	-9	-16	10	22	22	2	2	0	6	-9	-16	-16	-5	-5	22	22	27	27	-21	-6	-62	-2	-2	5	-8	25	25	6	6	-1	18	-4	9	9	-9	-9	7	7	0	0	-50	-50	-50	-25	-5	-5	-40	-40	12	12	12	-14	-14	-30	13	13	22	22	22	7	28	20	13	13	-2	-2	-29	30	6	6	23	12	12	-91	-91	20	-14	4	10	10	12	8	17	17	-11	-11	-5	53	-16	-12	-12	-1	-1	2	2	12	12	-26	6	1	1	-47	12	6	2	2	15	0	-10	-12	23	13	13	0	9	0	-3	0	-38	-13	0	0	-26	-26	15	15	15	-49	-49	7	7	17	28	4	-10	24	18	-2	-19	-19	1	1	-10	-4	3	3	-6	-6	6	1	15	17	17	-39	-1	6	6	2	2	12	-17	-17	0	0	14	25	5	-4	4	8	19	-2	-9	-5	-5	
8	1	1	1	-10	7	1	1	-5	-5	10	2	-4	6	6	-7	11	-3	-3	-7	-7	13	-16	-5	-1	-1	2	-3	-1	-1	0	0	-3	3	-7	-5	-5	-4	-4	-12	-12	5	5	0	-7	-17	8	8	-4	6	16	16	1	1	-12	10	-8	14	14	-1	-1	-10	-10	-17	-17	-7	-7	-7	-8	-8	-8	4	4	6	-15	-15	-3	-3	-18	-1	-1	7	7	7	-2	12	12	12	12	10	10	-9	7	6	6	-1	-15	-15	-18	-18	7	0	4	-6	-6	14	-6	12	12	-5	-5	5	10	-6	-4	-4	-3	-3	-6	-6	4	4	-1	-3	-2	-2	-10	2	3	0	0	8	1	-13	-6	9	4	4	4	5	-24	1	5	-5	1	-4	-4	-15	-15	11	11	3	-10	-10	6	6	1	-5	3	6	-5	3	4	-13	-13	0	0	-5	-13	-4	-4	3	3	4	-1	9	3	3	-11	1	0	0	2	2	6	0	0	-13	-13	0	3	4	-9	1	7	-2	-10	-8	9	9	
Trial:8
-24	-24	-5	-5	-3	-3	-15	-14	8	13	13	-7	3	-17	0	-30	-30	13	7	-3	-9	-9	3	3	27	27	-1	-1	-5	-5	4	19	16	14	14	-19	48	-18	-18	-5	-5	-25	-30	5	0	0	8	0	25	25	-11	44	-62	-57	26	17	17	16	-12	-1	-1	6	-4	-3	-14	-14	-13	-13	26	10	19	14	4	4	-20	-11	-10	11	11	-1	-19	-2	-2	26	-5	-19	18	-5	2	2	-21	-8	-8	9	-28	-9	38	21	21	-30	-30	-25	40	40	-3	-3	9	9	-35	-35	12	12	26	-6	-18	-1	-1	-7	-7	-8	17	17	-4	-4	-1	2	-2	-2	-39	-39	7	-10	1	-3	-3	46	-18	0	0	-9	-9	-5	-14	7	23	23	-8	9	24	24	-13	-13	-15	-17	33	-60	-60	16	-3	-5	-5	-16	-16	-8	9	-14	9	9	-13	0	25	25	5	5	-6	-27	6	2	2	6	8	-3	-3	-19	18	2	19	5	5	16	0	37	11	11	7	7	-7	2	7	-14	
-9	-9	3	3	-3	-3	2	-4	1	0	0	-2	-8	-4	1	-5	-5	3	-1	6	-1	-1	-2	-2	-4	-4	-2	-2	-6	-6	2	3	3	-1	-1	1	1	-2	-2	-3	-3	-2	-4	-1	-2	-2	-4	1	-4	-4	-2	5	-4	2	-17	10	10	-7	-3	6	6	-1	9	4	4	4	3	3	-4	-3	4	1	3	3	1	-3	-1	-6	-6	2	2	-5	-5	-2	-7	1	3	2	0	0	-2	-4	-4	1	2	-5	0	2	2	-4	-4	-3	4	4	5	5	-9	-9	0	0	-2	-2	3	-2	-1	-11	-11	4	4	-3	10	10	-5	-5	2	-8	-1	-1	-10	-10	1	1	-5	-2	-2	0	-3	-3	-3	2	2	2	-2	3	6	6	5	1	1	1	-4	-4	0	-5	-2	2	2	0	-3	-6	-6	-4	-4	3	0	-13	0	0	4	-3	3	3	-2	-2	0	2	-2	-3	-3	-5	-3	2	2	-5	0	-1	1	-8	-8	2	-4	-1	-1	-1	4	4	0	-2	1	1	
-2	-2	-1	-1	-3	-3	4	-2	-3	1	1	-3	-3	-2	1	1	1	0	-3	1	1	1	2	2	-3	-3	-3	-3	-4	-4	-2	3	-1	-4	-4	2	-5	-2	-2	2	2	-2	-4	0	-1	-1	-2	-2	-5	-5	-1	0	-2	0	-5	4	4	-2	0	3	3	-4	-2	4	2	2	0	0	-3	1	2	0	-1	-1	-2	-5	0	-2	-2	-2	0	-4	-4	0	-3	4	3	-2	-2	-2	-3	0	0	-3	2	-4	-2	-3	-3	0	0	0	0	0	2	2	-4	-4	-3	-3	-1	-1	2	-1	-1	-3	-3	5	5	-2	-1	-1	-2	-2	1	-4	-1	-1	-4	-4	-3	-3	-3	-2	-2	-2	0	1	1	-3	-3	3	-4	1	2	2	-4	4	-5	-5	-1	-1	-1	-5	-3	-3	-3	2	-4	-3	-3	-1	-1	-2	-2	0	0	0	2	-6	2	2	-2	-2	-1	4	-6	-3	-3	-4	2	3	3	-2	9	-6	-7	6	6	-1	-1	-1	-4	-4	0	0	4	-7	3	-3	
1	1	-5	-5	-3	-3	3	-3	-3	3	3	-3	0	0	-2	5	5	3	2	-1	2	2	0	0	-3	-3	-2	-2	-1	-1	-3	5	-1	-3	-3	-1	1	-2	-2	5	5	-3	-4	-2	2	2	2	-1	-9	-9	-2	3	-6	2	-2	2	2	1	-8	-1	-1	1	5	-1	-1	-1	-1	-1	5	0	4	-1	-3	-3	-5	-1	3	-2	-2	-4	-1	-2	-2	-1	-5	3	0	-4	-1	-1	0	3	3	-5	6	-3	-1	-3	-3	0	0	-1	0	0	0	0	0	0	-10	-10	3	3	1	5	0	-3	-3	1	1	0	-2	-2	-2	-2	4	-2	-1	-1	-5	-5	-1	-7	-2	-1	-1	-1	2	1	1	-4	-4	-1	-2	1	0	0	-2	3	-5	-5	2	2	1	-2	1	1	1	3	-3	-1	-1	0	0	-4	-2	-8	2	2	2	-5	1	1	-2	-2	-7	2	1	-3	-3	-8	2	3	3	1	1	1	-11	4	4	-1	-4	-5	-1	-1	11	11	0	-4	2	-3	
-2	-2	-5	-5	3	3	3	-1	1	11	11	-16	2	-2	1	-3	-3	5	-4	-4	-1	-1	-5	-5	-3	-3	-2	-2	-3	-3	-5	-2	4	-1	-1	-4	2	1	1	-1	-1	2	-3	10	3	3	-1	3	-16	-16	0	6	-13	1	-4	6	6	1	-9	-6	-6	10	9	1	-2	-2	5	5	-1	-5	3	-7	3	3	-4	-4	1	-3	-3	-4	-2	0	0	1	-3	-1	1	-8	-2	-2	-2	7	7	-1	4	3	-7	0	0	3	3	0	-1	-1	0	0	7	7	-11	-11	1	1	1	4	-4	-7	-7	-3	-3	2	0	0	-1	-1	6	2	1	1	-12	-12	4	-6	-3	1	1	3	0	2	2	-2	-2	0	-3	1	2	2	-1	-4	-4	-4	6	6	-2	1	-1	-2	-2	3	-4	0	0	-5	-5	2	-4	-10	0	0	4	-7	7	7	-2	-2	-8	-3	-3	-3	-3	0	-2	-1	-1	-1	-2	1	-12	2	2	-3	-4	-6	1	1	6	6	-2	-1	3	-2	
-1	-1	-2	-2	0	0	1	-5	0	2	2	-6	-7	-2	3	-2	-2	0	-3	2	-3	-3	0	0	-1	-1	-2	-2	0	0	2	0	2	-8	-8	0	-3	1	1	1	1	2	-5	0	-3	-3	1	-1	-9	-9	-2	0	-6	-1	2	3	3	2	-2	-7	-7	-2	1	3	2	2	0	0	-2	-2	5	-4	-4	-4	5	-4	4	-6	-6	1	1	-6	-6	-6	0	1	2	1	-3	-3	-9	0	0	-2	4	1	-1	-2	-2	4	4	-4	1	1	1	1	4	4	0	0	6	6	1	3	-3	-4	-4	-5	-5	-2	-2	-2	-3	-3	2	1	4	4	-5	-5	3	-1	-2	0	0	1	-4	2	2	1	1	0	5	-4	-10	-10	-2	1	-1	-1	0	0	6	-3	-1	1	1	2	-3	2	2	-2	-2	-1	-5	-3	1	1	0	-9	-1	-1	-3	-3	-7	2	-1	-3	-3	-1	0	-1	-1	3	4	0	-8	-3	-3	1	0	-10	-4	-4	2	2	-1	-3	0	0	
-9	-9	10	10	-31	-31	2	-23	-3	-21	-21	18	-17	-13	8	-33	-33	-22	-6	33	-4	-4	2	2	18	18	-16	-16	-1	-1	9	9	38	9	9	-7	1	-15	-15	6	6	15	12	9	4	4	-8	8	-11	-11	-4	6	2	-4	17	-40	-40	7	-2	-3	-3	-41	23	6	22	22	11	11	-27	-5	41	-13	-3	-3	31	8	30	-48	-48	19	20	-10	-10	16	-18	15	25	14	-59	-59	-15	4	4	52	23	9	16	-9	-9	-6	-6	7	8	8	6	6	6	6	9	9	53	53	16	22	-10	-6	-6	-20	-20	-32	13	13	-10	-10	15	-19	24	24	-34	-34	11	12	-6	20	20	30	-32	31	31	24	24	4	31	1	-55	-55	-10	36	3	3	-3	-3	-5	-40	1	-7	-7	19	4	16	16	7	7	11	12	-24	25	25	8	-36	-27	-27	1	1	-20	-12	15	18	18	-20	-3	-39	-39	20	2	0	38	-21	-21	2	-7	-37	15	15	3	3	3	1	4	12	
3	3	-1	-1	1	1	8	-11	-5	5	5	-3	-1	-13	-4	-26	-26	-8	-3	8	-4	-4	-10	-10	12	12	2	2	-2	-2	10	-6	13	6	6	-2	6	-14	-14	5	5	-6	1	-8	2	2	5	2	9	9	3	7	-4	-24	12	-2	-2	-6	3	1	1	-14	1	16	-1	-1	-8	-8	-3	1	9	8	7	7	5	-1	-3	-14	-14	5	7	-6	-6	7	0	0	13	-8	-16	-16	-7	-1	-1	19	5	-1	14	0	0	-10	-10	-1	20	20	3	3	4	4	-11	-11	18	18	2	4	-4	-7	-7	-2	-2	-2	4	4	-8	-8	-1	-9	-1	-1	-1	-1	12	11	0	-6	-6	17	-16	3	3	5	5	-3	7	5	-10	-10	-15	8	6	6	-2	-2	5	-3	0	-20	-20	1	-6	-4	-4	-1	-1	1	5	-12	14	14	0	-14	1	1	-1	-1	-22	-15	6	9	9	5	-10	-18	-18	7	4	-2	8	-9	-9	5	-10	3	4	4	14	14	4	11	-3	0	
Trial:9
-8	11	11	-35	14	15	8	8	-11	0	2	2	2	2	16	18	-8	0	-14	8	8	-8	15	12	17	17	-9	-9	5	5	-74	-74	23	23	16	9	9	-5	40	11	-2	-2	-33	10	10	2	-7	-7	-9	-54	-54	26	26	16	16	2	2	13	13	-21	-10	-5	11	11	-4	19	-8	2	23	23	13	25	-1	0	0	1	-10	8	-34	-34	29	29	26	26	-18	-18	5	-10	-24	10	1	1	1	-52	-29	0	0	6	-10	-12	-7	-8	-8	2	2	39	-3	-3	-15	-15	-49	-49	7	0	-3	11	-64	3	18	24	24	11	16	-10	26	26	26	0	24	24	8	8	23	5	-22	-18	-3	-3	8	-5	-5	-16	-16	-3	10	20	-5	27	-9	2	6	-7	-10	-10	-49	25	4	-10	-5	8	12	-13	8	17	17	-6	-6	-86	20	-3	-3	-8	19	6	2	2	-1	-1	-18	-18	-14	-14	-1	14	-29	-12	8	3	3	41	41	6	6	-4	-4	-46	-13	-13	6	6	
-8	7	7	-3	7	-1	4	4	3	5	9	9	-5	-5	1	5	2	3	-1	4	4	0	7	-6	3	3	-5	-5	2	2	-5	-5	-6	-6	-8	14	14	-2	3	2	-6	-6	-5	4	2	2	-3	-3	3	-3	-3	-10	-10	0	4	-9	-9	3	3	-11	4	0	6	6	-3	6	-5	0	8	8	0	7	8	-5	-5	-6	-3	-2	1	1	1	1	-6	-6	-7	-7	7	5	-4	0	0	0	-7	-13	-5	3	3	-10	-7	-1	-2	1	1	6	6	7	1	1	-10	-10	-1	-1	-7	1	-3	-4	-4	-3	1	4	4	-1	1	7	10	10	10	1	8	8	-12	-12	-3	-3	-8	6	0	0	4	-8	-8	-6	-6	0	2	2	-8	-9	17	-6	0	5	5	5	-2	8	6	-5	-10	2	3	-4	-3	0	0	-1	-1	-11	2	-3	-3	-1	3	-2	2	2	4	4	2	2	-4	-4	-5	0	3	-3	3	-1	-1	-2	-2	-1	-1	0	0	0	-1	-1	-2	-2	
-5	3	3	-4	-1	2	-5	-5	-1	0	4	4	-1	-1	1	3	-6	0	-1	-1	-1	6	-7	-6	-3	-3	7	7	-3	-3	8	8	2	2	-9	-1	-1	-7	1	-1	-9	-9	-3	0	1	1	-1	-1	2	3	3	-4	-4	3	6	-8	-8	2	2	-2	-6	0	-2	-2	-12	4	0	-3	6	6	-2	-2	7	-9	-9	4	0	1	0	0	1	1	-7	-7	-4	-4	0	0	1	-4	0	0	-4	2	-5	0	0	-1	-1	0	-3	-1	-1	0	0	4	1	1	-7	-7	-2	-2	0	4	0	-3	0	-3	-2	-3	-3	-1	1	-3	3	3	3	6	2	2	-4	-4	8	-6	-10	4	1	1	-2	-3	-3	0	0	-2	-1	6	-14	-3	11	-5	5	2	-3	-3	-6	3	3	2	-10	0	-1	0	-6	-1	-1	-2	-2	-1	10	1	1	0	1	-7	1	1	-5	-5	-2	-2	-4	-4	-6	-1	2	-8	-1	1	1	12	12	1	1	-2	-2	-2	-5	-5	-1	-1	
-2	0	0	-12	1	-3	1	1	0	3	2	2	-6	-6	2	5	-5	2	-2	12	12	5	-3	1	-3	-3	-1	-1	-1	-1	-1	-1	-4	-4	-8	-3	-3	-7	2	-2	5	5	-2	2	5	-2	0	0	-2	-1	-1	-2	-2	-1	2	-2	-2	2	2	-3	-6	3	1	1	0	-4	0	1	0	0	-4	-3	8	-5	-5	4	-5	-2	-4	-4	-2	-2	-6	-6	-2	-2	1	-10	0	1	-2	-2	-6	3	-2	-4	-4	6	0	-1	-2	-1	-1	-7	-7	7	0	0	1	1	-1	-1	-4	6	-5	-1	-4	-2	3	-5	-5	3	6	-3	1	1	1	0	2	2	-1	-1	-2	-2	-2	-1	-1	-1	-7	2	2	2	2	-1	1	0	-5	-5	3	4	-4	1	-1	-1	4	4	0	1	-2	-7	-4	2	-4	-4	-4	-7	-7	-2	3	2	2	-1	4	-4	0	0	-9	-9	2	2	4	4	-2	0	-1	-7	-9	-3	-3	5	5	-2	-2	-5	-5	-1	-1	-1	4	4	
-2	2	2	-10	2	3	5	5	3	-4	-2	-2	-5	-5	1	4	-13	-2	5	14	14	0	-1	8	4	4	-4	-4	8	8	-9	-9	-13	-13	-19	-5	-5	1	8	-1	20	20	-6	2	10	-8	-1	-1	-6	-3	-3	-5	-5	-6	-6	-3	-3	7	7	3	1	0	7	7	-3	-1	-2	-3	-8	-8	3	5	6	-12	-12	8	-8	-4	-6	-6	2	2	-5	-5	-11	-11	-1	-10	0	5	1	1	-1	5	-1	0	0	-1	-1	6	0	-3	-3	-10	-10	5	2	2	-7	-7	-1	-1	0	-3	-11	-3	-3	-3	5	5	5	1	9	0	1	1	1	-8	0	0	-1	-1	-6	3	-1	6	-2	-2	1	1	1	4	4	-3	6	-1	-9	-5	0	10	-2	-3	3	3	10	4	-3	1	0	-22	-6	6	-3	-9	-9	-5	-5	-3	-12	7	7	-2	-3	1	-4	-4	-14	-14	1	1	16	16	-6	1	-2	-12	-8	-3	-3	5	5	-2	-2	-13	-13	2	0	0	3	3	
1	6	6	0	-3	-4	-1	-1	-6	3	-2	-2	-10	-10	-5	1	5	-4	-8	3	3	0	-6	3	5	5	-3	-3	3	3	0	0	-5	-5	-10	0	0	-15	-5	7	2	2	-4	-1	9	3	4	4	-3	-6	-6	5	5	-8	7	1	1	2	2	-2	-3	-2	4	4	3	-1	-13	0	-3	-3	-1	8	-1	-3	-3	8	-1	0	5	5	-2	-2	-4	-4	-1	-1	-2	-2	2	0	-2	-2	-2	-1	-3	-2	-2	1	7	2	3	1	1	-2	-2	3	0	0	-6	-6	-4	-4	-4	-2	-2	0	-6	-5	0	-1	-1	2	0	5	4	4	4	1	-4	-4	-7	-7	-6	-6	-3	10	-8	-8	1	0	0	2	2	1	-1	-2	-1	5	2	-5	5	-4	2	2	3	1	0	1	3	-7	-3	-3	1	2	2	-11	-11	-5	-3	4	4	-5	-4	-3	3	3	-7	-7	-2	-2	8	8	-2	2	1	-4	-3	-2	-2	2	2	2	2	-8	-8	0	-9	-9	1	1	
17	26	26	13	-41	-80	7	7	-63	17	10	10	7	7	-1	17	26	-20	-40	-11	-11	-22	-10	7	10	10	48	48	14	14	40	40	-2	-2	-27	-19	-19	-66	-37	30	31	31	-26	-1	-22	28	29	29	5	-44	-44	31	31	-27	23	16	16	-2	-2	-7	-7	-25	15	15	-1	9	-34	23	9	9	19	41	1	-70	-70	20	-25	24	-2	-2	29	29	17	17	49	49	-17	-18	-39	-14	12	12	-11	14	43	-50	-50	-15	-10	17	24	75	75	6	6	7	-34	-34	-9	-9	-7	-7	-11	20	-2	12	-20	24	-30	39	39	-4	16	0	14	14	14	16	-23	-23	6	6	-57	-55	-19	55	-38	-38	36	41	41	-5	-5	0	-28	5	15	12	30	-22	-4	11	9	9	-18	40	-4	6	-3	3	-6	-28	19	25	25	-32	-32	-7	1	-45	-45	6	-71	4	8	8	-75	-75	17	17	40	40	12	-4	26	-11	8	2	2	-13	-13	22	22	-37	-37	18	-23	-23	-7	-7	
-2	15	15	-9	1	-11	10	10	-14	-14	2	2	-3	-3	-14	16	11	3	-9	-9	-9	-4	15	17	5	5	2	2	-4	-4	-1	-1	16	16	-7	-5	-5	-15	6	8	4	4	-22	-3	1	-4	12	12	-1	-35	-35	-5	-5	0	24	7	7	7	7	-10	-5	2	18	18	-15	8	-10	6	7	7	2	19	7	-18	-18	8	2	7	-12	-12	11	11	11	11	6	6	1	-1	-22	1	4	4	2	-14	-7	-11	-11	5	-8	6	12	4	4	6	6	12	-1	-1	-11	-11	-30	-30	-5	7	-4	-1	-16	10	3	11	11	-1	13	-7	11	11	11	3	-3	-3	7	7	-19	-3	-5	1	-4	-4	12	13	13	1	1	5	-1	5	4	11	5	-6	-2	2	-4	-4	-17	17	1	0	-3	-4	8	-14	-16	8	8	-9	-9	-35	16	-6	-6	0	-6	-10	-8	-8	-3	-3	6	6	-8	-8	9	11	-9	2	3	-9	-9	20	20	6	6	-21	-21	1	-1	-1	5	5	
Trial:10
13	-6	-6	2	1	-12	9	9	18	18	-6	-5	-16	24	-21	-21	-11	16	16	37	37	3	2	2	-18	-18	-18	-25	-49	32	16	16	-21	-4	-4	-4	-4	4	43	16	-29	-29	-11	-11	-4	-4	17	17	-5	27	0	7	7	-8	-13	12	-1	-1	-1	-37	34	-33	-3	-15	-12	-22	-22	8	8	5	-5	-27	16	-38	-38	4	-14	14	-7	-7	-2	9	35	-39	-39	16	-8	7	7	-27	-27	-39	20	22	21	21	-16	-16	-37	-37	26	26	63	63	2	-16	-16	6	6	20	1	31	-34	-34	-2	-2	9	-3	-1	-1	2	-8	21	-46	-46	6	-2	-2	-11	-11	-10	10	14	12	-4	-4	-8	-4	2	27	27	-12	-1	17	17	-19	-19	17	-2	-5	-5	-5	1	1	-16	-6	29	29	10	23	-10	17	17	-14	22	-11	-12	-12	13	6	-23	2	2	5	5	-30	-30	-19	-19	8	8	-10	22	-6	26	26	-18	22	-14	20	18	-27	-9	-22	-22	5	5	-42	-34	9	
2	4	4	-4	1	-6	-2	-2	4	4	-3	-11	4	-7	-6	-6	-2	-14	-14	6	6	0	13	13	0	0	0	-4	-3	3	0	0	-9	-4	-4	-4	-4	-1	6	-1	-3	-3	-3	-3	9	9	-1	-1	0	-3	-3	-3	-3	-1	0	14	-5	-5	-5	-4	4	-8	-2	2	-8	-10	-10	4	4	1	-5	-10	0	-6	-6	7	-20	3	-8	-8	0	-4	1	-3	-3	-1	3	-4	-4	-14	7	-3	4	2	-1	-1	-1	-1	-11	-11	-2	-2	5	5	-9	0	0	2	2	4	1	5	2	2	-4	-4	1	-2	0	0	-1	-7	3	1	1	-6	0	0	-6	-6	-5	-12	-1	6	-2	-2	-1	4	0	1	1	-4	-10	1	1	0	0	7	7	0	-3	-3	2	2	-3	-10	-5	-5	1	5	2	4	4	2	8	-7	-4	-4	-4	3	-4	1	1	-5	-5	-5	-5	-1	-1	-4	-4	-5	2	5	9	9	-5	-2	0	-5	-5	-6	4	-5	-5	-3	-3	-8	1	0	
-14	-2	-2	9	-6	1	-19	-19	12	12	2	-9	-5	-8	5	5	8	-14	-14	10	10	-8	13	13	0	0	0	9	-5	7	4	4	-3	-19	-19	-8	-8	2	2	18	-6	-6	6	6	2	2	9	9	-10	15	-7	2	2	0	-5	-8	1	1	1	-14	4	1	-15	12	6	-8	-8	10	10	6	-3	1	-18	2	2	-5	-1	9	-8	-8	-12	-2	8	-4	-4	-3	2	10	10	-16	18	-9	-4	2	-2	-2	-3	-3	2	2	-4	-4	0	0	-6	-19	-19	3	3	0	0	4	-3	-3	-8	-8	25	5	-3	-3	10	-9	3	-2	-2	-9	6	6	-10	-10	-13	-9	4	-1	-4	-4	16	8	-9	-1	-1	-6	-13	-7	-7	-14	-14	8	-2	4	-3	-3	3	3	10	-9	-10	-10	-4	3	8	2	2	-7	10	-3	-15	-15	5	3	4	11	11	3	3	0	0	-6	-6	-11	-11	8	-6	4	7	7	0	0	1	2	-24	-15	10	-4	-4	-3	-3	-6	-6	-12	
-2	0	0	3	12	3	-10	-10	-2	-2	-8	8	1	0	1	1	-2	10	10	-4	-4	-13	-5	-5	11	11	11	-3	5	0	6	6	3	-7	-7	0	0	-10	10	8	-3	-3	-9	-9	10	10	2	2	8	0	-8	-5	-5	1	0	-26	10	10	10	-1	1	-19	10	8	1	1	1	6	6	-1	-2	-3	2	2	2	-17	-7	11	2	2	-8	2	1	-2	-2	4	-4	-6	-6	-16	9	15	0	12	-15	-15	-5	-5	-3	-3	0	0	6	6	-6	-5	-5	-12	-12	-20	-2	10	-8	-8	2	2	14	2	-6	-6	2	-9	5	5	5	-2	-3	-3	-3	-3	-1	-4	4	1	6	6	-3	0	-5	1	1	-5	-9	2	2	-2	-2	4	3	-9	-3	-3	5	5	-2	-3	-6	-6	-1	0	7	-4	-4	-5	-2	-10	0	0	-2	1	-1	-1	-1	6	6	3	3	-4	-4	-1	-1	0	-2	-1	-3	-3	1	-7	2	4	-1	-6	0	-5	-5	-2	-2	-2	2	-1	
-10	8	8	-12	7	1	-2	-2	-9	-9	-9	-5	7	-4	5	5	0	2	2	-5	-5	-4	3	3	6	6	6	2	0	6	0	0	-7	-3	-3	-4	-4	1	4	7	2	2	-9	-9	4	4	-11	-11	13	7	-6	-3	-3	-7	0	-15	16	16	16	0	2	-15	8	10	8	4	4	3	3	-10	2	-3	10	-6	-6	-7	-9	4	-4	-4	1	-3	0	5	5	7	3	-12	-12	-10	5	4	8	5	-22	-22	5	5	-7	-7	-3	-3	12	12	2	-2	-2	-8	-8	-7	-12	3	-14	-14	3	3	8	7	-15	-15	4	-2	7	1	1	3	-4	-4	2	2	2	-3	-3	3	9	9	-1	-2	-3	-7	-7	-7	-7	4	4	-1	-1	-5	3	-10	5	5	5	5	0	-11	-4	-4	6	7	-6	-9	-9	1	-2	-16	-2	-2	-3	2	2	2	2	10	10	-1	-1	3	3	3	3	-8	4	4	-10	-10	5	-2	-1	8	-3	-3	-2	-2	-2	-5	-5	8	6	-1	
3	6	6	-3	3	6	-7	-7	-3	-3	-5	-3	0	0	-8	-8	3	-6	-6	6	6	-2	1	1	3	3	3	-4	-7	1	-2	-2	-6	0	0	0	0	-5	3	8	3	3	4	4	-3	-3	-4	-4	1	6	3	-2	-2	-8	-3	-7	2	2	2	0	6	2	4	2	-10	4	4	3	3	-4	-3	-3	-3	-2	-2	-4	3	-3	0	0	0	-4	-2	-8	-8	6	0	-1	-1	-2	1	0	2	0	-11	-11	2	2	1	1	-3	-3	8	8	-3	-1	-1	-4	-4	-1	-1	0	-1	-1	1	1	4	3	-10	-10	-3	1	-4	0	0	3	-2	-2	-1	-1	6	0	-2	4	2	2	2	3	-6	2	2	-1	-7	-5	-5	1	1	-6	6	2	0	0	1	1	0	-9	-4	-4	-2	10	-13	3	3	0	4	-9	2	2	-2	-2	2	-2	-2	4	4	6	6	-1	-1	2	2	-4	1	-1	-6	-6	1	1	2	-1	0	6	-5	-5	-5	3	3	-1	1	-2	
25	28	28	-13	35	7	-30	-30	-8	-8	-7	-32	14	10	-8	-8	-2	-18	-18	-18	-18	-8	38	38	51	51	51	6	-44	-3	19	19	-37	-23	-23	12	12	-42	24	12	15	15	22	22	12	12	6	6	-7	-20	9	9	9	0	10	-48	-10	-10	-10	11	63	14	15	-3	-9	-10	-10	32	32	-6	-26	-22	1	-13	-13	0	42	-31	35	35	-4	-9	25	-63	-63	-22	-14	-11	-11	-7	32	9	-13	-7	-41	-41	23	23	3	3	0	0	36	36	15	-4	-4	-12	-12	20	4	-9	16	16	-42	-42	14	8	-13	-13	6	18	-31	-11	-11	40	-14	-14	37	37	10	16	42	-42	2	2	-10	6	-16	1	1	-10	-23	-19	-19	21	21	-21	24	13	-16	-16	-11	-11	-3	-55	18	18	-15	27	-10	6	6	17	27	-21	10	10	17	18	-6	-32	-32	22	22	11	11	-9	-9	-3	-3	6	20	0	25	25	3	7	0	3	-14	31	-1	16	16	7	7	-39	-15	-9	
13	15	15	-8	22	-3	-16	-16	7	7	-7	-24	-3	-3	-12	-12	2	8	8	9	9	3	0	0	-3	-3	-3	-28	-17	3	11	11	-25	1	1	11	11	-11	18	8	-3	-3	3	3	-4	-4	-6	-6	-3	-17	-15	9	9	-3	-3	-27	10	10	10	-6	26	5	9	-1	-13	-10	-10	17	17	4	2	1	0	-14	-14	-16	-5	-10	7	7	-1	12	11	-46	-46	8	-8	11	11	0	-1	-4	10	18	-6	-6	-7	-7	-10	-10	3	3	27	27	-2	3	3	-14	-14	13	4	-1	-15	-15	-10	-10	5	20	-2	-2	3	8	-9	-28	-28	3	1	1	2	2	-8	4	29	-1	7	7	-2	8	-5	5	5	-8	-9	-36	-36	6	6	3	7	6	10	10	12	12	-10	-25	5	5	10	16	-1	8	8	-7	19	-9	-9	-9	15	-4	-11	-15	-15	3	3	-10	-10	-2	-2	-1	-1	4	13	-7	15	15	-2	-3	-8	10	4	-16	-11	-5	-5	1	1	-8	-15	3	
Trial:11
-10	-20	-10	20	23	23	-9	-9	13	13	-13	-13	6	6	-33	-5	-5	-9	-9	-2	25	25	-38	-20	41	-1	5	5	6	6	6	10	10	6	-28	-11	3	35	35	14	14	-10	-1	-6	-24	-24	3	3	6	6	12	12	-71	24	24	-8	-9	32	32	-2	-2	1	1	-1	3	-13	31	31	5	5	-5	-5	-19	-19	16	-18	-8	35	35	-7	-13	-75	7	7	-6	-6	7	7	23	23	11	11	-3	-3	9	5	5	-16	0	0	-32	-32	18	18	-28	-28	45	45	11	-3	-60	0	0	3	7	-31	-22	42	42	16	-12	3	13	13	6	6	-13	-2	-2	15	-12	-3	-3	-18	-18	-10	-1	10	6	6	15	-17	8	-28	-28	16	9	32	3	-9	-9	-14	0	6	-10	-10	-19	16	-14	8	8	-19	11	-8	-8	27	27	-23	-12	-3	-3	-3	-1	7	-26	20	20	9	9	9	2	-4	35	35	-13	2	14	14	-21	-21	-22	4	4	6	-2	-21	2	-9	-9	31	
-5	-4	1	-4	-3	-3	2	2	3	3	-1	-1	-5	-5	-5	1	1	-2	-2	1	4	4	-8	-3	8	-2	-4	-4	-1	-1	-1	-3	-3	-3	-8	-8	5	-2	-2	-2	-2	-1	2	-2	-8	-8	6	6	-3	-3	4	4	-2	3	3	4	-8	7	7	-3	-3	1	1	-3	1	-3	5	5	-3	-3	3	3	-7	-7	4	-6	-2	3	3	0	5	-9	-3	-3	-2	-2	-2	-2	-2	-2	-2	-2	-1	-1	6	-3	-3	-7	0	0	-8	-8	6	6	-6	-6	1	1	2	-4	-2	-1	-1	2	-7	-1	-5	-2	-2	-2	-4	-4	1	1	-3	-3	-4	0	0	-7	0	1	1	0	0	6	-2	-2	-1	-1	-3	-2	0	-1	-1	2	-2	1	-3	0	0	-1	0	-5	1	1	0	-1	-4	1	1	0	1	2	2	-5	-5	-4	-3	0	-5	-5	5	1	-1	1	1	-3	-3	-3	-4	-2	-1	-1	-3	2	3	3	3	3	-6	3	-3	0	-1	0	-1	-3	-3	0	
-11	3	1	-22	-8	-8	3	3	5	5	2	2	-12	-12	7	6	6	-4	-4	4	-1	-1	-17	2	3	1	-7	-7	-3	-3	-3	8	8	-1	2	-24	8	-11	-11	-3	-3	6	13	-7	-10	-10	13	13	0	0	0	0	8	-2	-2	9	-3	3	3	-14	-14	-3	-3	15	0	-7	9	9	-6	-6	1	1	6	6	2	-2	-3	2	2	-5	2	-9	-10	-10	3	3	-6	-6	-14	-14	7	7	12	12	5	-4	-4	-5	2	2	-8	-8	4	4	-16	-16	4	4	5	0	3	-2	-2	5	-2	-1	12	1	1	-19	-5	0	16	16	-3	-3	-7	-2	-2	-26	-5	2	2	5	5	11	0	-13	2	2	8	8	-4	3	3	1	2	8	-3	-25	-25	4	0	1	-5	-5	0	-9	5	10	10	-4	-4	0	0	2	2	-5	2	4	-7	-7	11	10	2	4	4	-7	-7	-7	6	-4	-5	-5	-1	-7	2	2	0	0	-8	9	-12	-7	3	-7	-10	-4	-4	10	
-8	-2	-3	-6	-3	-3	0	0	1	1	4	4	-3	-3	1	-3	-3	-2	-2	-4	0	0	-6	2	3	0	-5	-5	0	0	0	-3	-3	-2	4	-3	2	-5	-5	-6	-6	8	0	-3	-1	-1	1	1	-5	-5	4	4	1	-4	-4	3	-1	6	6	-7	-7	1	1	3	2	-9	5	5	-6	-6	2	2	-1	-1	3	-3	2	-1	-1	-3	2	-8	4	4	-1	-1	1	1	-9	-9	1	1	-1	-1	-3	0	0	-1	0	0	-2	-2	-3	-3	-3	-3	0	0	-1	-4	4	-2	-2	0	5	-2	3	-3	-3	-4	-3	-1	1	1	-3	-3	-1	1	1	-4	2	1	1	4	4	1	0	-6	2	2	6	5	-5	-1	-1	3	4	3	0	-1	-1	-1	0	-1	-3	-3	-8	0	1	-4	-4	0	-4	1	1	-4	-4	-2	0	1	-6	-6	-1	0	1	4	4	-2	-2	-2	-1	-4	-9	-9	-3	0	2	2	4	4	-8	6	3	-4	-2	-5	1	-4	-4	3	
-2	2	2	1	-7	-7	0	0	-3	-3	2	2	-1	-1	-3	-1	-1	-2	-2	-10	2	2	-3	1	1	1	-3	-3	3	3	3	-2	-2	0	1	2	3	-5	-5	-6	-6	5	-1	-3	5	5	0	0	-4	-4	-1	-1	-5	1	1	3	0	-2	-2	-6	-6	2	2	1	1	-10	4	4	0	0	2	2	3	3	5	-4	1	-4	-4	-2	0	-6	2	2	-4	-4	-1	-1	-3	-3	-2	-2	1	1	0	0	0	-7	2	2	-4	-4	-10	-10	-1	-1	-1	-1	-4	1	2	3	3	-2	0	1	-5	-1	-1	1	0	-2	1	1	-5	-5	2	0	0	-3	0	-4	-4	4	4	1	-4	1	1	1	2	0	-2	-6	-6	2	2	3	-4	1	1	-4	2	-5	-1	-1	-6	-1	1	-3	-3	1	0	1	1	-12	-12	0	-5	0	-3	-3	-2	-4	2	5	5	-2	-2	-2	1	-2	-9	-9	-4	-2	0	0	0	0	0	1	2	-1	-3	-4	-1	-1	-1	2	
-2	-4	1	-3	0	0	-2	-2	3	3	2	2	-3	-3	-2	-2	-2	-5	-5	-4	-2	-2	0	2	0	1	-3	-3	2	2	2	-2	-2	1	-2	-4	3	-4	-4	-3	-3	-4	-7	-2	3	3	0	0	-5	-5	-1	-1	-7	2	2	-2	-1	3	3	-1	-1	1	1	-6	-1	-3	2	2	0	0	4	4	-3	-3	0	-9	-3	-1	-1	-4	1	-8	-1	-1	-2	-2	-1	-1	2	2	-1	-1	0	0	-1	0	0	-6	1	1	2	2	0	0	-10	-10	1	1	1	2	-4	5	5	-1	-1	-6	-4	-4	-4	6	-5	1	2	2	-3	-3	0	2	2	-7	0	0	0	0	0	-1	-4	-6	2	2	-1	1	-2	-8	-8	3	3	1	-2	2	2	-5	2	1	1	1	0	-5	-2	-5	-5	5	1	-1	-1	-5	-5	0	-2	-5	-5	-5	3	-2	-4	3	3	2	2	2	-2	-1	-4	-4	-3	-1	-2	-2	1	1	-5	5	-1	0	0	-2	-4	-2	-2	3	
-12	-27	-2	7	6	6	12	12	17	17	5	5	-22	-22	-16	-23	-23	-3	-3	2	-6	-6	29	1	-14	24	-7	-7	2	2	2	6	6	4	17	10	4	-35	-35	5	5	-5	-23	-19	32	32	12	12	10	10	-6	-6	-54	3	3	22	-15	5	5	33	33	18	18	-24	-19	19	-11	-11	-15	-15	24	24	-6	-6	6	-8	-3	19	19	-18	7	-52	9	9	5	5	7	7	12	12	-1	-1	-2	-2	10	-3	-3	-7	-6	-6	19	19	-23	-23	-64	-64	24	24	7	8	-1	33	33	6	-2	-23	-9	8	8	31	4	-4	16	16	-27	-27	26	4	4	4	-17	-8	-8	0	0	23	11	-77	17	17	-14	11	1	-53	-53	20	18	30	-1	21	21	-2	-10	21	0	0	-18	-11	14	-57	-57	8	-20	12	12	-36	-36	17	-22	-19	16	16	16	10	-23	9	9	-2	-2	-2	-10	7	1	1	5	12	1	1	6	6	-11	24	-16	14	5	9	-5	-31	-31	0	
-2	-13	8	6	8	8	-4	-4	3	3	2	2	-12	-12	-5	-14	-14	-7	-7	1	7	7	-14	-8	23	9	-5	-5	11	11	11	3	3	-2	-9	3	9	5	5	9	9	-10	2	-17	5	5	4	4	-1	-1	6	6	-29	13	13	4	-21	11	11	0	0	7	7	-6	-10	7	10	10	-1	-1	6	6	-11	-11	2	-10	-4	8	8	-6	4	-41	6	6	-2	-2	1	1	8	8	2	2	1	1	9	-4	-4	-1	-2	-2	-14	-14	-1	-1	-12	-12	23	23	0	-3	-17	5	5	1	5	-20	-17	15	15	12	6	-3	15	15	-1	-1	-1	-4	-4	3	6	5	5	-6	-6	-10	3	-19	5	5	11	-11	-3	-8	-8	10	11	3	10	-1	-1	-5	-1	13	-2	-2	-11	-6	0	-12	-12	-3	6	-5	-5	-13	-13	-2	-10	-17	6	6	10	4	-17	6	6	7	7	7	-4	5	14	14	-8	0	2	2	5	5	-7	3	-4	2	2	-9	2	-12	-12	-7	
Trial:12
1	1	-2	4	4	6	6	0	-2	-2	17	17	-10	-5	-5	-7	-7	-4	-4	-5	-5	0	0	-1	-3	-3	10	10	-1	-8	-8	-8	-7	16	16	-8	-8	6	6	-5	5	0	0	0	1	-1	5	5	-5	-5	3	13	-4	-1	-1	-8	-9	11	11	8	8	-7	-7	-13	-5	-5	-21	-21	5	12	5	0	4	4	-1	1	1	8	8	-3	1	4	3	3	-4	15	-1	-1	-5	-5	-6	-5	-2	5	5	-5	6	-11	-19	-19	8	8	6	6	2	2	-7	19	19	-6	-6	-3	3	3	2	2	-2	-2	-9	-9	7	7	3	6	0	-23	-23	15	1	5	6	6	-1	4	-19	10	10	10	1	4	5	-3	-3	-4	-6	-1	-4	-5	2	2	0	12	-2	13	-3	-3	-7	1	1	-21	-21	4	3	3	4	4	3	7	-2	-6	-6	-2	2	10	10	2	2	6	-22	-9	-3	-3	-9	-10	3	3	-2	-2	3	4	1	2	2	-3	-3	-12	4	-2	-2	-20	
-6	-6	0	7	7	-2	-2	1	-1	-1	13	13	-8	4	4	-3	-3	-2	-2	-8	-8	5	5	-3	-17	-17	3	3	-1	0	0	0	-4	9	9	-4	-4	1	1	-12	1	7	0	0	5	1	-8	-8	1	1	8	-2	6	-1	-1	-6	-4	0	0	-10	-10	-7	-7	-5	2	2	-1	-1	1	-2	1	-4	2	2	-9	8	8	4	4	-6	1	12	3	3	-5	11	-3	-3	-1	-1	-6	-4	-1	-2	-2	4	1	-4	-2	-2	-4	-4	5	5	13	13	-11	-4	-4	-1	-1	-4	0	0	-2	-2	0	0	-3	-3	3	3	1	-8	-2	-2	-2	-6	-3	1	-3	-3	-2	7	-10	9	9	9	2	-7	1	2	2	-9	-6	-6	3	-2	13	13	0	1	-6	-2	-1	-1	7	-5	-5	-1	-1	-13	-1	-1	-1	-1	-1	-6	6	-3	-3	-2	1	-6	-6	-8	-8	5	-4	-2	2	2	-1	-4	0	0	-2	-2	9	-2	7	-1	-1	-1	-1	-5	-12	-2	-2	-7	
-21	-21	5	0	0	5	5	1	4	4	-3	-3	-3	0	0	-7	-7	1	1	7	7	-5	-5	1	-5	-5	14	14	-6	2	2	2	-8	1	1	-4	-4	-2	-2	-7	-1	14	-4	-4	11	-4	0	0	-15	-15	2	0	7	-6	-6	-2	2	9	9	4	4	4	4	-5	-1	-1	5	5	-10	0	-11	-1	1	1	-5	-1	-1	-16	-16	-1	2	8	-13	-13	0	-4	0	0	-3	-3	1	16	6	-6	-6	-12	-11	1	10	10	-1	-1	1	1	-2	-2	-1	-12	-12	7	7	2	3	3	-4	-4	8	8	3	3	-5	-5	-3	0	0	-6	-6	-14	-2	7	3	3	4	-1	4	0	0	0	6	-9	2	-4	-4	-12	-14	14	1	-11	3	3	-1	-3	-11	0	11	11	-3	-2	-2	-1	-1	-16	6	6	-1	-1	-2	-6	-23	7	7	-8	17	-4	-4	0	0	0	-6	0	-2	-2	-5	4	-22	-22	-1	-1	-3	-4	4	7	7	5	5	3	-8	-18	-18	5	
-4	-4	1	-1	-1	4	4	-2	2	2	1	1	-2	-11	-11	3	3	0	0	-3	-3	-4	-4	0	5	5	-1	-1	-7	2	2	2	-2	-2	-2	1	1	-1	-1	2	2	3	-4	-4	3	1	3	3	-3	-3	-3	-3	-1	-4	-4	-2	-5	1	1	4	4	-2	-2	-5	-1	-1	1	1	-4	3	-2	-4	-1	-1	-4	2	2	0	0	-3	1	1	-2	-2	-4	2	-1	-1	-2	-2	-3	-6	3	0	0	-9	4	0	0	0	1	1	-5	-5	1	1	-1	-6	-6	0	0	1	1	1	0	0	1	1	2	2	2	2	4	-5	-4	-6	-6	-2	3	-1	1	1	-4	0	2	-1	-1	-1	0	-3	1	-1	-1	-4	0	2	-5	-5	-3	-3	4	-6	-3	2	-5	-5	2	1	1	-3	-3	-4	5	5	3	3	0	-1	-6	-1	-1	-6	2	1	1	-1	-1	2	-5	-4	-5	-5	-3	0	-8	-8	-4	-4	-4	3	2	2	2	-5	-5	-3	-4	-1	-1	2	
-5	-5	-7	4	4	8	8	-1	2	2	3	3	-3	-20	-20	7	7	1	1	-6	-6	0	0	-1	10	10	-4	-4	-9	1	1	1	-3	0	0	-5	-5	6	6	2	6	-3	-1	-1	0	4	5	5	1	1	-8	-2	2	-2	-2	-6	-5	-7	-7	4	4	2	2	0	-9	-9	1	1	2	3	-4	-4	2	2	-3	5	5	-2	-2	-10	-1	3	2	2	-1	1	-2	-2	-3	-3	-2	-2	1	-3	-3	-7	5	3	-1	-1	-3	-3	-1	-1	-1	-1	-4	-2	-2	2	2	1	1	1	1	1	-3	-3	0	0	1	1	2	-5	-2	-1	-1	-1	1	1	3	3	-11	2	1	0	0	0	2	0	-2	-1	-1	-3	0	-1	-3	0	1	1	-2	-4	-1	0	-3	-3	3	-1	-1	-4	-4	-2	1	1	0	0	-2	2	-5	-1	-1	-2	-1	3	3	-2	-2	4	-4	-4	-6	-6	0	2	-2	-2	-6	-6	-3	1	0	3	3	-6	-6	-6	2	-3	-3	0	
-8	-8	-1	1	1	4	4	1	0	0	-1	-1	-5	-5	-5	2	2	2	2	-2	-2	-4	-4	-5	4	4	5	5	0	0	0	0	-3	-1	-1	-6	-6	3	3	-2	-1	-1	0	0	-2	-1	5	5	0	0	-6	-3	-2	2	2	-4	-1	-6	-6	-1	-1	3	3	-2	-1	-1	-6	-6	2	-3	-7	-5	4	4	-1	3	3	0	0	-2	-5	2	3	3	-3	-1	-2	-2	-1	-1	-4	-16	0	-7	-7	3	-1	0	-4	-4	-7	-7	-8	-8	1	1	-2	3	3	3	3	-2	3	3	-3	-3	6	6	-2	-2	2	2	-1	-6	-1	-2	-2	0	0	0	1	1	-9	0	3	0	0	0	0	-12	1	-2	-2	-5	4	0	-2	3	-5	-5	2	-7	0	2	-3	-3	-1	1	1	1	1	-3	-5	-5	1	1	0	4	-4	-5	-5	-4	3	2	2	0	0	1	0	-2	2	2	-2	4	-4	-4	-7	-7	-2	3	-4	0	0	-2	-2	-1	2	-3	-3	-3	
-19	-19	7	25	25	2	2	-12	-14	-14	-8	-8	-51	-6	-6	-12	-12	-3	-3	7	7	16	16	-14	1	1	47	47	14	12	12	12	11	3	3	-35	-35	27	27	-16	5	10	-19	-19	-12	20	34	34	-9	-9	-4	13	-37	-27	-27	2	7	1	1	25	25	16	16	12	-15	-15	40	40	-9	9	-35	-21	-4	-4	-25	-6	-6	4	4	13	-33	2	24	24	-37	-34	8	8	-2	-2	5	-37	-12	-24	-24	9	-11	-11	-48	-48	-43	-43	35	35	6	6	-1	27	27	20	20	5	6	6	-17	-17	23	23	3	3	1	1	-11	-28	-8	-12	-12	5	11	-44	20	20	9	-1	-15	27	27	27	-3	-15	7	15	15	-17	2	-14	9	16	-76	-76	30	18	-18	3	26	26	8	15	15	13	13	-10	-35	-35	-1	-1	3	-2	-21	-29	-29	-14	12	17	17	11	11	50	-6	-9	8	8	-11	12	-19	-19	-47	-47	22	7	-10	10	10	-26	-26	24	14	19	19	-14	
-1	-1	-1	1	1	-3	-3	4	-10	-10	6	6	-10	-3	-3	-22	-22	-15	-15	-2	-2	5	5	-5	12	12	14	14	2	4	4	4	11	2	2	-12	-12	9	9	-19	-1	1	-5	-5	-5	-1	13	13	-8	-8	-4	4	-5	-5	-5	0	-1	20	20	12	12	-5	-5	12	-11	-11	-15	-15	-4	8	-7	-8	-12	-12	-7	-9	-9	8	8	10	-2	18	11	11	-9	0	2	2	-11	-11	-9	-18	4	-4	-4	-14	1	1	-6	-6	-8	-8	12	12	-7	-7	-8	16	16	1	1	7	3	3	-11	-11	7	7	-3	-3	-2	-2	1	3	-1	-8	-8	4	4	-4	0	0	3	2	-18	12	12	12	-15	12	11	-1	-1	-7	-3	-5	9	4	-6	-6	11	0	-4	0	3	3	-3	-1	-1	-11	-11	0	0	0	-3	-3	3	-1	-9	-3	-3	4	7	6	6	3	3	9	-6	-4	4	4	-5	-10	-8	-8	-12	-12	7	11	-2	4	4	-16	-16	6	5	2	2	-12	
Trial:13
-27	-27	41	41	9	19	33	-17	-17	1	1	-31	-31	-31	-31	6	37	37	12	12	6	-6	9	-11	-11	51	51	7	-2	-5	-5	-5	44	-21	-2	-2	6	8	-5	17	8	10	-10	-11	6	-6	-15	-23	6	18	-19	1	1	1	6	6	-3	-3	-13	-13	-72	-16	-16	0	0	-28	30	30	5	5	21	10	10	34	34	12	2	13	-51	-51	15	-17	-2	-2	-32	-32	-11	15	15	-53	-53	27	18	18	14	14	-57	-57	18	18	-6	-6	22	-12	-13	5	5	-4	-11	13	-7	27	7	7	-28	5	-39	-39	-10	4	-19	17	17	23	23	7	7	22	22	2	25	3	-32	-32	3	-16	2	2	35	-30	-101	11	13	10	10	-7	-7	23	-8	-34	38	9	-7	5	-43	-43	22	22	37	7	13	-85	-15	-15	-20	34	34	2	2	35	15	5	20	-38	-9	-1	4	4	-2	-2	-2	6	-35	-35	20	20	-9	-9	6	-51	-51	14	-17	-1	-1	-13	8	31	15	15	
-2	-2	0	0	-3	1	6	-3	-3	0	0	-5	-5	-3	-3	0	7	7	-4	-4	2	-4	-1	-3	-3	0	0	-3	2	-3	-3	3	9	-4	-2	-2	-8	3	-1	-6	5	-6	3	-1	-2	-1	-5	-9	-2	3	1	6	6	-3	2	2	-4	-4	-5	-5	-7	-1	-1	0	0	0	-5	-5	-5	-5	5	-6	-6	3	3	4	-5	2	-10	-10	0	1	-10	-10	-4	-4	6	5	5	-10	-10	8	3	3	-3	-3	-9	-9	2	2	-7	-7	3	2	0	1	1	-3	-2	-2	-6	4	-7	-1	0	2	-5	-5	-6	1	-5	10	10	-4	-4	-1	-1	1	1	4	3	-4	1	1	3	-5	0	0	-7	-2	-6	-1	-2	1	1	-3	-3	0	-6	-6	1	-4	2	1	-4	-4	1	1	-4	-3	-1	-8	1	1	-5	1	1	0	0	4	0	2	4	-5	-3	-1	2	2	-2	-2	-2	0	-8	-8	4	4	-5	-5	2	-4	-4	3	-6	-1	-1	-4	3	6	3	3	
3	3	-7	-7	-1	-10	-4	-19	-19	-1	-1	-2	-2	6	6	6	7	7	-22	-22	-7	-5	-2	-2	-2	2	2	-1	8	-4	-4	5	-4	-9	-8	-8	-3	9	6	0	-4	-9	4	2	3	7	-2	0	4	-6	-2	0	0	1	-1	-1	-6	-6	4	4	0	0	0	-3	-3	-3	9	9	-9	-9	7	-6	-6	-4	-4	9	-4	-4	6	6	-9	3	-12	-12	-16	-16	11	-1	-1	-6	-6	11	2	2	-6	-6	-6	-6	17	17	-4	-4	-11	-4	5	-30	-30	14	3	-2	-6	-9	-11	-1	9	2	1	1	6	-2	-6	15	15	-5	-5	9	9	0	0	6	25	-20	4	4	-6	-4	2	2	-30	-5	8	-5	-2	5	5	-5	-5	3	-4	1	-11	-9	10	3	7	7	-3	-3	-8	-7	-3	-3	9	9	-28	3	3	6	6	-16	-2	13	8	0	2	-23	9	9	-3	-3	4	-9	7	7	29	29	-8	-8	0	10	10	2	-16	-6	-6	10	14	18	-9	-9	
5	5	-3	-3	3	-5	11	-8	-8	-13	-13	0	0	0	0	-6	5	5	-4	-4	0	2	1	-6	-6	-3	-3	0	0	9	9	-4	-11	-3	-6	-6	-2	9	-2	13	-12	-15	0	2	5	5	-9	0	-2	3	-4	11	11	1	-3	-3	-2	-2	3	3	-2	-5	-5	1	1	2	-2	-2	-4	-4	6	7	7	-3	-3	-13	0	4	2	2	-2	5	-12	-12	-3	-3	4	-3	-3	-7	-7	4	3	3	-14	-14	-6	-6	10	10	10	10	-3	-7	-9	2	2	-1	6	-1	-3	0	1	-3	-1	5	-1	-1	0	4	-7	9	9	2	2	-5	-5	-1	-1	-1	-1	-11	3	3	1	0	9	9	-12	9	0	-13	0	-1	-1	0	0	-2	-2	0	1	-6	-1	-1	2	2	-4	-4	2	-4	-2	-4	4	4	-12	-7	-7	-2	-2	-4	1	2	1	5	0	-1	2	2	-5	-5	2	-2	1	1	1	1	-2	-2	1	-10	-10	-2	-8	-1	-1	-1	6	-1	-3	-3	
-3	-3	2	2	-3	-8	5	-2	-2	-4	-4	-2	-2	-1	-1	-2	5	5	-9	-9	5	-1	-5	-1	-1	-4	-4	4	-7	17	17	-10	-1	3	-5	-5	-8	6	1	-7	-12	-6	-3	-2	-3	5	-2	-2	4	7	-6	8	8	-2	0	0	-1	-1	-2	-2	-2	-4	-4	1	1	3	3	3	-2	-2	1	-1	-1	-1	-1	-14	-2	6	-9	-9	2	3	-6	-6	2	2	5	1	1	-15	-15	2	-2	-2	-8	-8	0	0	14	14	16	16	-7	-11	-6	-5	-5	-2	4	-3	1	-2	1	4	-2	1	-1	-1	-3	-2	-2	-12	-12	5	5	-7	-7	1	1	-3	-3	4	8	8	-3	-1	-3	-3	-13	12	1	-13	4	1	1	-2	-2	2	1	7	2	-5	-5	-4	-10	-10	13	13	5	-4	-3	1	2	2	-4	-13	-13	-9	-9	-7	3	3	-1	2	-5	1	-9	-9	1	1	3	2	-1	-1	1	1	2	2	0	-12	-12	1	-12	-3	-3	1	-2	3	-1	-1	
-2	-2	2	2	-2	-5	6	-9	-9	2	2	1	1	2	2	2	-1	-1	-6	-6	4	0	4	-16	-16	0	0	1	5	-2	-2	2	-7	9	3	3	-10	4	-2	-12	-4	1	-3	-6	1	3	-2	-4	-2	1	3	-5	-5	-8	-1	-1	-1	-1	3	3	-2	-2	-2	-2	-2	1	-3	-3	0	0	5	1	1	1	1	-4	-7	-1	-23	-23	1	-8	2	2	-5	-5	12	0	0	-9	-9	6	-8	-8	1	1	3	3	3	3	1	1	-2	-4	-3	1	1	-1	2	-4	3	3	-3	-2	4	3	-5	-5	-1	1	-4	3	3	8	8	-3	-3	-4	-4	-3	8	-2	4	4	-3	-2	-3	-3	-10	6	-4	2	2	1	1	-8	-8	-1	3	4	-5	-4	0	0	6	6	8	8	-2	0	-1	3	-5	-5	4	-7	-7	-2	-2	-3	-4	1	4	-7	-2	1	-3	-3	-6	-6	1	2	1	1	4	4	-5	-5	-2	-3	-3	4	-14	0	0	1	0	2	-6	-6	
-67	-67	4	4	5	2	8	-14	-14	20	20	-11	-11	2	2	-3	33	33	-60	-60	17	10	19	-83	-83	-26	-26	-18	57	-3	-3	28	-37	30	5	5	0	18	15	-8	-32	-11	-7	-39	-29	66	18	-3	-4	-5	36	-7	-7	-8	-10	-10	-18	-18	-16	-16	-2	107	107	-13	-13	-28	-23	-23	20	20	7	65	65	-21	-21	-12	-27	-20	-110	-110	20	-39	17	17	-39	-39	33	4	4	-15	-15	20	-21	-21	-12	-12	4	4	38	38	-10	-10	7	-38	1	5	5	-16	-9	-17	34	10	-40	-5	33	30	12	12	-12	-2	-13	23	23	39	39	-5	-5	-10	-10	-30	29	-21	9	9	9	-8	0	0	-6	20	-26	12	28	-8	-8	3	3	-17	8	-47	40	13	-15	-12	24	24	29	29	16	0	-6	16	-20	-20	52	6	6	24	24	-16	-3	-11	31	-24	5	-1	-35	-35	17	17	4	5	-17	-17	25	25	-26	-26	2	-32	-32	35	-22	10	10	20	-2	-4	-8	-8	
-23	-23	11	11	3	11	22	3	3	4	4	-15	-15	-12	-12	2	12	12	-28	-28	12	-7	12	-26	-26	-17	-17	-20	13	-15	-15	11	17	-7	14	14	8	5	1	-2	-34	-1	20	5	-9	-8	-2	-19	-5	15	-4	5	5	14	-8	-8	-8	-8	-28	-28	-28	37	37	-5	-5	-9	21	21	2	2	6	20	20	7	7	10	0	4	-54	-54	4	-12	-3	-3	2	2	-2	0	0	-13	-13	9	1	1	-13	-13	-32	-32	28	28	-12	-12	15	-15	-10	-12	-12	-1	-18	13	8	11	-4	-3	16	10	-21	-21	-1	5	-16	10	10	28	28	10	10	-9	-9	3	8	-2	-14	-14	1	-5	-8	-8	10	-7	-25	-1	9	-9	-9	13	13	-3	14	-19	3	7	0	-8	4	4	12	12	2	-7	-2	-34	-6	-6	1	9	9	6	6	11	13	-3	18	-21	3	-12	-1	-1	-27	-27	4	-1	-3	-3	13	13	10	10	0	-31	-31	23	-3	-3	-3	-8	15	10	7	7	
Trial:14
34	37	25	25	7	7	-29	-29	11	11	-1	17	42	42	7	7	64	-3	1	-18	-18	-17	49	49	17	-5	-1	-8	-23	13	-3	-3	10	-7	1	-9	-9	5	5	0	0	3	3	-33	-33	7	-11	-11	-21	-21	-13	-18	14	-5	-86	-9	42	7	7	25	25	1	-56	27	9	9	12	15	2	2	4	4	5	-12	-12	16	16	-8	-74	-49	-49	-51	-51	36	17	-5	-6	-6	20	3	-5	-5	-1	-1	10	-3	30	13	13	-33	-6	-2	16	16	-14	-14	-2	-23	-27	-27	-13	-11	22	-1	-1	-18	27	11	5	13	-10	-10	24	24	-1	-1	12	12	0	13	13	0	0	-27	13	13	-39	-39	17	17	4	4	-14	-14	0	-4	32	29	29	17	-3	-60	-15	-15	-48	-48	41	41	3	3	26	-20	-48	-48	-2	28	17	-18	20	10	10	0	-9	5	-4	-4	-4	14	15	-37	7	7	-25	11	5	27	27	-15	44	-6	32	4	-13	-13	6	6	-32	4	5	5	
11	-1	6	6	1	1	-2	-2	1	1	-2	4	1	1	1	1	4	-4	3	0	0	-2	4	4	0	-1	1	-4	-1	0	0	0	3	-2	-2	-3	-3	-9	-9	4	4	2	2	0	0	3	3	3	-5	-5	-6	-4	1	2	-10	-8	1	0	0	0	0	1	-10	-1	3	3	-1	2	-2	-2	-2	-2	0	-3	-3	2	2	-3	-6	-3	-3	-3	-3	4	-2	-9	-2	-2	1	-3	3	3	-5	-5	1	-2	-6	1	1	-1	-2	1	-3	-3	1	1	-1	-2	0	0	2	0	-3	-2	-2	0	2	-3	2	-2	-1	-1	3	3	-2	-2	-1	-1	-5	5	5	-1	-1	-2	-8	-8	-11	-11	-1	-1	5	5	1	1	0	6	11	-1	-1	0	-1	-6	-2	-2	-3	-3	3	3	1	1	1	6	-7	-7	-7	-4	-6	-1	-7	2	2	5	-6	2	0	0	-5	-1	-3	-4	2	2	-6	3	2	-2	-2	-3	11	-3	2	-8	1	1	2	2	-5	0	1	1	
3	-5	-4	-4	1	1	-8	-8	-1	-1	-2	4	-1	-1	-1	-1	-1	0	-3	-1	-1	0	1	1	-1	1	9	-2	8	-2	5	5	2	-1	-8	-5	-5	-2	-2	-7	-7	4	4	4	4	3	11	11	-5	-5	1	-1	-5	-1	-3	1	-6	-4	-4	12	12	1	-5	-9	3	3	-2	-2	-14	-14	-1	-1	-3	-4	-4	0	0	-17	-8	6	6	-1	-1	-11	-4	1	4	4	2	-10	2	2	-2	-2	5	1	2	1	1	0	7	-6	4	4	-3	-3	-2	-4	8	8	4	-7	1	-22	-22	5	5	6	16	2	3	3	0	0	0	0	0	0	3	3	3	-6	-6	-4	-7	-7	-9	-9	3	3	16	16	-3	-3	-4	-8	-6	8	8	0	-3	-11	-1	-1	0	0	-9	-9	1	1	4	-25	-6	-6	-2	-3	-3	0	15	3	3	3	-2	-5	3	3	2	-21	-2	13	2	2	-1	1	-5	-4	-4	3	7	-12	-4	-5	0	0	0	0	-3	2	-1	-1	
2	-16	-1	-1	4	4	-4	-4	0	0	7	7	6	6	0	0	3	5	-3	-7	-7	2	-3	-3	-7	4	5	-13	3	-8	4	4	-4	-3	2	-1	-1	0	0	-4	-4	4	4	-1	-1	-3	8	8	3	3	-8	4	-2	-3	5	2	-11	-11	-11	4	4	1	3	-18	7	7	-5	-5	11	11	4	4	-1	-3	-3	-11	-11	1	-11	4	4	0	0	4	0	7	-3	-3	-7	-15	-1	-1	-5	-5	0	-4	3	-4	-4	1	-7	3	1	1	-3	-3	3	-4	0	0	-8	-11	8	0	0	-2	2	7	1	1	3	3	-4	-4	-9	-9	-7	-7	-4	2	2	-4	-4	4	-1	-1	-7	-7	8	8	-2	-2	-7	-7	-2	2	0	-1	-1	-4	0	1	3	3	-2	-2	10	10	-4	-4	1	-4	-6	-6	-1	-8	-2	3	3	-4	-4	-1	-6	-2	-7	-7	1	-1	2	-1	1	1	0	0	-9	-1	-1	4	8	0	-4	-2	-3	-3	3	3	1	0	-1	-1	
-5	-10	7	7	6	6	-6	-6	2	2	12	4	7	7	0	0	-1	5	-7	-12	-12	3	-5	-5	-7	5	3	-15	7	-7	-1	-1	1	-2	5	6	6	10	10	-5	-5	0	0	-8	-8	-3	1	1	-1	-1	-6	10	-6	-5	5	2	-21	1	1	5	5	1	6	-13	0	0	1	-1	3	3	4	4	-3	-2	-2	-10	-10	2	-13	4	4	1	1	3	-2	6	-1	-1	-8	-9	-2	-2	-16	-16	2	-4	7	0	0	0	-4	4	1	1	-2	-2	4	1	1	1	-12	-7	8	-2	-2	-6	-1	4	-3	0	1	1	1	1	-4	-4	-16	-16	3	8	8	-7	-7	4	5	5	0	0	-5	-5	0	0	-8	-8	0	-2	-3	-2	-2	-3	-3	3	-1	-1	-7	-7	7	7	-1	-1	-1	7	0	0	-8	-8	-6	4	-3	-4	-4	-1	-4	0	-9	-9	10	0	-4	-13	4	4	-1	-4	-13	1	1	3	0	6	-12	-2	-10	-10	2	2	1	-4	1	1	
3	3	2	2	-3	-3	2	2	7	7	-1	-1	-4	-4	1	1	-1	1	-5	-1	-1	0	-1	-1	0	0	2	-18	3	-6	1	1	2	3	2	3	3	7	7	2	2	-3	-3	-10	-10	-5	4	4	6	6	-6	0	1	-2	0	-3	0	-1	-1	-3	-3	-3	1	-1	-1	-1	-1	-4	-3	-3	-1	-1	-2	-2	-2	-3	-3	2	-5	1	1	2	2	1	-2	-11	0	0	3	0	-1	-1	-3	-3	-3	-1	-2	-1	-1	1	-1	6	6	6	-5	-5	0	-7	1	1	1	-7	-6	-1	-1	-5	3	-3	-5	0	-1	-1	2	2	-3	-3	-6	-6	1	1	1	-2	-2	1	0	0	4	4	-9	-9	-1	-1	-3	-3	-5	0	-7	6	6	-1	4	1	-4	-4	2	2	1	1	-4	-4	1	2	-1	-1	3	-1	-2	-2	0	1	1	-1	0	-11	-3	-3	-1	-2	4	-7	-1	-1	3	-10	-2	-4	-4	1	6	4	0	-5	-1	-1	-6	-6	4	2	1	1	
-9	12	19	19	-10	-10	-9	-9	6	6	35	-3	19	19	-23	-23	-21	1	2	8	8	-11	17	17	7	-12	1	-83	-12	-5	0	0	6	54	25	4	4	40	40	9	9	-13	-13	-39	-39	3	25	25	-11	-11	4	-6	2	17	-18	-2	42	3	3	-35	-35	4	9	23	-1	-1	-11	7	2	2	-3	-3	-20	12	12	28	28	-10	20	-18	-18	7	7	17	6	-7	7	7	15	-20	-12	-12	-12	-12	3	-20	-18	9	9	-15	-34	9	18	18	-10	-10	1	-49	30	30	8	-8	-29	-5	-5	10	4	-2	-33	10	-2	-2	9	9	-42	-42	-25	-25	58	10	10	0	0	-33	24	24	33	33	-30	-30	-20	-20	-15	-15	-6	6	-29	21	21	-26	1	30	-19	-19	38	38	2	2	-14	-14	7	18	-4	-4	4	9	0	-43	-5	-4	-4	16	13	-56	29	29	2	8	2	-9	-7	-7	52	-38	0	-1	-1	-10	20	10	11	-1	-18	-18	12	12	3	11	10	10	
13	14	18	18	-5	-5	-12	-12	1	1	16	13	22	22	-3	-3	10	-7	2	-6	-6	-6	18	18	-2	-2	5	-14	-6	-22	4	4	3	13	0	-6	-6	2	2	5	5	-17	-17	1	1	3	9	9	-16	-16	-4	-7	8	6	-31	1	17	-2	-2	-7	-7	7	-17	13	11	11	5	6	4	4	-4	-4	-3	3	3	10	10	-3	-19	-4	-4	-29	-29	23	1	0	-14	-14	7	-7	-8	-8	-2	-2	5	-2	-7	1	1	-37	-2	5	23	23	-2	-2	2	-34	15	15	-1	-10	3	-6	-6	-1	11	4	-11	5	3	3	9	9	-12	-12	-2	-2	1	8	8	1	1	-20	13	13	-7	-7	5	5	0	0	-20	-20	6	6	0	18	18	-4	6	-13	-2	-2	-5	-5	20	20	-5	-5	0	8	-24	-24	9	9	4	-12	1	0	0	4	1	-11	5	5	-19	7	7	-24	10	10	4	0	-5	10	10	-16	12	1	9	3	-5	-5	12	12	-9	10	1	1	
Trial:15
8	-23	-23	17	17	-5	13	-3	19	19	19	24	-4	-4	0	-16	-3	8	8	-9	-9	-7	-4	6	5	5	0	16	-47	-47	11	11	12	5	-6	3	3	3	0	19	-4	-3	-3	1	-8	-2	-6	-6	-14	27	-13	-6	-6	3	3	5	5	8	8	-10	16	-3	9	9	1	1	13	14	-12	-12	-5	-5	-5	-7	-7	-7	-7	-39	-11	5	10	10	0	10	-3	19	15	15	5	11	4	-3	-3	-4	-4	1	1	6	-16	0	14	14	14	-13	-18	-10	14	7	11	11	-8	-7	-14	20	20	-24	4	-7	-7	1	1	8	-4	-29	23	23	11	0	-8	-8	-8	-4	7	-3	-15	5	5	2	-19	-22	-17	-17	6	-7	-3	32	1	1	10	-28	-2	-2	16	1	1	-6	-6	-11	11	-2	-2	4	-3	-10	20	20	-16	-3	0	-5	-34	2	10	-10	11	0	0	-5	-61	-3	0	4	11	11	4	4	-34	-34	-15	3	9	2	2	-54	4	22	17	17	-4	7	
-7	-3	-3	4	4	-6	4	14	6	6	-1	-7	10	10	-12	-2	3	-12	-12	-2	-2	-6	-8	0	-1	-1	-14	20	-2	-2	6	6	1	-3	0	-4	-4	-4	-6	10	-3	-2	-2	1	-8	-5	-3	-3	-2	3	0	-6	-6	2	2	0	0	11	11	-5	0	-6	7	7	-1	-1	-1	-7	0	0	1	1	-6	-2	-2	-2	-2	-9	-12	3	2	2	-7	-9	-6	-1	-8	-8	1	0	0	6	6	-4	-4	2	2	3	-9	10	4	4	4	-3	2	-5	-1	0	-4	-4	2	-4	-2	4	4	-6	-3	-10	-10	3	3	-8	0	-1	4	4	20	4	-3	-7	-7	-1	-9	13	-3	-4	-4	-1	-1	-7	-11	-11	-6	2	1	-1	0	0	-16	20	-3	11	-4	9	9	0	0	6	-1	2	2	-5	-2	-3	8	8	3	-8	-14	1	1	0	-5	-2	-5	-2	-2	10	6	2	-8	-6	-3	-3	2	2	-7	-7	-6	-11	15	-12	-12	-9	2	1	1	1	1	-2	
-6	-7	-7	5	5	-3	9	-5	6	6	-11	13	-2	-2	-8	-4	0	-1	-1	-3	-3	-1	0	-3	-4	-4	1	10	-2	-2	2	2	-2	1	-1	5	5	5	-19	14	10	-9	-9	0	-3	-3	-7	-7	3	7	2	-6	-6	-1	-1	-3	-3	-8	-8	1	1	1	-4	-4	-1	-1	10	-7	5	5	0	0	-10	-5	-5	-8	-8	-1	-2	-1	-10	-10	4	2	1	-1	-4	-4	19	-11	-1	3	3	-6	-6	5	5	-7	0	2	-4	-4	-4	6	0	-6	-1	-4	1	1	-7	6	4	1	1	11	-12	-3	-3	4	4	-13	1	4	-5	-5	-3	2	19	-3	-3	6	-3	-7	10	-4	-4	-11	0	-4	-6	-6	-5	0	-14	1	8	8	-5	-1	0	4	-6	10	10	-3	-3	-2	-4	-2	-2	-3	-4	-1	8	8	-1	6	-5	-1	-9	-2	0	-19	3	-1	-1	-13	-7	7	6	6	-5	-5	-1	-1	2	2	2	6	-2	9	9	-2	-1	-6	-4	-4	-4	-4	
-1	-6	-6	-3	-3	0	-4	-3	3	3	-6	3	2	2	-1	7	1	0	0	-3	-3	-1	4	-6	3	3	-3	5	-5	-5	-1	-1	-3	1	-1	3	3	3	-7	10	11	-9	-9	0	-4	-1	3	3	-7	1	2	-1	-1	0	0	-3	-3	0	0	-6	0	3	-2	-2	-4	-4	1	-5	2	2	2	2	-1	0	0	-4	-4	-10	1	-4	2	2	0	0	-6	-1	3	3	5	-4	-1	1	1	-5	-5	4	4	-3	-2	1	5	5	5	3	1	-4	-2	1	-4	-4	-4	5	3	-3	-3	2	-8	-2	-2	7	7	-2	2	-2	1	1	-2	1	5	-5	-5	-3	-2	-6	4	-1	-1	-3	-2	-1	0	0	-2	0	-2	-2	2	2	-6	3	-8	6	-3	6	6	0	0	-3	-2	1	1	0	-3	-1	-1	-1	-3	4	0	-3	-4	2	1	-4	-1	2	2	1	-3	-2	11	-1	-2	-2	-1	-1	5	5	-1	2	0	5	5	-6	-1	-3	0	0	-1	-3	
-15	6	6	-3	-3	2	-4	-7	1	1	-18	-2	5	5	0	0	13	0	0	0	0	-7	8	-2	1	1	-3	1	0	0	-10	-10	1	5	0	-1	-1	-1	5	2	1	-1	-1	-1	-3	-4	1	1	-3	-8	-1	1	1	2	2	-3	-3	0	0	-7	2	3	-8	-8	7	7	0	-3	-5	-5	1	1	6	1	1	-4	-4	-8	2	-2	3	3	-3	0	-15	0	2	2	1	0	-3	6	6	4	4	-1	-1	2	-7	0	2	2	2	1	1	-8	-2	1	-6	-6	4	-3	-1	-1	-1	3	-3	0	0	-2	-2	-1	2	-1	-5	-5	-3	0	-2	-2	-2	3	5	-6	1	-2	-2	-1	4	-1	0	0	0	-2	0	2	1	1	-4	2	-5	4	-4	3	3	2	2	-2	3	-1	-1	-1	-5	-8	1	1	1	4	-1	-3	-3	1	1	-3	0	-1	-1	-1	-2	-1	6	0	-3	-3	-1	-1	0	0	-5	2	1	-1	-1	1	-3	-4	0	0	1	-8	
-3	-7	-7	4	4	-7	1	1	-2	-2	-3	6	1	1	-13	-1	5	1	1	1	1	0	-4	-6	5	5	3	-4	-2	-2	0	0	-2	4	-2	6	6	6	6	-1	-2	-1	-1	1	5	-5	-3	-3	-6	-1	-3	3	3	-3	-3	5	5	1	1	-3	2	2	-1	-1	-5	-5	-3	1	-2	-2	-2	-2	1	-1	-1	-5	-5	-4	-3	0	0	0	6	3	-5	0	-1	-1	-1	-6	-4	2	2	1	1	2	2	-1	2	-2	1	1	1	1	-1	1	-1	-2	-11	-11	3	-6	1	0	0	-1	0	-2	-2	1	1	-2	-4	-1	-1	-1	-1	-2	0	0	0	-1	1	-2	6	-4	-4	0	-4	-4	-1	-1	0	-1	-1	1	-3	-3	-3	0	-1	6	-1	2	2	-4	-4	1	-3	0	0	-4	-2	-1	5	5	-2	3	-3	-4	-7	-3	3	0	-2	-1	-1	-2	1	0	5	3	-2	-2	4	4	0	0	2	-3	-3	-7	-7	0	-4	0	2	2	0	-8	
-5	6	6	9	9	-23	12	25	-25	-25	-2	15	-3	-3	-4	10	-7	-15	-15	17	17	-1	5	-19	39	39	19	-44	-10	-10	11	11	-31	-17	3	5	5	5	11	8	-38	5	5	-19	-8	3	19	19	-2	-18	-1	6	6	-13	-13	8	8	16	16	-6	4	10	-17	-17	-3	-3	-41	18	-12	-12	-8	-8	11	15	15	10	10	4	-19	2	-21	-21	11	14	-13	15	13	13	-11	-51	-15	1	1	3	3	34	34	-4	2	-15	-20	-20	-20	-4	4	13	12	-11	-13	-13	7	-20	16	-4	-4	-12	-18	-9	-9	-18	-18	-5	-15	14	17	17	-24	-11	5	6	6	13	13	9	17	-25	-25	15	2	-34	-13	-13	-17	7	10	-4	5	5	-5	6	15	27	4	-1	-1	23	23	-3	29	-6	-6	-2	2	-2	-5	-5	7	16	-5	6	-19	13	11	28	-44	11	11	3	-12	-10	13	2	21	21	10	10	1	1	14	-15	7	-19	-19	-8	-6	-15	-4	-4	5	-17	
6	-15	-15	9	9	-11	11	9	4	4	6	6	-2	-2	-6	1	-12	-2	-2	0	0	-6	-2	-4	19	19	13	-1	-16	-16	2	2	-6	-1	-3	13	13	13	1	3	-4	7	7	0	-2	-5	-3	-3	-11	9	-9	-5	-5	-3	-3	7	7	8	8	-3	2	-2	-7	-7	4	4	-13	-3	-7	-7	4	4	-2	-4	-4	-7	-7	-14	-1	0	7	7	3	9	0	2	7	7	-1	-2	-8	4	4	0	0	5	5	-5	-5	-10	6	6	6	-2	-1	-1	7	0	-4	-4	5	-7	9	5	5	-9	-4	-4	-4	-2	-2	-3	-9	-5	10	10	0	1	-7	4	4	2	9	-3	0	0	0	-1	-8	-11	-19	-19	7	-2	-3	5	-1	-1	10	-19	-1	8	4	-1	-1	-2	-2	-3	-3	-7	-7	1	1	4	0	0	-6	3	-4	-2	-9	-2	-1	10	-9	3	3	-2	-28	-2	6	6	7	7	-3	-3	-6	-6	-5	-8	4	-2	-2	-28	-3	4	16	16	0	-12	
Trial:16
12	-1	-1	-10	15	15	-54	-54	22	16	16	21	21	55	15	-23	-8	7	1	-24	9	9	33	33	15	15	-14	3	3	-13	-25	-3	-3	-29	-29	39	6	6	-19	-19	-4	14	10	-14	-14	-17	-6	17	-14	-14	40	1	4	15	15	-11	-21	5	-14	38	0	0	-10	9	11	-1	-1	50	2	-29	-29	26	26	10	-2	3	3	15	15	-10	21	5	9	-16	-2	-2	-15	-16	34	34	0	0	-7	29	29	-27	-27	-8	14	13	13	-9	-9	-9	-3	-12	-3	-3	31	-2	-13	-3	-3	-3	-2	-9	5	-4	-4	-23	-14	-7	-14	-31	22	22	-26	-26	20	20	-12	-35	2	-13	2	-12	6	9	9	11	11	-5	8	24	5	16	12	-1	-9	-9	-20	-20	-19	26	-5	-16	-6	-10	5	12	12	18	18	17	-11	-18	20	-19	-19	-60	-50	-13	11	11	18	18	6	-37	-37	12	12	15	-8	-8	23	23	21	0	-6	-6	-9	-9	27	1	8	17	17	-6	-7	-29	
11	-3	-3	5	-5	-5	-2	-2	-8	0	0	-5	-5	8	-1	-13	0	1	-2	2	8	8	-8	-8	-13	3	-6	-8	-8	6	0	2	2	-1	-1	-3	7	7	9	9	0	-7	-1	12	12	-5	-5	-1	0	0	2	-3	-21	5	5	-7	5	-1	1	5	-2	-2	2	-2	-5	-9	-9	6	-2	9	9	-1	-1	-4	14	-3	-3	0	0	-7	3	-3	-2	7	-4	-4	-8	-8	19	19	-2	-2	-2	-1	-1	-14	-14	-10	-8	-8	-8	8	8	-3	-3	-10	-3	-3	6	-6	-1	2	2	2	2	-7	-1	-3	-3	8	2	-5	12	-8	-6	-6	0	0	-11	-11	-8	-7	18	-5	5	-18	-1	4	4	-1	-1	11	6	-3	5	0	-1	5	-1	-1	-13	-13	-14	12	-6	-2	-2	-2	3	5	5	-5	-5	13	-4	-14	2	-10	-10	-3	-6	-2	-8	-8	-1	-1	7	1	1	6	6	7	-1	-1	-6	-6	19	-1	-10	-10	-6	-6	4	-4	2	-2	-2	1	1	0	
7	-2	-2	15	-3	-3	2	2	-7	-3	-3	-4	-4	3	-2	-9	2	4	-12	7	-4	-4	-7	-7	-4	19	-5	-2	-2	0	5	-3	-3	15	15	-7	3	3	-4	-4	-2	-6	6	-3	-3	8	-1	-5	5	5	-1	-6	0	-4	-4	-16	3	0	1	1	1	1	0	-3	-17	-4	-4	6	3	-2	-2	6	6	7	7	-8	-8	0	0	6	-6	-7	-2	10	-3	-3	0	-4	3	3	-5	-5	2	1	1	-18	-18	-1	6	-4	-4	-4	-4	15	-2	0	-4	-4	-5	-5	9	-5	-5	-5	4	1	-1	5	5	-9	6	-6	3	-3	-3	-3	-1	-1	-4	-4	3	6	-3	-12	4	-14	1	-19	-19	7	7	-2	0	-9	-1	-6	8	4	5	5	-1	-1	0	3	-3	3	5	1	-3	-3	-3	5	5	-7	9	-3	-4	4	4	-2	-9	-17	3	3	-14	-14	12	3	3	7	7	1	4	4	-3	-3	3	0	-3	-3	-2	-2	-5	0	-18	4	4	10	-10	-16	
-8	-6	-6	3	-2	-2	-5	-5	-8	6	6	-10	-10	4	-1	-4	-8	0	-5	15	-3	-3	-2	-2	-12	7	1	-2	-2	-3	2	-4	-4	9	9	0	4	4	-1	-1	1	0	-1	-5	-5	-2	-3	2	-4	-4	1	-1	4	4	4	-12	0	-1	-2	-5	2	2	8	-6	-2	-2	-2	1	0	-7	-7	0	0	2	1	2	2	-8	-8	-3	1	-5	6	7	-5	-5	-3	1	1	1	0	0	1	-3	-3	-5	-5	-15	9	-4	-4	-1	-1	5	-3	-3	3	3	4	-4	-3	-3	-3	-3	9	-6	2	-6	-6	-1	4	0	4	-5	3	3	1	1	-1	-1	-1	-3	-7	-4	0	-9	3	-6	-6	0	0	-7	1	2	-4	-6	2	-10	6	6	-5	-5	-1	-1	2	-7	2	2	2	-5	-5	-3	-3	0	-3	-3	-4	2	2	-3	-3	-2	2	2	-3	-3	-3	5	5	4	4	4	1	1	-5	-5	2	-1	-10	-10	4	4	-1	-2	1	-6	-6	1	-6	-1	
-5	-5	-5	0	1	1	-7	-7	-4	7	7	-8	-8	5	3	-8	-8	0	-9	1	6	6	2	2	-7	7	-9	3	3	0	0	-3	-3	0	0	4	2	2	0	0	-2	1	3	-5	-5	0	6	-6	-7	-7	4	-6	-1	6	6	-5	3	1	2	-4	9	9	5	-2	0	-2	-2	0	6	-2	-2	-2	-2	-11	-4	2	2	-5	-5	-5	3	-9	-1	7	-5	-5	1	-8	-1	-1	6	6	2	-10	-10	-2	-2	-10	8	3	3	-5	-5	-2	1	1	0	0	5	-2	-4	-1	-1	-1	12	-18	1	-10	-10	0	-3	3	1	-5	8	8	-1	-1	-3	-3	-2	-7	-3	-7	-1	-2	-4	-8	-8	4	4	-10	2	1	-7	-6	-5	-2	1	1	0	0	-1	-2	1	-5	0	8	2	-3	-3	-9	-9	6	0	-3	-5	7	7	-8	-2	0	0	0	0	0	0	-1	-1	-7	-7	2	0	0	-20	-20	11	-4	1	1	9	9	3	-5	1	-2	-2	-4	1	3	
-1	0	0	-1	1	1	-12	-12	-6	1	1	3	3	6	-6	0	0	0	5	-5	1	1	0	0	0	7	-8	8	8	8	-10	-9	-9	4	4	6	-1	-1	-4	-4	4	-1	-3	-10	-10	-2	2	-9	3	3	5	0	1	3	3	-2	0	-2	-6	2	-2	-2	2	2	1	-8	-8	-4	8	-1	-1	-4	-4	-4	-1	-3	-3	2	2	0	5	1	-8	-1	0	0	-13	-1	-2	-2	1	1	-12	2	2	1	1	-5	0	0	0	-7	-7	7	1	6	4	4	-7	-3	-1	-2	-2	-2	-5	4	-1	3	3	-4	9	7	3	-4	2	2	-4	-4	-3	-3	0	4	2	7	1	-1	-3	-1	-1	-4	-4	0	3	3	-3	-8	-1	0	-1	-1	0	0	-6	2	-1	-7	1	-1	3	-4	-4	-5	-5	0	-5	-6	2	4	4	0	-16	-2	2	2	4	4	-2	-9	-9	0	0	-7	1	1	4	4	1	-3	1	1	-6	-6	1	-4	0	1	1	0	0	1	
-3	17	17	-36	26	26	-41	-41	4	5	5	16	16	29	-10	-9	-3	-4	22	-34	3	3	4	4	10	27	-15	28	28	12	-15	-37	-37	31	31	23	22	22	-40	-40	6	8	4	0	0	2	1	-30	28	28	36	-21	-17	1	1	-20	30	18	2	15	16	16	0	7	-15	-48	-48	-7	39	-12	-12	11	11	-24	21	-13	-13	14	14	-2	-9	2	-34	-47	31	31	-48	12	13	13	1	1	-29	18	18	-16	-16	-14	0	2	2	-50	-50	32	7	29	34	34	-56	1	12	21	21	21	-49	32	41	29	29	-27	-1	43	8	-10	-13	-13	-15	-15	-21	-21	7	31	63	29	-9	2	-27	-2	-2	-17	-17	11	1	27	11	-37	-3	-10	-8	-8	4	4	-17	-3	-20	-51	14	3	4	7	7	-28	-28	7	-3	-28	12	11	11	20	-48	-15	2	2	44	44	23	-50	-50	4	4	35	10	10	13	13	-10	-35	12	12	11	11	-16	30	-4	-1	-1	-25	15	-31	
3	0	0	1	18	18	-29	-29	11	13	13	7	7	11	1	1	-8	3	-2	-15	7	7	11	11	6	-1	-7	-9	-9	5	-12	-9	-9	-2	-2	11	-1	-1	-21	-21	2	0	5	-2	-2	-2	-6	-5	6	6	14	-6	-20	5	5	-11	-16	4	-1	14	20	20	-8	11	0	-18	-18	8	11	-28	-28	15	15	5	-2	-7	-7	9	9	2	-1	4	2	-5	8	8	-8	-9	8	8	-7	-7	-4	21	21	-16	-16	-1	3	-7	-7	-13	-13	4	-3	8	7	7	-14	-11	2	5	5	5	-14	3	13	5	5	-14	-3	19	-8	-14	-3	-3	-21	-21	3	3	-3	-4	12	-2	4	-3	-2	6	6	-14	-14	8	6	11	-1	2	5	-8	-2	-2	-6	-6	-20	12	-2	-20	0	8	2	8	8	3	3	1	0	-4	5	-5	-5	-20	-37	-7	9	9	18	18	2	-29	-29	10	10	5	-3	-3	6	6	3	-14	-4	-4	-7	-7	2	-5	15	-3	-3	-3	3	-1	
Trial:17
-2	-5	-5	2	2	-5	-7	-2	-10	-10	13	5	9	-6	-5	-2	-1	0	-1	-2	-2	-8	-5	-3	-3	-8	-8	5	-5	-27	11	11	-7	1	38	38	-2	-2	-2	2	-35	5	5	0	-1	5	5	21	21	0	3	-7	-29	-29	-2	-2	4	4	-3	-3	0	0	-1	-1	7	7	9	9	-2	-38	-38	18	18	-7	-7	6	6	4	4	1	3	3	3	-5	-5	-2	-7	-7	4	4	6	-15	6	6	-21	-21	-1	-5	-5	4	7	12	30	30	8	8	-18	-12	-12	23	23	-17	-17	-1	-1	-8	-8	-21	-21	13	16	16	8	16	10	10	-23	-23	3	2	-8	-10	-10	6	6	3	-11	-11	4	4	7	7	9	9	-10	-10	-10	-1	-1	-1	-27	-8	10	-2	2	2	-8	-77	2	21	15	15	16	5	-1	18	18	-1	-1	-3	-3	-2	-2	8	-4	-4	-1	-1	12	-7	10	1	1	-4	9	-6	-6	-17	4	6	-23	-23	3	3	17	6	4	0	0	-1	
-3	10	10	0	0	-8	-9	-10	-6	-6	-4	10	4	-9	8	6	-3	4	7	-2	-2	-10	-9	-4	-4	-5	-5	12	-6	-7	-1	-1	1	1	2	2	-7	-7	1	-3	-14	7	7	0	2	-3	-3	1	1	-2	1	7	7	7	-16	-16	0	0	-2	-2	-2	-2	-3	-3	2	2	-1	-1	-8	3	3	3	3	-2	-2	4	4	-2	-2	18	-6	-6	-6	4	4	-7	-3	-3	-8	-8	-1	-12	-4	-4	-6	-6	7	-7	-7	5	2	-1	-5	-5	6	6	-1	-5	-5	15	15	-10	-10	0	0	-3	-3	-2	-2	1	-2	-2	-8	11	-10	-10	3	3	-6	-1	-3	-8	-8	5	5	0	0	0	-2	-2	-2	-2	10	10	-9	-9	-9	2	2	2	-11	-8	12	-1	0	0	-8	-5	-4	1	1	1	-15	-11	-17	13	13	0	0	1	1	5	5	12	4	4	1	1	-6	1	4	-1	-1	-1	-1	-5	-2	-5	12	-4	1	1	-6	-6	-6	-4	2	0	0	1	
5	-2	-2	4	4	-16	7	9	1	1	-4	5	-1	-3	-32	14	9	1	2	-1	-1	-14	-6	16	16	5	5	2	-12	-4	-3	-3	-8	-9	11	11	-3	-3	4	2	1	4	4	-13	0	12	12	0	0	-1	-2	3	-10	-10	1	1	1	1	1	1	17	17	-7	-7	3	3	-1	-1	-8	0	0	-6	-6	0	0	-16	-16	5	5	15	-4	-4	-4	5	5	-5	-2	-2	-1	-1	8	-7	-8	-8	-2	-2	-9	-2	-2	-3	-2	-4	0	0	0	0	-1	3	3	-6	-6	-3	-3	2	2	10	10	16	16	-4	-5	-5	-4	7	-17	-17	-14	-14	-6	-2	-2	-4	-4	5	5	-1	10	10	-3	-3	-5	-5	-1	-1	-5	-5	-3	-4	-4	-4	-6	6	4	-10	-3	-3	-10	-4	-17	5	-3	-3	-2	-4	-8	0	0	-5	5	7	7	3	3	-5	1	1	2	2	-6	13	9	-5	-5	-4	-2	-18	0	7	-3	5	-2	-2	-4	-4	-6	-10	7	4	4	2	
-2	-5	-5	-3	-3	2	2	1	-2	-2	-4	4	1	-2	-8	5	1	-1	1	-3	-3	-3	-1	1	1	-2	-2	1	2	3	-6	-6	0	-4	4	4	-1	-1	0	1	1	-1	-1	-12	-3	8	8	-3	-3	2	-2	2	3	3	1	1	0	0	-1	-1	-3	-3	-10	-10	-3	-3	1	1	-2	-6	-6	2	2	2	2	0	0	2	2	6	-8	-8	-8	1	1	0	-3	-3	-1	-1	4	6	-8	-8	-1	-1	3	-1	-1	-6	0	-4	4	4	-1	-1	1	-1	-1	-9	-9	1	1	-3	-3	2	2	-1	-1	-4	0	0	-4	4	-7	-7	-2	-2	-1	-3	4	-8	-8	2	2	3	-4	-4	0	0	-1	-1	-1	-1	-3	-3	3	6	6	6	-8	0	-1	0	-3	-3	-8	0	-5	2	-5	-5	-2	1	-5	1	1	-5	3	-1	-1	2	2	-1	1	1	-2	-2	-1	-2	-1	-2	-2	-4	-1	-2	3	2	-6	0	4	4	-9	-9	2	3	2	5	5	1	
-6	0	0	-2	-2	4	1	2	-4	-4	-4	3	2	1	-11	3	4	-1	-6	-4	-4	-7	-4	7	7	-3	-3	2	4	3	-6	-6	4	-6	4	4	0	0	-1	1	1	-2	-2	-5	-3	12	12	-3	-3	-4	-2	0	-1	-1	-3	-3	-3	-3	-13	-13	-2	-2	-2	-2	-1	-1	6	6	-1	-7	-7	-4	-4	-3	-3	2	2	5	5	3	-14	-14	-14	-1	-1	1	-1	-1	-7	-7	4	12	-1	-1	-1	-1	-1	6	6	-18	-1	1	12	12	-1	-1	-2	-5	-5	-30	-30	4	4	-1	-1	6	6	2	2	-6	2	2	-7	-1	0	0	3	3	-2	0	1	-5	-5	2	2	-10	-5	-5	2	2	0	0	-4	-4	-4	-4	-2	7	7	7	-9	5	0	2	-1	-1	-14	-1	-1	2	3	3	2	2	-15	0	0	-5	0	-6	-6	3	3	-7	5	5	0	0	-2	-4	-7	1	1	-2	-1	0	0	5	-4	3	7	7	-12	-12	-3	3	2	-1	-1	6	
-4	-8	-8	5	5	3	-3	7	0	0	-2	-2	3	0	-5	-1	4	-3	-4	-13	-13	5	1	2	2	1	1	4	0	6	-14	-14	-3	-3	7	7	-2	-2	-1	0	-11	0	0	-3	-4	2	2	2	2	-2	2	3	-3	-3	-1	-1	2	2	-2	-2	-6	-6	0	0	-1	-1	10	10	-6	-1	-1	-4	-4	-3	-3	4	4	-9	-9	1	-3	-3	-3	2	2	-4	1	1	-3	-3	0	1	-4	-4	0	0	-2	3	3	-10	-2	2	0	0	0	0	-10	1	1	-3	-3	2	2	-5	-5	1	1	-2	-2	1	-3	-3	3	-1	3	3	0	0	3	-5	3	-4	-4	-6	-6	-3	-10	-10	2	2	-2	-2	1	1	-8	-8	1	6	6	6	-2	3	1	1	-1	-1	2	-6	-2	3	-5	-5	1	-4	-11	0	0	4	2	-2	-2	-3	-3	5	2	2	-1	-1	-2	2	0	-11	-11	0	-4	2	1	0	-4	1	1	1	0	0	2	-1	0	-2	-2	-8	
-29	-18	-18	29	29	21	-35	54	-21	-21	36	-22	1	7	-65	21	29	17	-10	-61	-61	54	12	36	36	-1	-1	6	-40	29	-44	-44	-12	0	57	57	-12	-12	-18	1	-66	8	8	-3	25	5	5	-8	-8	-28	1	25	28	28	-24	-24	25	25	-14	-14	-12	-12	11	11	2	2	62	62	-3	-15	-15	7	7	-14	-14	0	0	-18	-18	-3	4	4	4	8	8	-13	-10	-10	-14	-14	11	10	-4	-4	-34	-34	-3	-14	-14	-17	-15	-9	29	29	15	15	-21	4	4	26	26	2	2	-11	-11	6	6	-3	-3	30	-31	-31	35	34	26	26	-8	-8	-12	-19	-4	-1	-1	-29	-29	-33	-22	-22	21	21	8	8	20	20	-67	-67	2	30	30	30	-6	-1	14	19	6	6	12	-33	1	13	4	4	5	-26	-85	19	19	25	58	36	36	-44	-44	54	-4	-4	6	6	-2	8	31	-27	-27	13	-10	-5	-2	-27	-4	-9	18	18	22	22	-5	8	7	6	6	-37	
-11	-2	-2	6	6	7	-18	5	-11	-11	35	0	0	5	5	-1	-3	3	-10	-15	-15	4	-2	-7	-7	0	0	-8	-13	-5	9	9	-11	-1	24	24	-4	-4	-17	1	-6	0	0	0	-3	5	5	4	4	-8	-3	0	-12	-12	5	5	0	0	-1	-1	-13	-13	-2	-2	-3	-3	19	19	-2	-16	-16	11	11	-7	-7	2	2	5	5	-1	0	0	0	-9	-9	-2	-2	-2	-9	-9	5	0	7	7	-11	-11	0	-14	-14	-6	-9	2	12	12	2	2	-3	5	5	19	19	-9	-9	-3	-3	-7	-7	-13	-13	6	11	11	7	11	6	6	-3	-3	-2	7	-4	-6	-6	-2	-2	-11	-6	-6	5	5	8	8	-3	-3	-25	-25	1	6	6	6	-16	1	3	4	1	1	3	-39	-1	13	7	7	5	1	-17	16	16	5	11	6	6	-21	-21	13	2	2	0	0	0	-7	11	-2	-2	3	1	0	-8	-7	-2	6	-12	-12	5	5	-4	9	6	5	5	-3	
Trial:18
7	16	-5	-17	35	-10	3	-14	31	9	-8	-8	7	-24	1	22	22	14	14	-10	-10	-1	-1	-59	-59	3	24	24	-3	-3	-17	14	-12	-12	-23	-23	12	-27	16	-1	-1	11	-7	-10	-10	6	6	8	-31	-31	15	15	16	4	4	16	16	-37	4	0	-17	-11	-11	-1	9	9	15	15	-3	-4	2	2	0	0	-30	2	2	-3	-3	3	-11	29	2	2	-4	-15	-7	-3	-3	-3	-7	0	-16	5	5	2	-5	8	8	-8	-8	-3	15	15	15	-44	3	3	-23	2	2	20	20	20	15	15	-3	-3	10	10	1	1	-7	-7	-2	30	30	-6	-6	-3	-3	0	0	12	12	-5	-13	-17	-17	-16	13	4	-46	1	1	3	6	-7	-7	1	1	16	27	-2	4	4	2	-3	1	20	20	-8	-1	6	13	-5	-5	0	-23	3	3	0	-54	-3	17	-2	-2	-18	-13	5	5	-17	-17	19	-11	-8	4	4	10	20	18	-24	-24	-13	-13	17	-7	-7	3	4	
10	-8	-7	0	-12	-9	-3	5	-1	-4	9	9	-1	-7	-3	-3	-3	5	5	-4	-4	2	2	-4	-4	4	0	0	-2	-2	1	2	-6	-6	-1	-1	1	-9	2	-1	-1	-3	-5	-5	-5	0	-8	-6	15	15	-13	-13	-6	3	3	-5	-5	-2	7	2	-7	0	0	10	-4	-4	1	1	4	6	14	14	-7	-7	-6	-2	-4	8	8	9	-8	-11	-2	-2	9	-14	-12	-5	-5	-5	1	7	-8	1	1	-1	0	-9	-9	-10	-10	5	14	-2	-2	1	-2	-2	-3	2	2	3	3	3	2	2	10	10	0	0	-5	-5	-1	-1	4	5	5	-13	-13	4	4	-4	-4	-9	-9	-5	-14	15	15	-18	2	-3	1	4	4	3	-8	3	3	1	1	3	-3	-8	-1	-1	1	-2	-2	-2	-2	-11	-4	4	-7	-6	-6	-3	-7	4	4	-9	-2	10	-5	-4	-4	-4	-2	21	21	0	0	-10	-9	2	1	1	-6	3	11	5	5	-9	-9	0	-9	-9	-8	-1	
-4	-5	-15	2	-6	-5	4	-2	1	-8	3	3	-5	13	-5	4	4	15	15	-20	-20	2	2	6	6	-7	-4	-4	3	3	-14	-6	4	4	11	11	-2	1	5	4	4	0	-5	-2	-2	-4	1	-6	-4	-4	0	0	-1	0	0	-3	-3	0	2	-13	-1	13	13	-9	-2	-2	1	1	0	16	-4	-4	5	5	-6	-3	12	19	19	-4	-6	4	-10	-10	11	-12	-7	-5	-5	-5	-5	3	-17	-4	-4	5	4	-2	-2	13	13	-2	7	-11	-11	10	-5	-5	-4	-4	-4	1	1	1	-9	-9	3	3	-8	-8	-10	-10	-2	-2	13	-5	-5	-16	-16	-3	-3	2	2	6	6	-1	-7	-1	-1	0	-3	2	-2	1	1	8	-1	16	16	-2	-2	-6	-5	-4	11	11	1	-3	-1	-16	-16	-4	13	-9	-1	-6	-6	-3	-8	3	3	-3	3	2	4	-5	-5	-13	-6	6	6	-4	-4	2	-10	1	-5	-5	-17	9	5	3	3	-5	-5	2	11	11	1	1	
-4	-3	-1	8	-7	1	-3	1	6	-14	-3	-3	-5	4	2	-1	-1	8	8	-3	-3	-6	-6	4	4	-3	-5	-5	0	0	3	1	4	4	-3	-3	-5	4	7	-5	-5	2	-2	-1	-1	-5	0	4	-6	-6	-1	-1	-4	4	4	-1	-1	1	-2	5	-3	-1	-1	-9	-2	-2	0	0	-4	3	-1	-1	-7	-7	1	-3	0	-3	-3	1	-3	4	-2	-2	2	-3	1	3	3	3	4	1	-9	1	1	-3	4	-5	-5	2	2	-6	1	-1	-1	1	-3	-3	2	1	1	0	0	0	-3	-3	1	1	-3	-3	-9	-9	0	0	9	-3	-3	-6	-6	-6	-6	1	1	3	3	0	-6	2	2	-3	-3	0	-1	1	1	2	1	-6	-6	-1	-1	-3	1	-1	5	5	11	-1	2	-3	-3	-5	2	-3	-4	-10	-10	-3	-4	3	3	-4	1	2	2	-7	-7	-10	2	0	0	-9	-9	7	-8	3	-6	-6	-7	-1	-1	-2	-2	-1	-1	5	2	2	1	0	
-14	-2	1	11	-10	13	-11	-4	3	-22	-5	-5	-7	1	7	1	1	8	8	5	5	-3	-3	1	1	-1	-7	-7	4	4	4	7	-9	-9	1	1	-7	2	9	-6	-6	-5	0	9	9	-2	4	-1	-13	-13	-1	-1	1	-3	-3	8	8	7	-1	2	0	-6	-6	-5	-7	-7	-3	-3	0	2	-4	-4	-6	-6	-3	2	-2	5	5	1	-7	9	-3	-3	-6	-2	2	7	7	7	2	1	-13	0	0	-11	-3	-11	-11	5	5	-1	-1	-4	-4	2	-3	-3	3	8	8	-3	-3	-3	-3	-3	6	6	-4	-4	-4	-4	-1	-1	4	-1	-1	-6	-6	-15	-15	5	5	-3	-3	-1	-10	6	6	2	-2	6	4	2	2	4	-6	-10	-10	1	1	-3	-3	-1	-1	-1	11	-4	7	1	1	-5	1	2	-7	-11	-11	2	-4	0	0	1	4	6	2	-15	-15	-4	-4	3	3	-14	-14	12	-3	0	-6	-6	1	-4	-5	-3	-3	6	6	5	1	1	3	1	
-4	-1	0	1	-6	4	1	-1	1	-4	-10	-10	-8	2	-1	3	3	4	4	2	2	-1	-1	-4	-4	-2	0	0	0	0	-2	1	1	1	-4	-4	3	2	4	4	4	-5	1	-6	-6	0	-1	-3	0	0	4	4	-8	3	3	-1	-1	1	-10	0	2	-18	-18	2	-2	-2	6	6	4	0	6	6	-2	-2	-6	0	-1	-1	-1	-1	-2	3	2	2	-4	-7	-7	2	2	2	-1	-5	-6	1	1	4	9	-3	-3	0	0	-4	1	-6	-6	-6	2	2	1	-2	-2	3	3	3	3	3	-4	-4	-3	-3	1	1	-1	-1	2	-3	-3	-1	-1	-2	-2	2	2	-1	-1	0	-3	-1	-1	-2	-4	5	1	0	0	-9	3	-1	-1	1	1	-4	-4	-4	-1	-1	-7	-1	9	-2	-2	0	2	0	12	-3	-3	0	-6	6	6	0	-7	2	-1	-5	-5	-5	-2	1	1	-4	-4	1	-1	-2	-3	-3	-3	8	-3	-2	-2	1	1	-1	3	3	-1	5	
-22	40	24	-2	7	1	41	-16	25	-6	-24	-24	-28	-8	0	36	36	17	17	18	18	-50	-50	-25	-25	9	4	4	-10	-10	-23	10	43	43	-65	-65	14	8	57	22	22	-8	12	-16	-16	37	-42	-16	-5	-5	49	49	-43	-14	-14	25	25	13	-32	-42	17	-65	-65	13	20	20	3	3	21	-8	23	23	-4	-4	-85	17	3	5	5	20	-11	4	12	12	-17	7	-1	27	27	27	17	-3	13	-12	-12	19	49	-2	-2	-24	-24	-19	0	-47	-47	-16	68	68	-13	-31	-31	30	30	30	11	11	-2	-2	-13	-13	9	9	-41	-41	-2	14	14	12	12	20	20	28	28	-51	-51	3	-14	6	6	2	-2	39	5	8	8	-33	-6	7	7	25	25	-13	-11	2	-4	-4	11	-5	22	-31	-31	7	5	-2	47	4	4	-18	-26	23	23	1	-22	23	-18	-25	-25	-22	-39	36	36	10	10	7	18	-10	0	0	-19	29	5	22	22	2	2	2	0	0	-8	20	
-2	9	5	7	3	-3	12	-3	8	0	-10	-10	-6	0	8	11	11	6	6	-5	-5	-10	-10	-23	-23	9	11	11	-3	-3	-21	4	9	9	-17	-17	11	-6	10	2	2	2	-6	-16	-16	17	-13	-1	-13	-13	10	10	-4	-4	-4	10	10	6	1	-14	0	-9	-9	-10	7	7	18	18	6	-4	18	18	-12	-12	-19	1	-8	-32	-32	1	-6	17	0	0	-5	-16	4	1	1	1	-1	0	1	-3	-3	3	19	2	2	-11	-11	-6	7	2	2	-10	-3	-3	-16	-10	-10	11	11	11	16	16	-10	-10	7	7	-7	-7	-8	-8	8	10	10	11	11	3	3	0	0	-4	-4	-10	1	-1	-1	-4	1	15	-10	9	9	-6	-6	-5	-5	9	9	-2	-10	-7	-3	-3	4	-3	4	-12	-12	5	3	-2	12	-5	-5	15	-12	1	1	5	-25	-1	7	-4	-4	-7	-19	4	4	-4	-4	7	4	-17	3	3	1	17	5	0	0	0	0	5	-1	-1	4	4	
Trial:19
6	-10	20	20	10	10	-4	-8	5	-17	-17	-7	-10	-1	-1	0	0	3	3	12	4	4	0	26	-26	-26	7	7	-4	-18	12	9	9	24	24	2	5	5	11	-12	6	6	-2	-13	21	21	-1	2	2	-33	-33	-40	15	-3	-12	1	1	14	6	6	8	8	-5	10	15	-6	-6	0	7	-18	7	-11	-4	1	2	2	-4	-41	1	-7	-18	1	1	-23	9	2	5	29	29	7	11	23	-8	-8	21	-9	16	-12	-2	-2	3	-9	-1	33	5	5	-6	-2	-7	0	0	-2	9	-16	6	6	7	13	-1	-1	-10	4	-8	-8	31	20	-5	-5	-24	-24	-5	15	15	16	16	-8	-1	-4	-55	-55	18	18	6	6	8	8	-10	2	-37	15	15	-20	34	12	1	1	0	0	-14	-14	2	2	12	-2	-21	14	14	11	11	-3	16	16	13	18	-3	-3	3	3	10	-18	-7	-12	-12	-6	-23	9	9	-1	-5	-19	8	-12	4	4	8	16	14	16	16	3	
-2	0	18	18	-6	-6	-5	-7	-1	-7	-7	5	-1	-2	-2	2	2	9	-2	-4	-11	-11	-4	-14	-7	-7	4	4	-8	-4	0	0	0	9	9	-1	-1	-1	5	-1	-5	-4	2	12	-11	-11	2	16	16	-10	-10	-15	-8	-7	1	3	3	-1	0	0	-5	-5	11	2	-7	-5	-5	1	2	-3	1	0	2	-3	-4	-4	7	0	4	-4	2	-4	-4	-2	6	-3	-4	-7	-7	-2	2	-2	-6	-6	-4	-3	1	-6	-2	-2	10	-3	3	-6	-2	-2	0	2	0	-5	-5	-3	2	-8	5	5	2	7	4	-1	-3	-4	-5	-5	-5	-1	5	5	-4	-4	-4	6	6	-3	-3	0	-11	-2	-4	-4	2	2	-4	-4	-1	-1	3	0	-10	-4	-4	-1	4	17	-3	-3	0	0	-6	-6	-2	-2	-3	5	-2	-3	-3	-2	10	1	3	3	0	6	-7	-7	0	0	-3	-3	7	-6	-6	-1	2	-4	-4	3	-3	-3	-1	10	-7	-7	-1	-16	7	-3	-3	-4	
-5	-6	14	14	1	1	-6	-8	2	-8	-8	6	7	-16	-16	4	4	8	0	2	-3	-3	0	-26	-7	-7	-2	-2	-2	12	-11	-12	-12	-3	-3	7	4	4	-16	24	-10	-5	5	8	-7	-7	3	2	2	-6	-6	-1	-1	-4	-3	0	0	-7	6	6	-19	-19	0	7	2	0	0	-4	3	0	-1	8	-4	1	2	2	7	-3	-19	-1	4	1	1	-3	1	13	1	-13	-13	2	10	-2	-6	-6	-23	1	4	-12	-6	-6	7	-5	20	7	1	1	10	-9	8	-8	-8	-1	7	-10	12	12	-17	3	18	-4	4	-6	-11	-11	-6	1	2	2	-7	-7	-15	5	5	-1	-1	3	-4	15	-6	-6	4	4	-7	-7	-4	-4	-6	0	-10	6	6	6	18	1	-5	-5	-13	-13	4	4	-1	-1	-6	-5	-1	-23	-23	5	9	3	-1	-1	1	-16	-11	-11	2	2	0	-4	11	-3	-3	-1	0	-3	-3	0	7	3	0	-7	-1	-1	3	-4	11	-5	-5	-1	
-6	-4	0	0	-4	-4	-8	-2	4	-3	-3	-10	-2	-4	-4	9	9	-2	6	9	5	5	3	-1	-7	-7	1	1	-3	4	-2	-4	-4	1	1	-1	-1	-1	-3	-1	-5	-4	1	2	-2	-2	-7	7	7	-9	-9	3	-8	-2	1	0	0	-5	6	6	-13	-13	5	2	-3	0	0	-10	-1	2	-1	0	1	4	-8	-8	-2	1	5	1	3	-1	-1	2	0	-6	-2	1	1	-2	3	-7	-7	-7	-4	1	1	-5	8	8	-1	-1	0	3	1	1	3	-8	-4	-1	-1	1	2	-14	-6	-6	-4	5	-7	1	5	2	-1	-1	1	1	-14	-14	1	1	-2	2	2	-3	-3	-3	2	3	1	1	0	0	7	7	-1	-1	4	-1	-3	-2	-2	3	-3	-4	-12	-12	-3	-3	1	1	-3	-3	4	-5	5	-2	-2	-6	7	-2	-2	-2	-4	1	3	3	-2	-2	5	2	4	-10	-10	0	-1	-2	-2	-2	-1	0	-4	-1	-4	-4	-6	1	5	1	1	-3	
-7	3	2	2	8	8	0	-1	-1	-5	-5	-7	-4	-4	-4	0	0	-2	3	6	-6	-6	7	9	-1	-1	-2	-2	1	-1	-2	0	0	-5	-5	-2	2	2	-9	-4	-3	-6	-1	-1	-8	-8	0	5	5	-6	-6	3	-2	-5	-11	0	0	6	14	14	-12	-12	9	-2	-11	2	2	-11	-2	-11	-3	5	2	1	-5	-5	-2	-4	10	2	5	3	3	10	-2	-4	2	-9	-9	-2	5	-9	-5	-5	-6	-1	-4	-13	9	9	1	-1	-2	-12	6	6	-2	-5	-1	1	1	5	2	-10	-4	-4	-4	-7	-4	-12	2	5	4	4	5	-6	-14	-14	7	7	-6	-4	-4	3	3	-4	3	2	8	8	2	2	-6	-6	8	8	-1	2	1	1	1	0	4	-6	-1	-1	0	0	4	4	1	1	0	-5	0	-1	-1	-5	1	-5	-3	-3	-4	1	3	3	2	2	2	3	0	-7	-7	-5	-6	-4	-4	1	2	4	-1	2	-4	-4	-11	-5	4	-5	-5	-2	
0	1	4	4	-1	-1	-6	-4	3	-6	-6	-6	0	7	7	4	4	1	-1	-1	-3	-3	0	5	-6	-6	-1	-1	-4	-5	3	-3	-3	-4	-4	-1	4	4	-3	-1	0	-2	2	-3	-1	-1	1	-2	-2	3	3	-1	0	-4	-5	-8	-8	1	6	6	2	2	0	0	-4	-3	-3	-9	4	-5	1	4	-5	6	-14	-14	5	4	2	6	-7	5	5	4	-4	-3	0	-7	-7	4	1	6	-5	-5	-1	-1	-4	-5	3	3	-6	-5	-1	3	-4	-4	1	-4	-2	4	4	6	-3	-13	-4	-4	0	-3	-3	3	1	3	-2	-2	0	0	0	0	1	1	-3	0	0	-1	-1	-6	3	3	-2	-2	-1	-1	-1	-1	1	1	-7	2	-3	5	5	3	0	-17	8	8	-2	-2	-1	-1	1	1	3	1	-2	3	3	-2	-3	-6	2	2	0	-2	-1	-1	-4	-4	-2	4	3	1	1	-1	-2	-4	-4	0	0	-6	3	2	-5	-5	-7	4	6	2	2	-1	
29	24	13	13	-7	-7	19	7	-8	-18	-18	7	3	22	22	17	17	-12	-25	-10	-10	-10	1	8	-55	-55	4	4	-3	5	3	-46	-46	10	10	40	22	22	35	11	-54	10	18	-7	8	8	-12	-9	-9	-1	-1	16	21	-36	-7	-18	-18	-11	53	53	-4	-4	-11	-16	29	-27	-27	-22	-8	-19	7	-20	-15	19	-56	-56	20	7	27	55	-23	26	26	26	-3	-11	18	-30	-30	3	18	65	2	2	0	-1	20	-24	6	6	-30	-33	6	16	-40	-40	22	-1	17	32	32	16	28	-48	11	11	2	-71	0	44	-28	11	5	5	-11	2	-24	-24	15	15	-5	-3	-3	28	28	4	-1	-8	-16	-16	-1	-1	-6	-6	13	13	-28	23	13	-5	-5	13	3	-62	42	42	10	10	-22	-22	5	5	13	7	19	21	21	-22	-15	-19	3	3	22	-7	-1	-1	-7	-7	19	17	8	2	2	9	0	-22	-22	6	16	-27	19	-1	-11	-11	-21	11	10	8	8	10	
7	2	9	9	5	5	8	3	-5	-1	-1	1	-1	9	9	7	7	-9	-1	-11	11	11	-3	19	-17	-17	0	0	-23	-9	5	-4	-4	24	24	-10	8	8	-16	-10	0	-3	2	-3	0	0	1	10	10	-4	-4	-18	17	-4	-18	1	1	-1	12	12	9	9	-7	3	15	-13	-13	0	5	-22	13	-6	-6	-1	-10	-10	4	-12	15	10	-5	1	1	-1	5	-5	10	-16	-16	-7	9	28	5	5	8	-9	5	-6	-1	-1	-5	-7	5	-11	-17	-17	4	7	-1	5	5	-7	6	-24	15	15	0	-9	-7	1	-11	10	6	6	2	0	0	0	-2	-2	-1	3	3	6	6	-7	5	11	-26	-26	3	3	1	1	1	1	-4	9	-12	7	7	-5	5	4	-3	-3	0	0	-7	-7	3	3	6	2	-10	8	8	1	10	-1	6	6	-3	5	13	13	-1	-1	-12	-14	5	-5	-5	-5	4	-9	-9	-1	-1	-17	7	-1	3	3	2	9	2	3	3	7	
