2020/5/20 8:28:10
Sampling rate: 100
Measure time: 2
Trial:0
-3	-5	-5	-5	1	-6	-6	0	-1	0	0	2	-3	-3	1	1	-2	0	0	-1	3	0	0	-1	-1	-1	-1	4	-2	-2	-4	-4	-1	0	0	-4	-4	2	3	3	4	-8	-8	2	2	2	-5	-5	-5	-9	4	3	0	0	2	-5	-5	-1	-1	2	-3	6	6	-1	-1	-5	-5	-6	1	1	3	-3	-4	-1	-3	-2	3	1	-4	2	2	-2	2	-14	-4	-1	-1	1	0	-1	2	2	2	-4	0	0	-2	-2	-4	-1	-2	-3	-3	-2	2	6	0	0	0	-2	-1	-6	-4	2	-3	-1	-2	-1	-1	0	0	-8	-1	1	-3	-3	0	-1	4	3	3	-1	-1	-6	-6	1	1	0	-1	1	-4	-4	-3	-5	-1	-1	0	0	-1	-1	-2	-2	-11	-11	2	-1	4	1	1	-3	-3	5	0	0	-7	-7	0	0	-2	-2	1	1	1	0	0	5	5	-3	1	1	-4	2	2	4	-4	-4	-4	-4	-1	-5	-5	-3	-3	2	-4	4	4	-1	-1	-2	
-2	-3	-3	4	-1	-4	-4	2	-4	-3	1	1	-4	-4	-1	-1	-3	3	3	0	-5	0	0	-4	-4	0	-2	7	-3	-3	-2	-2	-6	0	0	-12	-12	2	-7	2	0	-6	-6	0	6	6	-1	-1	-1	-2	5	2	0	0	3	-5	-5	-7	-7	1	-4	2	2	-4	-4	-3	-3	-5	-1	-1	5	-5	1	1	-2	-3	0	2	-4	0	0	1	2	-2	0	-7	-7	-3	-1	0	-3	-3	-3	-3	8	8	-4	-4	-2	-4	-2	-3	-3	-3	5	0	1	1	1	-3	-2	-3	-2	0	0	-3	-4	1	1	0	0	-1	0	1	-1	-1	-1	3	-3	-2	-2	0	0	-5	-5	-1	-1	8	-3	-3	-2	-2	-4	-6	3	3	-5	-5	-1	-2	-3	-4	-2	-2	0	-3	1	1	1	-6	-1	4	-4	-4	-2	-2	-2	-2	-1	-1	0	0	2	0	0	0	0	-3	0	0	-1	-1	-1	1	-2	-2	-2	-2	-1	-2	-2	0	0	0	-2	2	2	-2	-2	-1	
18	-6	-6	3	-9	-7	-7	8	-13	-2	6	-5	-10	-10	-2	-5	-11	7	7	-3	-1	-1	-1	-10	-10	2	-4	13	-3	-3	-4	-4	0	1	1	6	6	-7	-3	8	-5	-7	-7	-7	23	23	-1	-1	-1	2	-1	6	-10	-10	-2	-6	-6	-10	-10	5	-13	1	1	-4	-4	-6	-6	-3	-2	-2	-2	-9	9	2	-3	-1	3	0	8	0	0	-7	3	-6	6	-6	-6	-9	10	6	-10	-10	-10	-4	-20	-20	6	6	-6	-4	2	18	18	-3	8	-2	2	2	2	11	-1	5	-5	-1	-2	0	-20	-17	-17	6	6	0	-3	11	16	16	-7	3	-7	-4	-4	-5	-5	0	0	-3	-3	9	-7	-11	-14	-14	-1	6	7	7	-17	-17	5	0	3	-4	0	0	-1	-20	3	0	0	-6	-4	16	-11	-11	1	1	-9	-9	1	1	-17	-17	9	-1	-1	-10	-10	-2	7	7	11	-9	-9	8	-6	-6	0	0	13	3	3	-3	-3	1	-12	-13	-13	6	6	-12	
5	-3	-3	3	-1	-4	-4	-5	-4	-2	0	0	-2	-2	3	0	-1	1	1	-3	1	0	0	-8	-8	2	-4	6	-2	-2	-2	-2	2	0	0	1	1	-3	0	-3	-2	-2	-2	-2	7	7	0	0	0	1	-5	-1	-2	-2	-1	-8	-8	-7	-7	3	-5	-1	-1	1	1	-3	-3	-1	-1	-1	3	-2	-4	1	0	-3	2	7	3	-2	-2	-6	-3	0	0	5	5	-8	1	4	-2	-2	-2	-1	-4	-4	2	2	-5	-1	1	14	14	-7	5	-7	0	0	0	-2	0	-5	1	-5	3	-2	-4	-8	-8	-1	-1	-2	-4	-3	1	1	-11	3	-1	0	0	5	5	-1	-1	-1	-1	9	-3	1	-5	-5	-1	1	0	0	-1	-1	0	2	-2	1	-2	-2	-3	-6	4	-3	-3	-7	-4	-2	-4	-4	-1	-1	-3	-3	1	1	-1	-1	5	0	0	-6	-6	-6	4	4	-5	1	1	2	-2	-2	-9	-9	4	-1	-1	2	2	-1	-2	0	0	2	2	0	
0	-2	-2	0	-1	-4	-4	2	-2	-2	-3	-3	-3	-3	-2	-1	0	2	2	-4	-1	-1	-1	-2	-2	0	-1	3	-1	-1	-3	-3	-1	-1	-1	-3	-3	-3	-2	2	-3	-4	-4	-1	3	3	0	0	0	-2	-1	-1	-2	-2	0	-2	-2	-4	-4	1	-2	-2	-2	-1	-1	0	0	-3	-1	-1	1	-2	-3	0	0	-2	-1	0	-1	0	0	-2	0	-2	1	-1	-1	0	-2	0	-2	-2	-2	-2	0	0	-1	-1	-3	0	-1	0	0	0	1	-3	-1	-1	-1	-1	1	-4	0	-1	0	-1	-2	-1	-1	-2	-2	-1	-2	-1	-3	-3	-2	0	-2	0	0	-1	-1	-3	-3	0	0	1	-2	-2	-3	-3	-2	-2	-1	-1	-1	-1	-1	-2	-1	0	-2	-2	-1	-3	2	-2	-2	-3	-3	-1	-1	-1	-1	-1	-1	-1	0	0	0	0	0	-1	-1	-5	-5	-2	1	1	-2	0	0	1	2	2	-2	-2	-1	-2	-2	-2	-2	0	-3	3	3	-3	-3	0	
-2	-2	-2	0	-1	-2	-2	-2	-2	-1	0	-2	-3	-3	0	-3	-1	1	1	-2	1	0	0	-1	-1	1	1	1	-2	-2	-2	-2	-1	-2	-2	-1	-1	-1	0	-1	-3	-2	-2	-3	2	2	-1	-1	-1	-3	-2	-1	0	0	0	0	0	-3	-3	0	-2	0	0	-3	-3	-1	-1	-2	0	0	0	-2	0	-1	-1	0	0	1	0	-1	-1	-3	-1	-2	0	0	0	0	-1	-1	0	0	0	-1	-2	-2	-2	-2	-1	0	1	-1	-1	0	-3	-2	-2	-2	-2	-1	-1	-2	0	-2	-1	0	-2	0	0	-1	-1	-1	-1	-2	-1	-1	-1	0	-2	0	0	-2	-2	0	0	-1	-1	0	-1	-2	-1	-1	-1	0	-1	-1	0	0	-2	1	0	-1	-1	-1	-3	-3	1	-1	-1	-2	-2	0	-2	-2	-1	-1	-1	-1	1	1	-1	-1	-1	-2	-2	-1	-1	-3	1	1	-3	-1	-1	-1	-2	-2	-1	-1	-1	-3	-3	-1	-1	-2	-1	0	0	-2	-2	1	
1	-2	-2	-2	-2	0	0	-1	-3	-1	0	0	2	2	-1	0	0	0	0	-3	0	-3	-3	-3	-3	2	1	1	-2	-2	-1	-1	-1	0	0	-1	-1	-3	1	0	-1	-1	-1	-3	2	2	-2	-2	-2	-4	0	0	-1	-1	-1	0	0	-2	-2	-2	0	0	0	-2	-2	-2	-2	-2	-1	-1	0	-2	-2	-3	1	-2	-1	0	-3	0	0	-2	-1	-1	-1	-1	-1	-1	-2	0	-1	-1	-1	0	0	0	-1	-1	-2	-1	0	-2	-2	0	-1	-1	-1	-1	-1	-2	-2	-2	2	-2	-1	-2	-2	-2	-2	-1	-1	-3	-3	0	-2	-2	0	0	-1	-1	-1	0	0	1	1	-2	-2	-2	-1	-1	-1	-1	-1	-2	-1	-1	-1	-1	0	-3	-2	1	-1	-1	0	0	1	-2	-2	0	-1	-1	0	0	-3	-3	-1	-1	-2	-2	1	1	-2	-2	-2	0	0	-2	-2	-2	-2	0	0	1	-3	-3	2	2	-1	0	0	-2	-2	1	-2	3	3	-2	-2	0	
0	-1	-1	-2	-2	-1	-1	-1	-1	-3	0	1	-1	-1	-1	-2	-4	0	0	0	1	-1	-1	-1	-1	-1	-2	-1	0	0	-2	-2	1	-1	-1	-1	-1	-3	1	1	-1	-3	-3	-1	1	1	-2	-2	-2	-3	0	0	-2	-2	-1	0	0	-3	-3	1	-1	1	1	-2	-2	-3	-3	-3	1	1	2	1	-3	-2	0	-3	0	-1	-2	1	1	-1	-1	-2	0	-1	-1	-2	1	-1	-1	-1	-1	0	0	0	-1	-1	-4	-2	-1	0	0	0	0	-1	-3	-3	-3	-2	1	-2	-1	0	0	-1	-1	-2	-2	1	1	-2	-1	-2	1	1	-2	-2	-3	-1	-1	0	0	-1	-1	-2	-2	1	-3	0	-1	-1	-1	0	-1	-1	-1	-1	-1	1	-2	-1	-3	-3	0	-2	-1	0	0	-3	0	1	-1	-1	-3	-3	3	3	-2	-2	0	0	-1	-2	-2	-2	-2	-2	-1	-1	1	0	0	0	-2	-2	1	1	0	-2	-2	-1	-1	-1	-2	0	0	-1	-1	0	
Trial:1
-4	-4	1	1	0	-1	-4	-4	1	1	3	3	-3	0	0	1	1	1	1	-1	-1	-4	5	-8	7	7	-4	2	1	-3	-1	-1	6	-1	2	-2	-2	0	5	-2	-4	-4	-2	-2	-4	-4	1	1	-3	-3	-2	0	0	-1	1	-2	0	0	-4	0	-1	-1	-2	-2	-2	-2	-3	-2	-2	-1	-1	0	-1	-1	-1	-1	2	-15	0	0	-2	-2	1	0	0	1	1	-1	-3	-1	-1	-3	-3	-1	0	8	-5	-5	-1	-2	0	0	1	1	0	-3	-3	-2	-2	-2	2	-4	-1	-1	2	-4	4	0	0	-5	0	-3	-3	1	1	-1	0	-3	-3	-3	-2	-13	0	0	-2	-2	3	-1	1	-1	-1	-5	4	-2	-2	0	0	-1	-1	-1	-1	-1	0	0	-2	0	1	1	4	4	2	-2	-2	-4	-4	-4	-11	1	1	-2	-2	1	2	0	-15	-15	3	1	0	0	0	0	1	2	2	-1	-1	-1	-1	4	4	-4	-4	-3	1	-2	-1	-2	-2	1	
-3	-5	0	0	-5	-3	-4	-4	0	0	-1	1	0	-4	-4	-2	-2	0	0	-1	-1	-4	1	-3	3	3	-1	-3	3	0	1	1	1	2	1	-2	-2	5	1	-7	-2	-2	-1	0	-4	-4	0	0	-2	-1	-1	-3	-3	-1	-3	-5	-1	-1	-1	1	-1	-1	-1	-1	5	5	-2	1	1	-5	-5	-7	1	1	-1	-1	3	-3	1	1	0	0	-1	0	-4	1	1	1	-4	1	1	-5	-5	-2	-1	3	-5	-5	0	0	-2	-2	5	5	0	-2	-2	-4	-4	0	0	-4	0	0	1	2	-2	0	0	-6	4	0	0	3	3	-10	-1	-2	-1	-1	-1	-5	-5	-5	-2	-2	0	-5	2	-1	-1	-5	-1	-3	-3	5	5	-3	-3	-1	1	1	1	1	-6	-4	-3	-3	0	0	6	0	0	6	6	-5	-1	-4	-4	-1	-1	-3	2	1	-1	-1	-1	1	-7	-7	-1	-1	-2	-3	-3	-1	-1	-3	-3	3	3	2	2	-3	3	-1	-6	-2	-2	2	
-4	-1	-16	-6	-2	-4	-8	-8	-2	-2	-17	4	7	2	2	-5	-5	0	0	-8	-8	-9	0	-1	2	2	2	-34	13	6	-1	-1	5	7	-5	23	23	6	1	-14	-5	-5	3	14	-25	-25	5	5	-3	-1	-2	-5	-5	-5	-7	-13	3	3	-11	3	14	14	1	1	14	14	-3	0	0	-4	-4	-16	2	2	1	1	0	1	4	4	6	6	-5	-2	-12	12	12	-5	-8	0	0	-15	-15	3	8	-6	7	7	0	-2	7	7	-15	-15	10	1	1	-23	-23	0	2	-2	0	0	-4	3	0	9	9	-1	-2	15	15	15	15	-37	-5	-12	2	2	-4	6	-15	-15	4	4	3	-23	13	1	1	1	1	-6	-6	11	11	-3	-3	-3	-2	-2	-7	-7	-1	-3	-7	-7	2	2	6	2	2	15	15	-4	-8	-5	-5	8	8	-14	-13	10	1	1	-19	9	-3	-3	-6	-6	1	-6	-6	-1	-1	2	2	2	2	2	2	-16	1	8	-38	3	3	9	
-3	-2	2	-5	3	-3	4	4	-3	-3	-4	-2	3	-4	-4	-2	-2	-1	-1	-1	-1	-12	12	3	8	8	-6	-3	14	-5	0	0	-4	-1	-2	1	1	0	-4	-2	-2	-2	-5	3	-7	-7	2	2	0	-2	-4	-4	-4	1	-2	-3	-3	-3	-4	4	-3	-3	0	0	-10	-10	-2	2	2	5	5	9	-4	-4	1	1	1	-2	2	2	3	3	-2	-4	-11	3	3	-4	-3	1	1	7	7	-5	3	-4	0	0	-3	-1	5	5	-2	-2	3	10	10	-9	-9	-3	-1	-3	-1	-1	-4	-4	0	-2	-2	-4	6	-3	-3	8	8	0	-1	-3	8	8	-6	2	-8	-8	-9	-9	6	-11	7	2	2	6	0	-5	-5	3	3	4	4	-7	-4	-4	-2	-2	-2	-4	0	0	-7	-7	0	2	2	-2	-2	-6	8	-3	-3	8	8	-4	1	2	-2	-2	1	6	-5	-5	-6	-6	-2	-3	-3	-1	-1	-4	-4	2	2	5	5	3	6	-2	-5	-2	-2	6	
-3	-1	0	-2	2	-2	-1	-1	-1	-1	-2	-1	1	-1	-1	1	1	-3	-3	1	1	-3	3	0	4	4	-4	-1	0	-2	-1	-1	-1	0	1	-1	-1	0	-1	-1	-1	-1	-3	-3	-3	-3	1	1	-1	-1	-1	-3	-3	1	0	-4	-1	-1	-1	1	-4	-4	2	2	-1	-1	-5	0	0	0	0	0	-3	-3	2	2	0	-3	0	0	-1	-1	-1	3	1	-2	-2	1	-1	0	0	-4	-4	-3	2	-3	0	0	-1	-1	-2	-2	0	0	2	-1	-1	-4	-4	0	-2	-1	-2	-2	0	-3	-2	-15	-15	-8	7	-1	-1	6	6	3	-4	1	2	2	-1	-3	0	0	-2	-2	2	-4	1	0	0	-2	-1	-1	-1	1	1	-1	-1	-1	-3	-3	2	2	-1	-2	-2	-2	-2	-2	-1	0	0	0	0	-2	0	-1	-1	2	2	-3	0	-1	1	1	-1	2	-3	-3	-2	-2	0	-1	-1	1	1	-3	-3	-1	-1	0	0	0	2	-1	-2	-1	-1	-2	
-4	-1	1	-2	0	-2	-2	-2	-2	-2	-2	-1	0	0	0	1	1	-2	-2	1	1	-3	2	1	3	3	-3	1	1	-2	-3	-3	-3	-1	-1	-1	-1	0	-1	0	-2	-2	-2	0	-1	-1	0	0	-2	-1	-3	0	0	1	-1	-1	-1	-1	-1	1	-3	-3	-1	-1	-1	-1	-2	0	0	1	1	-2	-1	-1	0	0	1	-3	-2	-2	0	0	0	-1	0	0	0	-1	-1	-1	-1	-2	-2	-3	0	0	0	0	-1	-1	-2	-2	-2	-2	1	-1	-1	-1	-1	-1	-2	0	-1	-1	0	-3	0	-3	-3	-3	4	-2	-2	1	1	0	0	-1	0	0	-2	-2	-1	-1	-2	-2	-3	-3	-1	-1	-1	-3	0	-2	-2	0	0	-2	-2	1	-2	-2	1	1	-1	0	-1	-1	-2	-2	-1	0	0	-1	-1	-3	-1	-1	-1	1	1	-2	-1	-1	-2	-2	-1	-1	-2	-2	-1	-1	0	-1	-1	0	0	-1	-1	-2	-2	-1	-1	-1	-1	-2	1	-1	-1	-1	
2	1	-1	-3	-2	-2	-1	-1	-2	-2	-1	0	-1	0	0	1	1	-1	-1	0	0	-3	1	-1	3	3	-4	-2	1	-2	0	0	-2	-2	-2	1	1	-3	0	-1	0	0	-1	-1	-1	-1	-2	-2	0	-2	-3	0	0	1	-3	-4	0	0	-1	1	-2	-2	0	0	1	1	-2	0	0	-1	-1	-1	-2	-2	-1	-1	-1	-1	1	1	1	1	-2	0	-3	0	0	-1	0	-2	-2	-2	-2	0	0	-1	0	0	-1	-1	-1	-1	-2	-2	1	0	0	-3	-3	-2	1	-1	-2	-2	-2	-2	0	-1	-1	-3	3	-1	-1	-1	-1	-1	-3	0	-1	-1	0	-2	0	0	0	0	-1	-3	-2	-1	-1	-2	0	-1	-1	0	0	-1	-1	1	-2	-2	-1	-1	0	-1	0	0	-2	-2	1	0	0	-2	-2	-1	0	-1	-1	0	0	-1	-2	-1	-2	-2	2	-1	1	1	-1	-1	-2	-1	-1	-1	-1	-3	-3	-1	-1	2	2	-2	0	-2	-3	-1	-1	-1	
-1	0	0	-3	0	-2	-2	-2	-1	-1	0	-1	-1	-1	-1	0	0	-1	-1	0	0	-3	1	-1	0	0	-1	-1	1	-2	-2	-2	0	0	-1	0	0	-1	-3	-2	0	0	-1	1	-3	-3	1	1	-2	-3	0	-2	-2	0	0	-1	-1	-1	-2	0	-2	-2	-1	-1	0	0	-1	-2	-2	0	0	-1	0	0	1	1	0	-2	0	0	1	1	-1	0	-2	0	0	-2	-2	-1	-1	-4	-4	-3	-1	-1	-2	-2	-1	-1	-1	-1	-2	-2	-1	-1	-1	-1	-1	-2	-1	-1	-2	-2	0	-3	-1	1	1	-2	2	-2	-2	-1	-1	-1	-1	0	-1	-1	-3	-2	-1	-1	-1	-1	0	-3	-2	-2	-2	-2	1	0	0	0	0	-1	-1	-2	-2	-2	0	0	0	0	0	0	-3	-3	-2	-1	-1	-2	-2	0	-2	0	0	-1	-1	-2	0	1	-1	-1	-1	2	-1	-1	-2	-2	-1	-1	-1	0	0	-2	-2	0	0	-2	-2	0	0	-2	-1	1	1	-1	
Trial:2
-3	1	1	1	3	-2	-3	-3	-4	-4	-1	2	-1	-6	-6	1	1	0	0	1	1	-3	-2	-1	5	0	0	-2	-4	-2	1	1	-2	-3	2	1	1	-2	-2	0	-3	5	-5	0	0	-2	-1	-1	-5	2	-5	0	0	4	-6	-2	-4	-14	-14	3	3	1	2	2	0	0	2	-1	-1	-1	-1	-1	0	-3	-2	2	2	-2	2	2	-7	-7	1	0	2	2	-4	-4	-3	0	0	-2	-2	-1	6	4	4	-1	-1	-3	-7	0	-7	-7	4	-3	1	-1	-1	-1	-1	-6	0	0	0	-6	-2	-2	-2	0	-2	-2	5	5	3	3	-3	0	-2	6	6	0	-2	1	1	-2	0	-3	-4	-4	-4	-4	0	-2	-2	0	0	-12	-12	2	2	2	-8	-8	3	-5	2	2	-2	2	-3	-2	0	0	0	1	-2	-2	-2	2	2	2	1	-3	0	0	-2	2	-3	0	-4	-4	4	-2	-2	-2	-2	-4	2	-1	4	4	7	0	3	-6	-3	-3	3	1	
3	-2	-2	-1	0	1	-3	-3	-3	-3	-2	2	-1	-5	-5	-3	-3	3	3	2	2	0	-4	-1	2	1	1	-6	-2	0	2	2	-5	1	3	-2	-2	-1	-2	5	-1	0	-4	1	1	-1	0	0	-5	2	-9	2	2	0	-4	-1	-3	-10	-10	3	3	0	-1	-1	7	7	3	-5	-5	1	1	-11	1	2	-5	0	0	-3	4	4	-2	-2	-1	-3	-4	-4	-1	-1	-1	-3	-4	1	1	-2	2	3	3	-7	-7	-6	-2	-2	-2	-2	7	-3	2	-2	-3	-3	-1	-7	-5	-3	-3	-2	6	-6	-6	-2	-3	-7	-3	-3	2	2	-4	-2	0	5	5	-3	-1	-1	-5	4	-4	-5	1	1	-3	-3	-1	1	-4	3	3	-2	-2	2	5	5	-7	-7	4	-5	-1	-1	0	5	-2	1	-10	-1	-1	-2	3	2	2	2	2	4	1	-4	3	3	0	0	-8	-2	2	2	1	1	1	-5	-5	-1	2	-3	0	0	0	3	1	-2	-5	-5	0	2	
10	3	3	-2	1	-7	2	2	1	1	3	4	4	-4	-4	-9	-9	11	11	3	3	-22	-24	-1	0	2	2	-9	0	3	16	16	-20	6	1	5	5	-10	-1	-7	-1	7	-4	9	9	6	4	4	-10	5	-14	6	6	-1	-19	2	1	-12	-12	11	11	5	5	5	15	15	9	-21	-21	6	6	-19	5	7	4	-9	-9	18	1	1	-3	-3	-12	-7	5	5	-10	-10	-3	-43	-3	-9	-9	-2	1	4	4	-20	-20	-15	6	14	4	4	19	-15	-1	0	-5	-5	-18	-11	9	-4	-4	8	4	-10	-10	0	-1	11	-27	-27	8	8	-19	1	-19	24	24	-4	-2	-9	-12	24	-10	-5	19	19	0	0	3	4	-3	1	1	6	6	6	-1	-1	-3	-3	-6	-5	1	1	-1	32	-8	0	6	-4	-4	-2	2	-4	-4	1	1	3	3	10	-5	-5	5	0	-12	-12	12	12	3	2	2	-18	-18	14	-7	-12	-5	-5	-12	-1	2	4	-8	-8	5	7	
1	-1	-1	-4	-7	-4	-2	-2	-5	-5	-1	1	12	-5	-5	-2	-2	3	3	9	9	-11	-4	-2	-2	1	1	-2	-1	-2	-1	-1	-9	4	1	-1	-1	3	0	7	-3	0	0	-6	-6	0	-2	-2	0	1	-6	-9	-9	-2	-5	1	3	1	1	2	2	1	-2	-2	1	1	1	-3	-3	1	1	-9	9	4	-2	-2	-2	-9	4	4	-3	-3	0	4	-7	-7	2	2	-4	-3	1	-3	-3	-1	-4	3	3	0	0	-2	1	-2	-6	-6	2	-4	1	-3	-10	-10	0	-8	2	-2	-2	1	-3	-5	-5	-2	7	-2	-7	-7	3	3	-13	-1	-5	6	6	-4	1	17	2	0	-6	-6	0	0	-5	-5	-2	-3	-6	1	1	0	0	-3	2	2	-3	-3	5	-2	2	2	3	7	-8	-1	3	-3	-3	-2	7	-1	-1	-2	-2	-2	1	1	-2	-2	3	2	-7	3	-2	-2	3	6	6	-6	-6	0	-4	-4	-2	-2	-3	-1	5	-3	-2	-2	13	-2	
-1	-2	-2	0	-1	1	-4	-4	-2	-2	1	-2	-3	-3	-3	1	1	1	1	-1	-1	-4	-1	1	-2	-1	-1	0	-1	-3	1	1	-3	-1	0	0	0	0	-1	-2	-1	0	-1	-2	-2	-2	1	1	-3	2	-1	-2	-2	-1	-4	0	0	-1	-1	0	0	1	-2	-2	1	1	-1	0	0	-2	-2	-4	1	0	-2	2	2	-4	-1	-1	-1	-1	-1	1	-3	-3	-2	-2	-2	0	-1	-1	-1	0	-1	-1	-1	-2	-2	-3	0	1	-2	-2	0	-2	1	0	-3	-3	0	-3	1	-1	-1	-2	-4	-1	-1	-2	-1	0	-2	-2	0	0	-2	0	-2	0	0	-3	0	1	1	1	-1	-1	-2	-2	-5	-5	-1	-1	-1	-2	-2	0	0	1	-1	-1	-1	-1	2	0	-2	-2	-1	-1	-2	-2	-1	1	1	-3	0	-1	-1	-1	-1	0	-1	-3	-1	-1	0	1	-3	0	0	0	0	-1	-1	-3	-3	0	-2	-3	1	1	-1	0	-1	-3	-1	-1	-2	-1	
-2	-1	-1	-3	1	1	-1	-1	-2	-2	0	-2	-2	-2	-2	-2	-2	1	1	-1	-1	-1	-1	0	-2	0	0	0	-1	-3	-2	-2	-3	0	-3	0	0	0	-1	0	0	0	0	1	1	-4	0	0	-1	0	-2	-1	-1	-3	0	-2	-1	-1	-1	-1	-1	-1	-2	-2	-1	-1	0	-3	-3	0	0	-3	1	0	0	2	2	-2	-1	-1	-2	-2	-1	1	-2	-2	0	0	-4	0	-1	-1	-1	-1	-3	-2	-2	-1	-1	-1	-1	-2	0	0	-2	-2	-1	-1	-3	-3	1	0	1	-1	-1	-1	-2	-2	-2	-2	-1	-2	-3	-3	-1	-1	-1	0	-1	0	0	-2	0	0	0	0	-1	-2	0	0	-3	-3	1	-1	-2	-2	-2	-1	-1	-2	0	0	-1	-1	1	-1	0	0	-1	0	-1	-1	-1	-1	-1	-1	0	-1	-1	-2	-2	-1	0	-1	-2	-2	-1	0	-2	-1	-3	-3	0	-1	-1	-1	-1	0	-1	-1	-2	-2	-2	0	1	-3	0	0	-1	-3	
-2	0	0	1	0	0	0	0	-4	-4	-3	-3	-1	-2	-2	1	1	0	0	0	0	-1	1	-1	0	0	0	0	-1	-2	-1	-1	-2	0	0	-1	-1	0	0	0	-2	-3	-1	0	0	-3	1	1	-2	2	-1	-1	-1	-1	-3	-2	1	-2	-2	-1	-1	-1	-1	-1	-3	-3	-3	0	0	-2	-2	-2	-1	1	1	0	0	0	-2	-2	0	0	0	0	-1	-1	-3	-3	0	-1	0	-3	-3	-1	0	-1	-1	-3	-3	-1	-1	-1	0	0	0	-1	1	0	-3	-3	0	-3	0	-1	-1	-2	-1	-1	-1	-1	0	-2	-3	-3	0	0	-2	0	-2	-2	-2	-1	-1	1	0	0	-4	-3	-1	-1	-2	-2	1	-2	-2	0	0	-2	-2	1	-1	-1	-1	-1	-2	-1	1	1	-1	0	-1	0	-1	-2	-2	-1	0	0	0	-1	-1	-1	-2	-1	-1	-1	0	2	0	-1	0	0	-2	-2	-2	-1	-1	-3	0	-2	0	0	0	2	1	-3	-2	-2	0	-2	
-2	-1	-1	-1	-1	0	0	0	-2	-2	-2	-2	-2	-1	-1	1	1	-3	-3	-2	-2	-2	0	2	0	0	0	-1	-3	-2	0	0	-1	1	0	0	0	-1	1	-2	0	0	-1	-3	-3	0	0	0	-1	-1	0	-3	-3	-1	-1	0	-2	-2	-2	0	0	-2	-1	-1	-2	-2	0	-3	-3	0	0	-2	0	-1	-3	0	0	1	-1	-1	-3	-3	0	1	0	0	-1	-1	1	0	-1	-1	-1	-2	0	-2	-2	-1	-1	-2	-1	-1	-1	-1	1	-3	-1	-1	-2	-2	-1	-3	0	-1	-1	-2	0	-2	-2	-1	-2	-1	0	0	0	0	-2	1	-1	1	1	-1	-3	0	-3	-1	0	-2	-1	-1	-3	-3	2	-4	-1	-2	-2	-5	-5	-1	-1	-1	-3	-3	1	-1	0	0	0	0	-2	0	0	-3	-3	2	-1	0	0	-1	-1	-2	0	-2	-1	-1	1	-1	-1	0	-3	-3	0	0	0	-1	-1	-1	-3	-1	-1	-1	-1	-1	-1	-3	-2	-2	0	-1	
Trial:3
-1	0	-4	-4	-2	-2	0	0	0	0	-1	-1	1	1	3	3	1	1	-2	-11	-11	1	1	-1	-1	-1	-12	-12	-12	0	0	0	1	1	-1	3	3	2	2	-2	-2	6	6	-2	-2	-5	-3	-3	-1	-1	-14	4	4	-1	-1	3	3	1	1	2	2	-1	0	0	-2	-2	-2	-2	1	1	-1	-1	7	1	-2	-3	-3	-4	-2	-2	-2	3	3	-9	0	2	-2	-2	0	0	-7	-7	0	0	4	0	-12	3	3	0	0	0	-1	-7	-7	2	2	-2	0	1	7	7	-8	1	2	-1	-3	-5	3	0	-2	0	0	-2	-2	-1	-1	-3	-3	-4	1	1	-1	-1	-1	-9	1	-1	-4	-4	1	0	0	-4	-4	-1	-1	0	-3	-3	5	-3	-3	0	0	-1	1	-5	5	5	0	1	2	-4	-2	-2	-2	-3	-1	-1	1	1	0	-2	3	2	2	-1	-1	2	-3	-3	-2	-2	-3	3	-4	-4	-2	-2	-2	-2	-2	1	-1	-6	-2	-5	-5	3	
3	-6	0	0	-2	-2	2	2	2	2	-4	-4	-3	-3	5	5	-3	-3	0	8	8	-11	-11	0	-6	-6	0	0	0	-4	1	1	3	3	-3	0	0	1	1	1	1	-1	-1	-4	-4	-2	-3	-3	0	0	-6	0	0	-3	-3	1	1	-2	-2	-3	-3	3	1	1	0	0	-1	-1	-5	-5	2	2	2	-5	-4	-1	-1	1	-4	-7	-7	2	2	0	1	0	1	1	-2	-2	1	1	-3	-3	5	0	-5	-1	-1	-2	-2	-1	3	0	0	-3	-3	-2	-1	-1	3	3	-9	-4	3	-3	-4	-2	-5	1	2	1	1	0	-2	-2	-2	-3	-3	-5	0	0	-5	-5	3	-9	4	-2	-4	-8	-2	1	1	-5	-5	-3	0	2	-2	-2	2	-3	-5	-2	-2	1	0	-2	0	0	-2	1	-1	-2	0	0	-3	-7	-1	-4	1	1	3	-4	-2	0	0	0	-2	2	-5	-5	1	1	1	4	-6	-6	-1	-1	-1	-6	-6	-1	4	-2	-3	1	1	0	
13	-23	7	7	1	1	4	4	4	-3	8	8	-9	-9	7	7	-5	-5	-2	1	1	-16	-16	9	11	11	9	9	9	-6	-1	-1	8	8	-1	-10	-10	0	0	16	16	-9	-9	-4	-4	-6	-7	-7	-8	-8	-10	-19	-19	6	6	1	1	8	8	-10	-10	15	-5	-5	-3	-3	-13	-13	-4	-4	-5	-5	6	0	-15	-4	-4	11	-28	-9	-9	3	3	-3	-5	13	15	15	-8	-8	8	8	1	1	18	14	-9	4	4	-10	-10	9	19	13	13	-7	-7	-9	-2	-6	6	6	-19	-1	-3	-2	-2	-18	-2	3	4	0	0	22	-5	-4	-4	-7	-7	-10	-5	-5	-28	-28	7	-16	8	-9	-9	-15	-19	6	6	2	2	-6	4	7	10	10	3	-6	-1	-12	-12	-3	20	4	3	3	-1	20	0	-11	6	6	-7	-11	-19	-1	-7	-7	4	7	-7	8	8	9	-17	-2	-24	-24	7	7	18	16	-9	-9	0	0	7	-11	-11	2	2	-9	-5	3	3	-2	
1	0	-1	-1	-4	-4	-2	-2	-2	0	3	3	5	5	-7	-7	0	0	-2	5	5	-5	-5	0	-4	-4	1	1	1	-5	2	2	-1	-1	3	-13	-13	1	1	-1	-1	12	12	-9	-9	-7	-4	-4	-8	-8	-3	-3	-3	0	0	2	2	1	1	-1	-1	4	-8	-8	-7	-7	-2	-2	-1	-1	-1	-1	5	-1	12	-11	-11	-1	-6	11	11	-5	-5	-1	0	-3	6	6	-2	-2	1	1	-2	-2	2	0	-3	4	4	-5	-5	3	3	-8	-8	0	0	2	1	-13	-4	-4	-5	-2	-1	5	-1	-3	3	5	-4	3	3	9	-5	-5	-5	-2	-2	1	-2	-2	-7	-7	4	-7	8	-2	-6	8	-4	-3	-3	-2	-2	-2	-3	7	-2	-2	-3	-1	0	-4	-4	-5	9	3	2	2	-3	-1	2	-1	11	11	-7	1	-3	-6	0	0	-3	3	-10	3	3	0	-1	10	-6	-6	-1	-1	-7	3	-10	-10	3	3	8	0	0	1	-2	-3	-3	-4	-4	-2	
-2	-2	-2	-2	-1	-1	-1	-1	-1	-1	0	0	-2	-2	-2	-2	-1	-1	0	0	0	0	0	-2	-1	-1	-2	-2	-2	-1	-1	-1	-1	-1	-2	-1	-1	-1	-1	0	0	-1	-1	-1	-1	-3	-2	-2	0	0	-3	0	0	-1	-1	-1	-1	2	2	-1	-1	-1	0	0	-2	-2	-1	-1	-1	-1	-1	-1	0	-1	-2	-4	-4	-1	-2	1	1	-2	-2	0	0	-2	0	0	-1	-1	-1	-1	-2	-2	0	-3	0	0	0	-1	-1	0	0	-3	-3	-1	-1	-2	-3	-3	-1	-1	-2	0	-1	-1	-3	0	-1	2	-2	-1	-1	0	0	-2	-2	-2	-2	0	-1	-1	0	0	0	-1	2	-1	-1	-1	-3	0	0	-3	-3	-2	-1	0	0	0	-2	-2	-2	1	1	-2	-1	-1	-1	-1	-4	-1	1	-2	0	0	-3	-2	-2	-1	0	0	0	-2	-2	0	0	-1	-2	0	-2	-2	-2	-2	-2	0	-2	-2	-1	-1	3	-1	-1	0	0	-2	-1	-2	-2	-1	
1	-1	0	0	-1	-1	-3	-3	-3	-1	-2	-2	1	1	-3	-3	0	0	-1	-1	-1	-1	-1	-1	0	0	-1	-1	-1	-2	0	0	-2	-2	-2	0	0	-2	-2	0	0	-1	-1	-4	-4	-1	0	0	-1	-1	0	0	0	-3	-3	-1	-1	0	0	-1	-1	-1	-1	-1	0	0	1	1	-3	-3	-2	-2	0	-1	-1	-1	-1	1	-2	-1	-1	-1	-1	-1	-1	-1	-2	-2	0	0	0	0	1	1	0	-2	-1	-1	-1	-1	-1	-1	-1	-1	-1	-2	-2	0	-2	-3	-2	-2	1	0	1	0	-3	1	-2	0	-2	0	0	-1	-1	-1	-1	-1	-1	-2	-1	-1	0	0	0	-2	0	-1	-2	0	0	-1	-1	-2	-2	-1	-2	-2	-1	-1	0	-1	-2	-2	-2	-2	-2	0	1	1	0	-2	-1	0	-1	-1	-2	-2	-1	0	0	0	-1	-2	-2	2	2	-2	-1	-2	-1	-1	-1	-1	0	0	-2	-2	0	0	1	0	0	-1	-3	0	-1	-3	-3	0	
-2	0	-3	-3	-1	-1	0	0	0	0	-1	-1	-1	-1	-2	-2	-1	-1	-1	-1	-1	1	1	-2	-1	-1	-2	-2	-2	0	-2	-2	-2	-2	-1	-1	-1	-2	-2	-1	-1	-2	-2	-1	-1	-3	-1	-1	-1	-1	-1	1	1	-2	-2	2	2	-2	-2	1	1	-4	-2	-2	-1	-1	1	1	-3	-3	0	0	1	0	-2	-2	-2	-1	0	-1	-1	1	1	0	-1	0	-3	-3	-1	-1	0	0	0	0	1	-2	0	-1	-1	0	0	-3	-1	-3	-3	-2	-2	-2	0	-1	-1	-1	0	-1	-3	-2	-1	1	-1	2	-2	-1	-1	-1	3	-1	-1	-3	-3	-1	0	0	0	0	-1	-3	0	-1	0	-2	0	0	0	-1	-1	-1	-1	-2	-1	-1	-1	1	-1	-2	-2	-1	-3	0	0	0	-1	-1	1	0	-1	-1	-3	0	-3	-2	1	1	0	-2	-4	0	0	-2	-1	1	-3	-3	0	0	-1	0	-2	-2	-2	-2	2	-1	-1	-1	2	-2	0	-1	-1	-2	
0	1	-2	-2	-1	-1	-2	-2	-2	0	-3	-3	2	2	-1	-1	1	1	-3	1	1	0	0	-2	-1	-1	-2	-2	-2	-1	-1	-1	0	0	-2	-1	-1	1	1	-2	-2	-1	-1	-1	-1	-2	-1	-1	0	0	-2	0	0	-1	-1	-1	-1	0	0	-1	-1	-1	0	0	-2	-2	0	0	-1	-1	1	1	-1	0	-2	-2	-2	-2	-1	0	0	0	0	1	-3	1	-2	-2	-1	-1	0	0	-2	-2	-1	0	-2	1	1	-2	-2	0	-1	-2	-2	-1	-1	-1	-1	0	0	0	-2	-3	0	0	-2	-2	-2	1	-2	-1	-1	0	-1	-1	-1	-2	-2	1	0	0	0	0	-2	-1	1	-1	-1	-2	-1	-2	-2	0	0	-2	-1	-2	0	0	-3	-3	-1	0	0	-2	0	0	0	0	0	-1	-1	0	-2	-2	-3	-2	-1	0	1	1	-1	-3	-1	1	1	-1	-1	0	-2	-2	-1	-1	1	1	-2	-2	-4	-4	3	-3	-3	-1	-1	-2	-3	-3	-3	1	
Trial:4
-4	-1	4	-7	0	-1	-1	-1	2	2	-2	-3	4	0	0	-3	0	-2	2	2	-4	-1	1	1	-2	-2	-1	-1	-6	-4	-4	2	-1	2	0	0	2	2	-12	-7	0	0	1	-1	-1	2	2	0	0	-4	-4	-2	-2	2	2	0	8	8	-1	-1	-3	0	-4	-1	-1	-1	-1	-5	-5	-3	-3	-1	-1	1	1	1	1	-3	-3	-3	-1	-1	0	-14	0	-1	-1	-5	-5	-1	-1	0	0	0	-11	-1	-2	-2	1	1	1	2	-1	-1	0	-6	0	-1	-1	-1	-1	-4	-4	4	4	-2	0	-3	2	-12	-12	2	-1	2	-5	-5	0	-1	2	2	-3	-3	3	3	-1	0	0	3	3	1	0	-4	-4	-3	-3	-1	-1	-1	6	6	-1	-1	-4	-4	0	0	2	-3	-3	-3	-3	1	-4	-4	-4	-4	-4	3	-4	-4	-4	-4	0	0	0	0	-3	-3	-1	0	0	-3	-3	-2	0	0	0	0	-2	-3	2	2	-2	-2	-3	-3	1	1	1	1	
-4	0	1	-7	2	-7	-2	-2	-2	-2	4	-2	-3	-1	-1	-9	-1	5	1	1	-3	2	-3	-3	0	0	0	-2	-2	-5	-5	3	-4	5	0	0	-2	-2	-3	-5	-4	-4	5	-2	-1	1	1	-1	-1	-5	-5	-1	-1	4	4	1	3	3	1	1	-6	-1	-1	1	0	0	-5	0	0	-4	-4	0	0	0	0	-3	-3	-4	5	5	0	0	0	-6	-1	-2	-2	-5	-5	1	1	-1	-1	-2	-2	-4	0	0	0	0	3	-1	2	2	0	-1	-4	3	3	3	0	1	1	0	0	0	-5	-1	-2	-5	-5	-3	2	2	-4	-4	1	-7	-1	-1	-7	-7	4	4	-4	-1	-1	-5	-5	1	-2	0	0	-3	-3	-1	0	0	2	2	-5	-5	-2	-2	0	0	8	-6	-6	1	1	0	-3	-3	-3	-2	-2	1	-4	-4	1	1	-2	-2	-3	-3	-3	-3	1	0	0	-3	-3	3	-2	-2	-1	-1	-5	-2	2	-2	-5	-5	-2	-2	-1	-1	1	1	
-22	-4	15	-13	14	-14	-7	-7	-12	-12	-1	-8	2	-1	-1	-43	2	20	5	5	-4	-7	-7	-7	11	11	9	-11	6	-18	-18	11	-3	0	-4	-4	2	2	-9	-5	1	1	13	4	-7	-7	-7	-3	-3	-16	-16	2	2	18	18	1	5	5	-7	-7	-13	-7	15	-7	1	1	5	-6	-6	2	2	1	1	7	7	-12	-12	-13	3	3	-3	-3	4	-6	-1	-6	-6	5	5	-3	-3	-2	-2	-3	5	-25	0	0	3	3	6	-2	10	10	-6	-17	-6	26	26	26	1	2	2	-12	-12	-10	-10	-4	-3	5	5	-3	9	-5	-7	-7	-5	-9	5	5	-30	-30	5	5	-1	-4	-4	-20	-20	13	-4	6	6	2	2	3	-8	-8	5	5	-7	-7	-4	-4	-1	-1	15	5	5	0	0	1	-6	-6	-6	6	6	-14	5	5	-2	-2	1	1	3	3	3	3	1	-2	-2	-11	-11	4	3	3	3	3	-15	-4	6	-8	9	9	7	7	-1	-1	5	5	
-4	13	1	-8	5	-9	-5	-5	-4	-4	-1	-1	1	-6	-6	-11	0	4	4	4	-6	1	8	8	-4	-4	1	0	8	-4	-4	-3	-3	2	-17	-17	-1	-1	-2	-1	-2	-2	0	-2	-4	-2	-2	5	5	-16	-16	1	1	2	2	2	-4	-4	2	2	0	2	5	-3	2	2	13	-7	-7	3	3	-6	-6	8	8	-2	-2	-6	1	1	-1	-1	-8	-1	-3	0	0	1	1	-6	-6	3	3	-5	-2	0	0	0	-9	-9	4	-6	7	7	0	-2	-3	2	2	2	1	-1	-1	-5	-5	-1	-11	10	-3	-4	-4	-3	-2	-1	-2	-2	-2	-1	-6	-6	-3	-3	0	0	-10	-3	-3	1	1	2	-5	0	0	0	0	-3	-2	-2	1	1	1	1	-8	-8	-2	-2	4	3	3	-4	-4	3	-6	-6	-6	3	3	-1	-4	-4	0	0	2	2	0	0	1	1	1	-3	-3	-6	-6	-2	0	0	4	4	-2	-10	0	-4	2	2	4	4	17	17	-9	-9	
-2	1	0	-5	-2	-3	-2	-2	0	0	-1	-4	-1	-2	-2	-4	0	0	0	0	-2	0	0	0	-1	-1	-1	-2	-1	0	0	-2	-2	2	-2	-2	-1	-1	-3	-3	-2	-2	-1	1	-1	-1	-1	0	0	-3	-3	0	0	1	1	0	-1	-1	-2	-2	-1	0	-1	0	0	0	0	-4	-4	1	1	-2	-2	-1	-1	0	0	-3	-1	-1	-3	-3	-1	-1	-3	-1	-1	-3	-3	-1	-1	1	1	-2	-2	0	-2	-2	0	0	3	-3	1	1	2	-3	-2	-1	-1	-1	-2	-1	-1	-2	-2	-1	-3	0	0	-1	-1	-1	-3	0	-1	-1	-2	2	-2	-2	-1	-1	-1	-1	0	-2	-2	-2	-2	0	-1	-1	-1	-2	-2	1	0	0	-1	-1	0	0	-3	-3	1	1	1	-1	-1	-2	-2	-1	-3	-3	-3	0	0	-1	-1	-1	-1	-1	1	1	0	0	-1	-1	0	-2	-2	-2	-2	-1	-3	-3	-1	-1	1	-2	1	0	-2	-2	1	1	1	1	-3	-3	
-1	1	-2	-3	-2	-2	-1	-1	1	1	-1	-1	0	-1	-1	-3	-2	-1	0	0	-1	-1	-2	-2	-2	-2	0	-1	-2	1	1	-2	-2	2	-2	-2	-2	-2	-3	-2	-1	-1	-1	-1	0	0	0	-1	-1	-3	-3	-1	-1	0	0	-2	-2	-2	-1	-1	-2	-1	-1	-2	-2	-2	0	-1	-1	-2	-2	-2	-2	2	2	-1	-1	-3	2	2	-2	-2	-2	-1	-1	1	1	-1	-1	-2	-2	0	0	-2	-2	-1	-1	-1	-1	-1	0	-1	-1	-1	0	-2	-2	-2	-2	-2	0	0	0	0	0	-3	-3	0	-3	-2	-2	-2	-1	-1	-2	-2	-1	0	-2	-2	-2	-2	0	0	-2	-2	-2	-1	-1	-1	-2	0	0	-1	-1	0	0	0	0	0	0	0	-3	-3	0	0	-1	-2	-2	-2	-2	-1	-3	-3	-3	-2	-2	-2	0	0	0	0	0	0	0	0	1	1	-1	-3	-3	-2	-2	-2	0	0	0	0	-1	-1	0	-3	-1	-1	0	0	0	0	-2	-2	
-4	-1	1	-3	-2	-2	-2	-2	0	0	1	-2	0	-1	-1	-3	-2	-2	-1	-1	0	0	-1	-1	-2	-2	1	-2	0	1	1	-1	-1	0	-2	-2	-1	-1	0	-1	-1	-1	0	-1	0	-1	-1	0	0	-3	-3	-3	-3	0	0	1	-1	-1	-2	-2	-2	-2	-4	-1	-1	-1	-2	-3	-3	2	2	0	0	2	2	-1	-1	-2	-1	-1	1	1	-3	0	1	0	0	-2	-2	-3	-3	-1	-1	0	0	-1	-2	-2	-1	-1	-2	-3	2	2	1	-1	-1	0	0	0	2	-3	-3	-1	-1	0	-4	2	-2	-4	-4	-2	0	-2	-1	-1	1	-1	-2	-2	-3	-3	-1	-1	0	-1	-1	-2	-2	2	-4	-1	-1	0	0	-2	-3	-3	-3	-3	-1	-1	0	0	1	1	-1	1	1	0	0	-2	0	0	0	-1	-1	0	0	0	-2	-2	-2	-2	0	0	0	0	-2	-2	-2	-2	-2	0	1	1	1	1	-1	-1	0	-1	0	0	-1	-1	-1	-1	-4	-4	
-2	-1	0	-3	-1	-3	0	0	-1	-1	-2	-3	1	-2	-2	-3	-1	0	-1	-1	-1	0	0	0	0	0	-1	-1	-2	-1	-1	-2	0	-1	-2	-2	-3	-3	-1	-3	1	1	1	0	1	2	2	-3	-3	-2	-2	-2	-2	0	0	-1	1	1	0	0	0	1	-2	-3	-2	-2	0	-1	-1	-1	-1	-1	-1	-2	-2	0	0	-3	0	0	-2	-2	-1	-2	-1	-3	-3	-2	-2	-1	-1	0	0	-1	0	-1	-2	-2	-2	-2	-1	0	2	2	-2	-2	0	1	1	1	0	-2	-2	-1	-1	-1	-1	0	0	-3	-3	-1	-2	1	-1	-1	-2	-1	-2	-2	0	0	0	0	0	-3	-3	-1	-1	-2	-2	-2	-2	-3	-3	-1	-1	-1	0	0	-1	-1	-2	-2	0	0	0	-1	-1	-1	-1	-1	-2	-2	-2	0	0	1	-2	-2	-1	-1	-1	-1	0	0	-4	-4	0	-2	-2	-1	-1	-2	1	1	1	1	-1	-2	-1	-1	-2	-2	-1	-1	0	0	-2	-2	
Trial:5
2	1	0	1	1	2	2	-2	-2	3	-1	-2	1	-2	-2	0	-4	-5	-4	-4	1	-1	-1	-1	-6	-6	2	2	-8	4	4	1	1	2	0	4	4	-4	-4	0	-1	-1	-1	-3	0	-3	-1	7	3	-1	-1	-3	-3	0	0	-3	-4	0	-1	-5	-5	-1	-3	-1	-1	-1	0	0	4	-13	-3	-1	1	0	0	-4	-4	-1	-2	2	-4	-4	0	0	-4	-4	-1	-1	2	-2	0	-3	-3	0	-10	-2	-2	-1	-1	1	-5	0	5	5	-5	-1	-1	-1	-3	-3	-1	-1	-11	3	3	-1	-1	-1	-1	-3	-3	-2	1	1	-2	-2	0	0	0	-4	-2	0	0	-1	-3	-13	4	4	1	1	0	0	0	0	2	-2	-2	-3	-3	2	2	0	0	4	4	0	-3	-2	-2	-2	0	1	0	-10	-10	0	-2	0	0	-3	-3	-3	-2	9	9	1	1	-2	-3	-1	-3	-3	-1	-3	3	1	1	-1	-3	-3	-2	-4	-4	-3	4	0	0	0	0	0	
-3	-1	2	-3	-4	-1	-1	-3	-3	2	-2	1	0	-5	-1	-4	-2	-3	-2	-2	1	-1	-8	-8	-1	-1	1	1	-3	-4	-4	4	4	1	-2	0	0	-1	-1	1	-3	-3	0	0	-1	-3	-2	-3	4	0	-2	-1	0	-6	-6	0	-4	-2	2	-3	-3	-4	-4	4	2	2	-2	-3	0	-7	-1	-3	-2	-1	-1	1	1	-4	2	-1	-3	-3	-1	-1	-3	-3	1	1	3	-3	-1	-5	-5	-1	-2	0	0	-2	-2	3	-4	-1	-2	-2	-3	-2	0	0	-3	-3	-4	-1	-3	2	2	-1	-1	4	-5	-2	-5	-2	-1	-4	-4	-4	-1	-1	0	-1	1	-5	-5	-2	1	-3	-1	-1	-1	-1	0	0	1	1	3	1	2	1	1	-1	-1	-3	-3	-2	-2	3	-1	-8	1	1	0	3	-1	-4	-4	0	-1	-4	3	-6	-6	-4	0	4	4	1	1	-3	0	2	1	1	0	0	2	-4	-4	-4	-3	-4	0	-1	-1	-2	4	-3	-3	-1	-1	-4	
-17	-3	15	-13	-8	2	2	13	13	3	-2	1	-6	-14	5	-10	1	9	-2	-2	-4	1	-42	-42	5	5	6	6	3	-20	-20	16	16	7	3	16	16	14	14	2	-5	-5	0	-7	-5	5	-9	0	9	6	8	2	4	-12	-12	7	-10	-18	0	-2	-2	-7	-33	21	-2	-2	-1	3	7	-6	2	0	-3	-3	-3	-1	-1	-5	23	-3	-4	-4	-9	-9	2	2	-1	-1	-3	-7	-22	0	0	0	8	7	7	4	4	10	2	1	-4	-4	-7	15	-21	-21	-1	-1	0	3	1	4	4	-22	-22	22	-10	-9	-15	10	-13	-2	0	0	-6	-6	0	-7	1	-9	-9	-1	-14	0	0	0	4	4	-3	-3	-3	-3	7	-5	11	5	5	-11	-11	2	2	-7	-7	-12	-6	-18	12	12	14	10	-8	2	2	7	11	-3	-1	-10	-10	-3	-15	10	10	-4	-4	0	5	-20	14	14	-1	-4	20	-5	-5	-18	3	-18	3	-6	-6	2	14	-1	-1	6	6	-14	
-1	-7	4	-2	-10	-3	-3	1	1	2	-2	1	-2	-4	-1	0	-4	4	-1	-1	-2	-1	-6	-6	-2	-2	-2	-2	0	-3	-3	3	3	12	-2	-3	-3	-4	-4	-3	-2	-2	-2	-3	0	2	-3	-4	2	-3	-5	-2	2	-4	-4	4	0	0	-9	0	0	-5	-3	1	-4	-4	-5	-2	5	-5	-4	0	3	1	1	-3	-3	-4	-9	-1	-1	-1	4	4	6	6	-9	-9	0	-6	-3	-10	-10	-2	-5	3	3	3	3	13	-3	-2	-6	-6	-5	2	4	4	-11	-11	2	-5	-5	-3	-3	-2	-2	1	-2	-3	-11	-6	1	1	-3	-3	-5	-5	5	-4	3	-6	-6	-2	14	1	0	0	-2	-2	-2	-2	1	1	1	-3	-2	-1	-1	0	0	-5	-5	-4	-4	2	-6	-1	0	0	14	-3	0	-1	-1	1	-4	12	-3	-7	-7	-1	-8	6	6	-3	-3	4	-2	-3	2	2	-3	-9	2	-15	-15	11	-6	1	4	-1	-1	1	4	4	4	11	11	-2	
0	-2	2	-1	-1	-2	-2	-2	-2	-1	-1	-2	-2	-2	-2	0	-1	-1	-2	-2	1	-1	-2	-2	-4	-4	-3	-3	-1	-1	-1	-2	-2	-1	-1	1	1	0	0	1	-3	-3	1	-1	0	-1	0	-4	-1	1	-2	0	-1	-2	-2	-1	-3	-1	0	-1	-1	-3	1	0	-3	-3	-3	1	-1	0	0	-2	1	-1	-1	-1	-1	0	-3	3	-2	-2	-1	-1	-2	-2	-1	-1	2	-3	-1	-4	-4	-1	-4	1	1	-3	-3	2	0	-1	-1	-1	-4	-1	0	0	-2	-2	0	-1	-2	0	0	-2	-2	0	-1	-3	-1	-1	-1	-2	-2	-2	-1	-1	1	-3	-2	-4	-4	-2	-1	0	0	0	-2	-2	-1	-1	-2	-2	-1	-2	-2	0	0	1	1	-2	-2	-2	-2	-1	0	-1	-2	-2	-1	-2	0	0	0	0	-3	-1	0	-2	-2	-1	-3	-1	-1	1	1	-1	1	-2	-2	-2	-2	-2	0	-1	-1	0	-4	-1	1	-3	-3	1	0	-1	-1	4	4	0	
-1	-1	1	-1	0	-1	-1	-1	-1	-3	-2	-2	2	-2	-1	-2	-1	-1	-1	-1	0	-2	-2	-2	-1	-1	-2	-2	-2	3	3	1	1	-2	-2	0	0	-3	-3	-1	-2	-2	0	-1	0	0	-1	-3	-1	1	-2	-2	0	-3	-3	0	-3	0	-1	-2	-2	-3	0	-1	-1	-1	-2	0	0	-1	-1	0	0	-1	-1	-2	-2	0	-2	1	-1	-1	-2	-2	-2	-2	-2	-2	2	-2	-1	-3	-3	0	-3	0	0	-1	-1	0	-1	-1	-1	-1	-4	-3	0	0	-2	-2	-1	-3	0	-2	-2	0	0	-1	-2	-1	1	-1	0	-1	-3	-3	0	0	2	-2	-1	-2	-2	-1	0	-3	0	0	-2	-2	-3	-3	-1	-1	-1	-2	-2	-1	-1	0	0	-2	-2	-1	-1	-1	-2	-1	-3	-3	-1	-1	-2	-2	-2	-1	1	0	0	-2	-2	1	-2	2	2	0	0	-3	-2	-1	-2	-2	1	-4	1	-3	-3	-1	-2	-1	0	-1	-1	1	1	0	0	1	1	-1	
1	1	-3	0	0	-3	-3	-2	-2	0	-1	-2	0	-1	-1	0	-2	-2	-2	-2	1	-2	-2	-2	-2	-2	0	0	-4	-1	-1	1	1	-1	-1	1	1	-2	-2	-2	-2	-2	-2	0	0	0	0	0	0	2	-2	-3	0	-1	-1	-2	-3	0	0	-1	-1	-2	-2	-2	0	0	-3	-1	-1	-2	-2	-2	1	-1	-1	-2	-2	1	-1	0	1	1	-1	-1	-2	-2	-1	-1	1	-2	0	-1	-1	-2	-1	1	1	0	0	-1	-2	0	-4	-4	-3	-1	0	0	-2	-2	1	0	-2	-2	-2	0	0	0	-1	-3	-1	0	1	-1	-2	-2	0	0	-1	-1	1	-1	-1	-2	0	-1	0	0	-2	-2	1	1	-1	-1	-1	-2	0	-3	-3	-3	-3	1	1	-1	-1	-1	-3	-2	-1	-1	-2	-1	-4	1	1	-2	1	1	0	-2	-2	-4	-2	-1	-1	1	1	-1	0	-1	-3	-3	0	-2	0	-1	-1	-1	-1	-3	-2	0	0	0	-2	-1	-1	-1	-1	0	
-1	-1	-1	0	-1	0	0	-2	-2	0	1	-2	-1	-2	-1	-1	-1	-2	-1	-1	1	-1	0	0	-4	-4	-1	-1	-1	0	0	-2	-2	-2	0	2	2	-1	-1	-2	0	0	-3	-2	-1	-1	1	-1	-1	1	-3	-2	-1	0	0	-1	-3	1	-1	-3	-3	-1	-1	-1	-2	-2	-3	-1	0	-1	-1	-1	0	-1	-1	0	0	-2	-2	1	-2	-2	-1	-1	-1	-1	0	0	-1	-3	-1	-4	-4	-1	-2	0	0	-2	-2	0	-3	-1	-2	-2	-3	-2	0	0	-2	-2	1	-2	-4	-2	-2	0	0	0	-2	-2	-1	-2	-1	1	-1	-1	0	0	-1	-3	-1	-3	-3	-1	-1	-1	1	1	-1	-1	0	0	1	1	-3	0	-1	-4	-4	-1	-1	0	0	0	0	-1	-2	2	-1	-1	0	-2	-2	-1	-1	0	-2	0	0	-1	-1	-2	-2	0	0	-1	-1	-2	-1	0	-2	-2	-2	-2	0	-2	-2	-1	-2	-2	1	-2	-2	1	0	-3	-3	1	1	0	
Trial:6
-1	0	7	-1	-1	-4	-1	2	0	-1	-1	-1	-1	-1	-3	1	-4	0	0	1	2	-4	-4	2	1	1	-4	2	5	5	0	0	-3	-3	-3	-3	-3	-14	-14	1	1	0	0	-1	-3	1	1	1	-3	1	0	-4	-11	1	2	1	1	3	3	6	-1	5	-5	-5	-2	-3	-6	-6	0	0	2	-3	-5	0	0	-3	7	-3	-3	-2	-2	-3	-4	1	-1	-1	-1	0	-2	-2	1	1	-2	2	-1	-1	-1	-1	1	-2	-2	-6	-6	9	-2	0	2	2	-3	-3	2	-2	0	-10	0	0	-4	-4	-4	-3	-3	-1	-1	-1	-4	-4	-1	1	-1	-6	-6	2	1	-1	-1	0	0	0	-5	-1	-1	5	5	-1	-2	-2	-1	-1	-4	5	1	4	4	-2	-2	-1	-1	6	6	1	-3	-3	-6	-6	-2	-1	1	1	1	1	-4	1	-2	-1	-1	0	-3	-1	-1	0	0	-1	-1	0	7	7	-2	4	-4	-4	-3	-3	-4	0	-6	9	9	-4	-4	-2	
-2	-1	-4	1	3	-4	-1	-2	1	3	3	-4	-4	2	-1	1	-6	2	2	1	4	-3	-3	-1	-6	-6	-5	3	-1	-1	-3	-3	-3	0	0	-1	-1	3	3	5	5	-1	-1	-2	-2	-4	0	0	-4	5	-1	-6	-3	-4	-2	-4	-4	6	6	-3	-2	2	-2	3	-3	2	-10	-10	1	1	0	2	-6	4	4	-4	0	0	0	-5	-5	-1	-3	-1	1	1	1	-4	-4	-4	-1	-1	0	2	-2	2	2	-1	3	-3	-3	-1	-1	-6	-2	-1	4	4	-2	-2	0	-5	0	0	-2	-2	-3	-4	-4	-4	-4	2	-3	-4	1	1	-2	3	-5	3	3	-1	1	0	0	3	3	0	2	-3	0	1	1	-4	-1	-1	1	1	-6	2	-2	4	4	-5	-5	3	3	-6	-6	2	-4	-6	-2	-2	-1	-1	0	0	2	2	-1	-3	1	-1	-1	3	0	-1	-1	-4	0	2	-6	3	-1	-1	0	3	-5	-5	-2	-2	-7	-3	-1	6	6	-4	-4	-3	
-2	-1	-23	18	5	-2	3	-2	-2	3	3	-34	-34	4	-9	11	-6	12	12	-1	-14	-3	-3	-15	-15	-15	-8	-3	-1	-1	2	2	-12	13	13	8	8	-4	-4	17	17	-4	-4	2	8	-6	-8	-8	-15	2	13	-26	1	-7	-4	-17	-17	22	22	-5	-3	7	3	11	1	2	-18	-18	-2	-2	0	-1	-20	12	12	-20	-5	15	15	-16	-16	13	-14	-6	13	13	12	-1	-10	-10	-4	-4	-4	14	9	-9	-9	0	5	-8	-8	6	6	-20	-8	-6	11	11	5	5	0	-1	-6	9	0	0	-6	-11	-11	-2	-2	17	-3	-22	2	2	-19	3	-11	9	9	-3	11	13	13	10	10	0	6	-8	-6	-5	-5	1	11	11	-6	-6	-35	-2	8	8	8	-1	-1	-13	-13	-13	-13	14	-4	-15	0	0	4	-3	-9	-9	5	5	-8	-12	8	7	7	8	1	-11	-11	8	1	4	-6	11	-3	-3	7	-2	-9	-9	0	0	-10	5	-1	6	6	-1	-1	-17	
-3	0	-4	4	-11	1	0	5	-1	-1	-1	-4	-4	2	0	-3	-3	2	2	-3	-4	-1	-1	1	8	8	-10	5	-3	-3	0	0	-7	1	1	0	0	6	6	-6	-6	-1	-1	3	-2	6	-6	-6	-4	0	0	-8	8	-2	-10	-4	-4	4	4	-5	-8	2	0	-1	-2	9	-11	-11	-4	-4	2	-2	-12	0	0	-3	-3	2	2	-9	-9	3	-7	1	4	4	13	-5	-5	-5	-3	-3	-2	3	1	-5	-5	-5	7	0	0	-6	-6	-1	-4	-6	5	5	1	1	2	5	0	2	1	1	4	-7	-7	-4	-4	3	-4	-4	-1	-1	-2	0	-1	-1	-1	-8	8	-1	-1	-4	-4	12	4	-10	0	-1	-1	-2	5	5	-6	-6	-6	5	-2	-5	-5	-2	-2	1	1	-5	-5	0	-9	3	-4	-4	-6	7	-6	-6	3	3	-3	-9	4	3	3	5	0	-6	-6	10	-1	-4	-7	3	-10	-10	1	-4	-7	-7	-1	-1	10	-1	-3	0	0	-1	-1	-11	
-3	-2	-3	0	-1	-1	-1	1	-2	-1	-1	-1	-1	-1	0	-3	0	0	0	3	0	-3	-3	0	0	0	-6	1	-2	-2	1	1	-1	1	1	0	0	0	0	-3	-3	-3	-3	0	-1	-2	-1	-1	-1	1	0	-1	0	-2	-2	-2	-2	0	0	-2	-1	1	-1	0	-1	1	-3	-3	-2	-2	1	-1	-2	-1	-1	-2	0	-2	-2	-1	-1	0	-2	-1	0	0	0	-2	-2	-2	-1	-1	-1	-1	-2	-3	-3	0	1	-2	-2	-2	-2	-1	0	-1	1	1	-2	-2	1	-2	1	-1	0	0	-3	0	0	-1	-1	0	-3	-1	-2	-2	-1	-1	-2	-1	-1	-3	0	-4	-4	1	1	-1	4	-3	-1	0	0	-2	0	0	-4	-4	-2	-1	-3	0	0	0	0	0	0	-2	-2	2	-2	0	-2	-2	-3	-3	-2	-2	-1	-1	0	-3	0	-2	-2	1	-4	-2	-2	1	-1	-3	-2	1	-1	-1	0	-2	-5	-5	0	0	-1	-1	-1	2	2	-2	-2	-1	
-2	-1	-2	-1	-2	-3	-2	-2	-1	0	0	-2	-2	0	-1	0	0	-1	-1	0	0	-4	-4	-1	-3	-3	-1	1	0	0	-1	-1	1	-2	-2	0	0	-1	-1	0	0	-2	-2	0	-2	0	0	0	0	2	-2	-1	1	-2	-4	-2	-2	0	0	0	0	-2	-1	-1	-1	-2	-1	-1	-2	-2	0	-1	-2	-1	-1	-2	-1	-1	-1	-2	-2	0	-2	1	-1	-1	-2	-1	-1	-1	1	1	-1	-2	-2	-3	-3	-2	0	0	0	-2	-2	-2	-2	-1	1	1	-2	-2	1	-2	-1	-1	0	0	-2	0	0	-2	-2	0	-1	-1	-1	-1	-1	0	-1	-1	-1	-2	0	-3	-3	-1	-1	0	1	-3	1	-1	-1	-1	0	0	-2	-2	0	0	-2	-2	-2	0	0	-1	-1	0	0	-1	-3	-2	-2	-2	0	-1	-3	-3	0	0	-1	-1	0	0	0	0	-3	-1	-1	-3	-1	-2	-1	0	1	1	-1	0	-1	-1	-2	-2	0	-2	-3	2	2	-1	-1	-3	
-3	-1	-3	-1	-1	-3	0	0	-2	-1	-1	0	0	-1	-3	0	-1	-1	-1	-2	1	-2	-2	1	-2	-2	-3	0	-1	-1	1	1	-2	2	2	-1	-1	-2	-2	0	0	-4	-4	1	-3	0	-2	-2	-2	-1	-1	-1	-1	-4	-2	-1	-1	1	1	0	0	-1	-1	-2	-1	-3	-3	-3	-1	-1	0	0	0	-1	-1	-3	1	1	1	-1	-1	-3	-2	3	0	0	-1	0	0	0	-2	-2	-3	-1	-1	-2	-2	-1	-2	-1	-1	0	0	-1	0	-1	0	0	-1	-1	0	-2	1	-1	-2	-2	-2	-2	-2	-1	-1	-2	1	0	-1	-1	-1	-1	-2	-1	-1	-1	-1	-3	-3	0	0	0	-2	-2	0	-1	-1	0	1	1	-1	-1	1	-2	-3	-2	-2	-2	-2	-2	-2	0	0	1	1	-2	-1	-1	-2	1	-2	-2	0	0	-1	0	-1	-1	-1	0	-4	0	0	-2	0	-2	-3	2	0	0	-1	-1	-3	-3	-1	-1	0	-2	-1	0	0	-1	-1	-1	
0	-2	1	-1	-2	-1	-2	-2	-2	-2	-2	0	0	-1	0	0	-3	-1	-1	-1	-1	-2	-2	-2	-1	-1	-3	1	0	0	0	0	-1	0	0	-1	-1	-3	-3	0	0	0	0	-1	-2	0	0	0	-1	0	-1	-2	-3	-2	0	-2	-2	0	0	1	0	0	0	-1	0	-2	-4	-4	0	0	-1	-2	-1	0	0	1	0	-1	-1	-2	-2	-1	-2	-1	0	0	-1	0	-3	-3	2	2	-1	0	-1	-3	-3	-1	0	-1	-1	-2	-2	0	-2	-2	1	1	-2	-2	1	-3	-2	-2	0	0	-1	-1	-1	0	0	-1	0	-2	-1	-1	-2	0	-3	0	0	-2	-1	0	0	0	0	-2	-1	-2	-1	1	1	-3	-1	-1	-1	-1	0	0	-3	0	0	-1	-1	-1	-1	-1	-1	-1	-2	0	-2	-2	0	-2	1	1	-2	-2	0	0	-2	-2	-2	-1	-1	-2	-2	0	-1	-3	-1	-1	1	1	1	1	-3	-3	-2	-2	1	-1	-3	1	1	-2	-2	-3	
Trial:7
0	-4	-4	0	0	2	-3	-1	2	-1	-1	0	0	-1	2	-4	-4	-1	-1	-2	-2	-3	1	1	-3	-3	0	-1	-1	1	1	-3	3	-2	0	0	0	0	-3	-3	-10	-10	4	-1	1	-2	-2	-2	0	-1	-1	1	1	0	5	5	-1	-1	0	1	-13	2	2	1	2	-2	-5	-5	4	4	0	0	-5	-5	5	-2	-1	-1	-1	-1	0	-1	1	-3	-3	-2	4	-5	-12	-12	6	-2	3	-2	-2	1	-3	0	8	1	1	1	1	-3	-1	-1	-3	-3	-4	-4	-2	-2	-1	-1	-1	-2	2	-12	-12	1	2	-1	-1	1	1	-1	-2	1	1	1	-1	-2	1	1	-1	-1	-1	-1	-1	-8	-8	1	-2	-2	-1	-1	-2	2	-1	-1	-12	1	-2	1	1	1	-2	-2	-3	0	1	1	1	0	5	0	0	-1	-1	-1	2	-1	-1	-1	-3	-1	1	1	1	-1	-1	0	0	-5	-5	0	0	-2	0	0	1	1	-3	-1	-1	-2	0	0	1	1	
-3	-2	-2	1	1	-1	-4	-3	0	-6	-1	1	1	2	1	-1	-1	-3	-3	-2	-2	-2	-2	-2	-3	-3	1	-5	-5	-2	-2	-8	-3	1	-5	-5	1	1	-1	-1	-1	-1	-1	0	-1	-3	-3	-10	0	2	2	0	0	-1	6	6	-1	-1	-3	3	0	2	2	2	2	-4	-1	-1	2	2	-2	-2	-2	-2	1	-1	-2	0	0	-4	-2	1	-4	-4	-4	-2	4	-2	-6	-6	-2	0	4	-4	-4	3	-5	-4	2	-2	-2	1	1	1	1	1	-1	-1	-3	-3	5	5	-2	-2	-3	-5	0	-3	-3	-6	2	-3	-3	-2	-2	-1	1	3	2	2	-1	-3	2	2	5	5	-4	1	1	-5	-5	-2	0	0	-1	-3	-3	0	-1	-2	-4	0	-2	-5	1	1	-2	-2	-2	-9	1	1	1	2	-5	-4	-4	-9	-9	3	2	-2	-5	-5	2	0	1	-5	-5	0	0	2	2	-2	-2	-5	-5	1	0	0	2	2	-3	-2	-2	-1	0	0	3	3	
-14	1	1	8	8	-23	2	-7	7	4	-7	1	1	30	-2	1	1	-9	-9	-13	-13	-1	2	2	-7	-7	6	11	11	1	1	-23	2	-1	-12	-12	7	7	-7	-7	5	5	-14	12	5	-2	-2	-19	0	2	2	3	3	-3	11	11	9	9	-18	-6	2	3	3	7	7	2	7	7	3	3	-13	-13	-1	-1	7	3	-5	-2	-2	-12	-10	-5	0	1	1	-7	15	-5	-4	-4	-4	11	6	-33	-33	1	10	-13	0	-9	-9	10	10	20	2	2	-4	-4	-15	-15	24	24	-7	-7	-7	-19	-17	-1	-1	-16	4	5	5	4	4	-4	-3	-7	5	5	0	1	12	12	16	16	-5	3	3	11	11	-9	6	6	-9	-16	-7	3	-3	0	-3	2	-9	-19	7	7	-1	-1	-7	-32	11	-2	-2	1	-3	0	0	-26	-26	17	5	2	-15	-15	17	1	8	-15	-15	-8	-8	7	7	-4	-4	-10	-10	4	6	6	13	13	-8	-3	-3	-6	0	0	-12	-12	
-6	3	3	0	0	-2	-3	-1	-2	-4	1	-1	-1	2	-3	0	0	-5	-5	-13	-13	-3	3	3	0	0	6	14	14	-4	-4	-5	-1	-4	-5	-5	-2	-2	-3	-3	1	1	-14	1	1	0	0	-5	-2	2	2	-1	-1	-2	2	2	5	5	-5	1	-4	0	0	4	5	-4	3	3	9	9	-2	-2	-6	-6	8	2	-6	-4	-4	-2	11	-6	-5	1	1	-7	7	-5	0	0	0	2	2	-1	-1	15	-5	-8	3	-1	-1	1	1	0	4	4	0	0	0	0	-1	-1	-1	-1	-5	-11	1	-3	-3	-1	2	-2	-2	-8	-8	-4	-7	7	1	1	-2	1	-1	-1	-7	-7	-2	16	16	1	1	-4	-1	-1	-5	-4	-1	3	1	-1	-3	3	0	-9	0	0	-2	-2	-7	8	4	0	0	-1	2	-3	-3	-6	-6	3	2	3	-8	-8	0	-4	5	1	1	-11	-11	3	3	-3	-3	2	2	5	2	2	7	7	-8	-5	-5	10	1	1	6	6	
-1	-1	-1	-3	-3	-1	-1	-1	0	-4	-1	1	1	-3	1	1	1	0	0	-2	-2	-3	-1	-1	-3	-3	0	0	0	-1	-1	-3	1	1	-2	-2	2	2	-2	-2	-1	-1	-3	2	-1	-1	-1	-1	1	-1	-1	-1	-1	-1	2	2	0	0	-1	0	-2	-2	-2	0	-1	-2	-1	-1	4	4	-4	-4	-3	-3	1	-1	0	-2	-2	-1	0	-3	-2	0	0	-3	3	-2	2	2	1	-1	0	-4	-4	3	-3	0	-2	-1	-1	-2	-2	1	1	1	-2	-2	1	1	-2	-2	-3	-3	-2	-2	-2	-2	-2	-3	0	-1	-1	0	0	0	-2	2	-2	-2	0	0	-2	-2	-1	-1	0	0	0	0	0	-2	1	1	-2	-3	0	0	-1	-2	-1	-1	0	-3	0	0	0	0	-2	0	0	1	1	-2	-2	1	1	-2	-2	0	0	-2	-1	-1	-2	-1	-1	-1	-1	-2	-2	2	2	-3	-3	-3	-3	-1	1	1	1	1	-2	-1	-1	-1	-1	-1	3	3	
-2	0	0	-1	-1	1	-1	-2	0	-1	-2	1	1	-2	0	-3	-3	-1	-1	-2	-2	-1	2	2	-2	-2	1	1	1	0	0	-5	1	0	-1	-1	0	0	-2	-2	0	0	-2	0	-1	-2	-2	1	3	1	1	-1	-1	-3	1	1	1	1	-1	-1	-1	-1	-1	-1	0	-2	-1	-1	-1	-1	-1	-1	-2	-2	0	0	-1	-2	-2	-1	-1	-2	-1	-3	-3	-3	1	-2	-1	-1	-1	-3	0	-1	-1	0	-2	-2	0	-1	-1	-1	-1	-1	0	0	-2	-2	0	0	-1	-1	-2	-2	-1	-2	-1	-3	-3	-1	1	-1	-1	0	0	0	-2	-1	-2	-2	-2	0	1	1	-1	-1	0	-2	-2	0	0	-2	0	0	-1	-2	-1	-1	-1	-2	-2	1	0	-1	0	0	-2	-2	-2	0	0	0	0	-1	0	-2	-2	-1	-1	-1	0	-1	-1	-1	-2	0	-1	-2	-2	-1	-1	-1	-1	-2	-2	-1	-1	0	0	0	0	0	-3	-1	-1	-1	0	0	0	0	
-3	0	0	0	0	1	-2	-4	1	-1	0	-1	-1	-3	1	-1	-1	0	0	-2	-2	-2	-1	-1	0	0	2	-1	-1	0	0	0	-2	-2	-1	-1	-1	-1	-1	-1	-2	-2	-3	-1	0	-1	-1	0	2	-1	-1	-2	-2	-3	1	1	-2	-2	-1	0	-2	2	2	-1	0	-2	-2	-2	2	2	-2	-2	0	0	-2	-1	-2	-2	-2	-2	-2	0	-2	-1	-1	-1	0	-3	-2	-2	-1	-1	-1	1	1	1	-2	0	0	0	0	1	1	-3	2	2	-2	-2	0	0	-2	-2	-2	-2	-3	0	1	-1	-1	0	0	-3	-3	-2	-2	0	-3	-1	1	1	0	-1	-1	-1	-1	-1	-2	-2	-2	-2	-2	-3	-1	-1	0	-1	0	-1	0	-4	-4	0	0	-3	0	0	-1	-1	-1	-1	-2	0	0	-1	-1	-2	-2	-1	-1	-2	1	0	-1	-1	-3	-1	0	0	0	-2	-2	-1	-1	-2	-2	-1	-1	1	-3	-3	-1	-1	0	-1	-1	1	-1	-1	-3	-3	
-2	-1	-1	0	0	1	-2	-2	0	-1	-1	-1	-1	-1	-2	0	0	-2	-2	-1	-1	-3	-1	-1	-1	-1	1	-3	-3	-1	-1	-1	1	-2	-1	-1	-1	-1	0	0	-3	-3	-2	0	0	-2	-2	-1	1	-1	-1	-1	-1	1	1	1	-1	-1	-2	0	-4	0	0	-1	1	-2	0	0	1	1	-1	-1	-3	-3	0	-1	-2	-2	-2	0	-2	-1	-1	0	0	-2	2	-2	-3	-3	-2	-1	-3	0	0	-1	-1	-2	1	-1	-1	0	0	-2	0	0	0	0	1	1	-3	-3	0	0	-4	-1	0	-2	-2	-1	-1	1	1	-1	-1	0	-1	-1	-1	-1	-1	-1	0	0	-3	-3	0	0	0	-3	-3	-1	2	2	-1	-1	-2	-1	-3	0	-3	-3	0	0	-2	-2	-1	-1	-2	1	1	0	0	-1	0	1	1	-2	-2	-3	-1	1	-1	-1	-2	0	0	1	1	-2	-2	-1	-1	-1	-1	-1	-1	0	-1	-1	-1	-1	-3	-1	-1	1	0	0	1	1	
Trial:8
-8	-1	0	1	-4	-4	1	-2	9	-1	-1	0	0	-3	-3	-1	-1	-1	-5	3	-3	-3	-4	-4	-2	-2	-1	-1	1	1	0	0	0	-3	-3	-1	0	0	-1	-1	-1	2	2	2	-4	-3	-3	2	2	-2	-2	-1	-1	-1	-2	-2	2	2	-2	-2	-1	-1	0	-2	-2	-3	-3	-3	-3	2	2	-1	-1	2	-1	-1	-1	-4	-4	-1	-1	-1	0	0	2	0	1	1	-2	-2	1	-4	-4	-1	-2	-2	-2	0	0	-1	-1	-1	-1	-2	-1	-1	-1	2	-2	1	-2	-1	-1	-1	-2	0	0	0	0	-3	-1	-2	-2	0	0	0	-3	1	1	1	-3	-3	-4	-4	1	1	0	-3	-3	-1	-1	0	-1	-2	-1	-1	-2	3	0	-5	-4	2	0	-4	0	0	0	-4	0	2	0	0	0	-1	-1	-1	1	1	-2	-1	-3	-3	-3	0	0	-4	-4	-1	-1	0	0	-1	2	2	-3	-1	-2	-2	-4	-4	-1	-1	-1	2	2	-1	-1	0	-1	2	
-6	2	-2	3	-4	-4	0	-6	6	0	0	-3	-3	-6	-6	4	4	4	-7	-2	5	5	-3	-3	-5	-5	-1	-1	2	2	-6	0	0	1	1	-3	-4	-4	4	4	1	4	4	4	-4	-5	-5	-1	-1	-2	-2	-2	-2	-2	0	0	2	2	4	4	1	1	-5	-5	-5	-4	-4	-5	-5	0	0	-3	-3	2	1	-7	8	0	0	1	-4	-1	-1	-1	-6	2	1	1	0	0	4	-7	-7	0	-2	-1	-3	0	-2	3	3	-1	1	-3	0	-7	5	-1	-1	-1	1	0	-1	-1	-2	-1	-1	1	1	-2	0	3	3	-2	-2	-2	-3	-1	-2	-2	-2	-2	-1	-1	-2	-2	-2	-4	-4	1	1	-1	-4	-2	1	1	-2	0	0	-5	0	3	-3	-2	0	-2	-2	-6	1	0	-3	-3	0	1	-7	-7	5	5	-3	-1	1	0	0	-1	-1	-1	-1	0	0	-3	5	-5	2	2	0	-4	1	1	-3	-3	1	1	-3	-4	-4	-1	-1	6	-1	4	
-20	8	-6	-11	20	20	-6	-7	19	7	7	-22	-22	-13	-13	2	2	2	-13	9	9	9	1	1	-12	-12	-7	-7	5	5	-15	7	7	0	0	-2	2	2	-2	-2	4	21	21	21	-6	-6	-6	-7	-7	-15	-15	5	-9	-9	3	3	-10	-10	19	19	-1	-1	-28	-1	-1	-1	-1	-15	-15	15	15	3	3	17	-6	-17	23	-4	-4	17	-6	9	-5	-5	-17	5	-4	-4	-9	-9	9	0	0	-7	-2	-15	-1	19	-16	6	6	1	15	-2	12	-5	16	-2	-2	6	3	-5	1	1	-12	-2	-2	-6	-6	13	-5	7	7	-6	-6	5	-8	-2	-3	-3	-13	-13	2	2	-4	-4	-15	2	2	4	4	9	-1	-5	10	10	8	-9	-1	3	-5	17	-10	0	3	2	2	-33	0	6	-3	-3	0	-13	-34	-34	22	22	2	-1	6	12	12	5	4	8	8	2	2	-9	20	-23	6	6	23	-27	4	4	-5	-5	12	12	-12	-6	-6	-4	-4	10	10	13	
-5	0	-1	-3	1	1	-9	-6	6	0	0	2	2	0	0	4	4	4	-8	2	4	4	-5	-5	0	0	-4	-4	5	5	-8	3	3	-5	-5	12	-6	-6	-4	-4	-3	3	3	3	-1	-4	-4	-10	-10	-13	-13	2	3	3	-4	-4	10	10	-1	-1	-2	-2	-3	-1	-1	-5	-5	-10	-10	6	6	-2	-2	8	-3	11	2	-9	-9	2	-8	1	9	9	-1	-5	-1	-1	-3	-3	-1	-8	-8	-4	-1	-3	8	-1	-9	-4	-4	-1	0	-14	0	-1	6	3	1	-13	3	-1	2	2	-1	-1	-1	-5	-5	2	0	1	1	-3	-3	-1	-8	-1	1	1	-8	-8	-2	-2	-2	-2	-3	-10	-10	1	1	6	-1	0	1	1	1	1	-6	-5	3	-1	-3	-1	3	0	0	-3	2	11	-5	-5	3	-4	3	3	-2	-2	-8	-6	-2	-4	-4	-1	3	12	12	-3	-3	-1	-1	-6	9	9	-8	-5	-1	-1	-2	-2	14	14	-11	-1	-1	-3	-3	-7	8	-1	
-3	-1	1	1	-2	-2	-1	-6	2	-1	-1	2	2	0	0	1	1	1	-3	1	-1	-1	-3	-3	-3	-3	-2	-2	-1	-1	-4	1	1	-4	-4	2	-1	-1	0	0	-2	2	2	2	0	-2	-2	-2	-2	-3	-3	-1	1	1	-2	-2	3	3	-3	-3	-1	-1	-2	-3	-3	0	0	0	0	-2	-2	-1	-1	2	-3	-2	1	-3	-3	1	-6	-2	-2	-2	-1	3	0	0	-5	-5	-1	-1	-1	-2	2	-1	-1	-2	-2	-2	-2	-1	-3	-4	0	-1	-1	2	-2	-1	1	0	-3	-3	-1	-1	-1	-2	-2	-2	-1	1	1	-2	-2	-2	-3	-1	2	2	-3	-3	-1	-1	0	0	-3	-2	-2	0	0	0	-4	-2	1	1	-2	3	-2	-3	-1	0	-1	-2	0	-2	-2	-1	2	-3	-3	-3	0	-1	0	0	2	2	-1	-3	-2	0	0	1	-1	-2	-2	3	3	1	-1	-3	-2	-2	-4	-2	-2	-2	-1	-1	0	0	-3	-1	-1	0	0	-1	0	0	
-2	-1	-1	-3	-1	-1	0	-2	0	-2	-2	0	0	0	0	0	0	0	-2	0	-3	-3	-1	-1	-1	-1	-2	-2	-1	-1	-1	0	0	-1	-1	0	-1	-1	-1	-1	-1	-2	-2	-2	-1	1	1	-2	-2	-4	-4	-1	0	0	-1	-1	3	3	-3	-3	-1	-1	-1	-1	-1	0	0	-1	-1	-1	-1	-2	-2	0	-1	-1	-1	-1	-1	0	-1	-1	-1	-1	-3	-2	-3	-3	0	0	0	1	1	-2	-1	-1	-2	-3	0	-2	-2	-2	-2	-2	-2	1	-1	0	-2	-1	-2	-1	1	1	-3	0	0	-2	-2	-1	0	-1	-1	-2	-2	-1	-3	-1	0	0	-2	-2	-1	-1	-1	-1	0	-1	-1	0	0	1	-2	-1	-1	-1	-2	0	-1	-2	-2	0	-2	-1	0	2	2	-2	-1	-2	0	0	0	-3	-1	-1	-1	-1	0	-1	0	-4	-4	2	-1	-2	-2	-2	-2	1	0	-2	0	0	-1	1	-1	-1	1	1	-2	-2	-3	1	1	1	1	-2	0	-2	
-1	-1	-2	0	-2	-2	-1	-2	0	0	0	-1	-1	-1	-1	0	0	0	-1	1	-2	-2	1	1	-2	-2	-2	-2	-2	-2	-1	-2	-2	0	0	-2	0	0	0	0	-4	2	2	2	-1	-3	-3	-2	-2	-1	-1	0	0	0	-2	-2	2	2	-4	-4	-2	-2	0	1	1	1	1	-3	-3	1	1	0	0	-1	-1	-2	-1	-2	-2	-3	-2	0	-1	-1	-1	-1	-2	-2	0	0	0	-1	-1	-1	-2	-3	-2	-1	1	-3	-3	-2	-2	-2	0	2	0	-1	-1	-1	1	-2	-2	-2	-3	-1	-1	0	0	-1	-2	0	0	-3	-3	-1	0	-1	1	1	0	0	-3	-3	0	0	-1	-2	-2	-3	-3	-1	-4	-1	-1	-1	0	-2	-3	-1	0	-4	-1	1	-1	0	0	-1	-2	1	-2	-2	0	-2	-1	-1	1	1	-2	-3	-3	0	0	1	1	-1	-1	0	0	-2	0	-2	-1	-1	-2	1	-1	-1	1	1	0	0	-2	-1	-1	0	0	-2	-1	-2	
-1	0	0	-1	-2	-2	-1	-3	1	-1	-1	0	0	-1	-1	-1	-1	-1	0	-1	-1	-1	-3	-3	-1	-1	-1	-1	0	0	-1	-1	-1	0	0	-2	-1	-1	-3	-3	-2	1	1	1	1	-1	-1	1	1	-4	-4	-1	0	0	-1	-1	0	0	-1	-1	-2	-2	-1	-3	-3	0	0	-1	-1	-1	-1	-2	-2	1	-1	0	0	-2	-2	0	-1	-1	-1	-1	-1	-1	-1	-1	-1	-1	-1	-2	-2	0	-1	-2	0	-2	-2	-1	-1	-2	-2	-1	-1	1	0	0	-1	-2	0	0	-1	-1	-1	0	0	-1	-1	1	-1	-3	-3	-2	-2	-1	-2	0	-3	-3	-2	-2	0	0	-1	-1	0	-1	-1	-1	-1	0	-1	-1	-2	-2	-2	-1	-2	-1	-1	0	-2	-2	1	-2	-2	-2	-1	-1	1	1	-1	-3	0	0	1	1	-1	-1	-1	-2	-2	0	-1	-2	-2	-1	-1	-2	-1	1	0	0	-2	-1	-2	-2	-1	-1	1	1	-2	0	0	0	0	-1	-1	1	
Trial:9
-1	-2	-6	-1	1	1	-1	2	-1	0	-1	-1	-5	1	-3	0	0	-2	2	2	-2	1	1	-4	-4	0	2	2	-1	-1	-4	1	1	1	1	-3	-2	-2	-2	-1	-1	-2	-1	-1	-1	-5	-5	8	-3	-3	-1	-1	-5	-5	-1	-1	-2	-2	-5	2	2	-2	-2	0	1	1	-2	-1	-1	-2	-2	-2	0	0	0	-3	-2	-4	-4	-4	1	-2	9	-2	-2	0	-4	-2	-2	-9	-9	1	-2	-2	0	0	-1	-1	2	0	0	0	-11	1	1	1	1	0	0	4	1	1	-4	-3	-3	-5	-3	-3	0	0	0	0	0	0	-6	-4	3	1	1	-1	-1	2	-2	-2	-2	-2	2	2	-2	-2	4	4	1	2	2	-4	-4	-5	-3	-3	-2	-2	-4	-4	0	0	0	0	0	-1	-1	-1	-1	-3	1	3	3	-2	-2	-3	-1	-1	0	0	-1	2	-3	0	0	2	-2	-4	-3	-3	-1	2	-1	-1	-1	-1	-1	-1	-1	-3	-3	-5	-5	-3	-3	0	
0	1	-8	-1	-2	-2	-4	-1	0	0	-3	-3	0	4	-5	8	8	0	-3	2	-4	-2	-2	1	1	-3	-5	-5	-3	-3	-3	5	5	5	3	0	-3	2	2	-4	-4	-1	7	7	7	-4	-4	8	-5	-5	-4	-4	-6	-6	-4	5	-3	-3	9	-6	-6	-3	-3	-4	1	1	-1	-3	-2	-5	-2	-2	2	2	0	-1	-1	0	0	0	0	-3	-1	-1	-1	-1	-7	-3	-3	1	1	-1	0	1	-3	-3	1	-10	-3	1	1	1	-3	-5	-5	-5	3	0	0	-1	6	6	-3	-4	-4	-7	-2	-2	4	4	2	-4	-4	5	-2	-10	2	0	0	-3	-3	1	-4	-4	-2	-2	8	8	-1	-1	-3	-3	-2	2	2	-4	-4	-4	-4	-4	-4	-4	-6	-6	0	0	-1	-1	-2	2	2	-8	-8	3	-3	1	1	3	3	-3	-6	-3	0	0	-2	1	-4	-1	-1	3	2	-6	-3	-3	-2	3	2	2	-1	-1	-1	-1	-1	-1	-1	-2	-2	-1	-1	-3	
4	-3	-27	8	-23	-23	0	12	-3	-7	-7	-7	4	5	2	26	26	8	-24	-6	7	-9	-9	2	2	-9	-22	-22	9	9	-3	13	13	13	0	-2	-3	7	7	-12	-12	4	4	4	4	-7	-7	-1	-8	-8	-4	-4	-7	-7	-12	5	1	1	-1	-13	-13	0	0	2	11	11	0	-9	6	-5	2	2	8	8	6	6	-3	-11	-11	-11	-3	-19	-9	2	2	0	-13	-4	-4	-8	-8	9	-5	8	-13	-13	12	-23	-17	10	10	10	7	-1	-1	-1	9	3	3	5	-2	-2	11	9	9	-15	-7	-7	17	17	-18	-32	-32	10	6	-25	2	-5	-5	8	8	5	-4	-4	-4	-4	31	31	-6	-6	-6	-6	-8	-7	-7	-1	-1	-7	-5	-5	-12	-12	-8	-8	7	7	8	8	-21	0	0	-9	-9	4	-9	-4	-4	17	17	4	-15	4	5	5	-3	-4	-10	-7	-7	-2	7	-16	-8	-8	9	4	15	15	10	10	10	10	3	37	37	-11	-11	-1	-1	-15	
-4	-1	-4	-8	-1	-1	-4	4	9	0	-8	-8	-2	-1	-5	4	4	-1	-6	1	-1	-7	-7	7	7	-3	-5	-5	5	5	-7	4	4	4	-4	-2	1	-2	-2	-3	-3	-2	3	3	3	0	0	-2	-12	-12	-6	-6	3	3	-2	3	-1	-1	3	1	1	-2	-2	0	5	5	-5	1	3	-4	-1	-1	4	4	-2	0	1	-17	-17	-17	-3	2	0	1	1	0	-9	1	1	-4	-4	0	-6	-1	1	1	2	-5	2	1	1	1	0	-1	-1	-1	-1	-5	-5	2	5	5	-1	-2	-2	-17	-3	-3	8	8	-2	-1	-1	-5	2	-14	-1	0	0	-10	-10	-2	-2	-2	1	1	16	16	-2	-2	-4	-4	1	-3	-3	-6	-6	-1	-3	-3	-4	-4	-2	-2	4	4	2	2	1	-1	-1	2	2	-1	-4	4	4	-13	-13	-4	0	-1	4	4	-4	10	-5	-3	-3	3	-2	1	-7	-7	-2	3	0	0	2	2	-6	-6	2	-3	-3	-2	-2	1	1	0	
-1	-1	-2	-1	-1	-1	1	0	-3	0	-2	-2	-3	-2	-1	2	2	-2	-3	-3	0	-2	-2	0	0	0	-2	-2	-1	-1	-2	-1	-1	-1	-1	-2	0	0	0	-3	-3	-3	0	0	0	0	0	0	0	0	-1	-1	0	0	0	0	-3	-3	0	-3	-3	-3	-3	1	0	0	-1	-1	-1	-2	1	1	-1	-1	-1	-3	0	-3	-3	-3	-2	-3	0	-2	-2	0	-5	0	0	-3	-3	-1	1	-1	0	0	0	-3	2	1	1	1	-3	-3	-3	-3	-1	-2	-2	1	-1	-1	-1	0	0	-4	0	0	-1	-1	0	-1	-1	1	-4	-3	-1	0	0	-4	-4	-2	2	2	1	1	1	1	0	0	-3	-3	0	-2	-2	-2	-2	-4	1	1	-2	-2	-2	-2	1	1	-1	-1	0	0	0	-1	-1	-1	-1	2	2	-2	-2	-5	-2	-1	0	0	-1	0	-4	0	0	1	-3	-4	-2	-2	-2	-1	-1	-1	0	0	-1	-1	0	-2	-2	1	1	1	1	-3	
-1	-2	-2	-1	-1	-1	-1	0	-2	0	-2	-2	-2	-1	-1	-1	-1	0	-2	-1	-3	-3	-3	-1	-1	-1	0	0	-2	-2	-2	1	1	1	-2	-2	-3	0	0	0	0	-1	0	0	0	-1	-1	0	0	0	-2	-2	-3	-3	-2	-1	-2	-2	0	0	0	-1	-1	-1	-1	-1	0	-2	-1	-1	-3	-3	2	2	-3	-2	-1	-2	-2	-2	-1	-2	-1	-1	-1	-2	-4	-1	-1	0	0	-2	-2	-1	0	0	-2	-2	0	0	0	0	0	-2	-2	-2	0	-2	-2	1	-1	-1	-1	-1	-1	-2	-2	-2	-2	-2	1	-2	-2	0	-1	-1	-3	3	3	-2	-2	-2	-1	-1	0	0	0	0	0	0	-1	-1	1	-2	-2	-1	-1	-1	-2	-2	-3	-3	-1	-1	0	0	-1	-1	-1	0	0	0	0	-1	-2	1	1	-1	-1	-1	1	-2	-1	-1	-3	0	-1	0	0	-1	-1	-2	-1	-1	-1	1	-2	-2	-1	-1	-1	-1	-2	-1	-1	-1	-1	-1	-1	-1	
-1	0	0	-2	1	1	0	0	-1	-1	1	1	-3	0	-2	-1	-1	-1	-1	2	0	-2	-2	0	0	-4	-1	-1	-1	-1	-2	-2	-2	-2	-1	0	-2	0	0	1	1	-2	0	0	0	1	1	0	-2	-2	-3	-3	1	1	-1	-3	-3	-3	-1	-1	-1	0	0	-1	0	0	-2	0	1	-3	-1	-1	-1	-1	-2	-1	0	-1	-1	-1	0	-1	-2	3	3	-1	-1	-1	-1	-1	-1	-2	-1	-1	0	0	-4	-3	-2	0	0	0	2	-1	-1	-1	-3	-1	-1	1	2	2	1	-1	-1	-1	-1	-1	-3	-3	-1	-2	-2	0	-2	-2	0	2	2	-3	-3	-2	-1	-1	0	0	2	2	0	0	0	0	-1	-1	-1	-1	-1	-4	-2	-2	-1	-1	1	1	2	2	-2	-2	-2	-1	-1	-1	-1	-2	-1	0	0	-1	-1	-1	0	-1	-2	-2	1	1	-3	1	1	-2	-3	0	-2	-2	0	-1	-1	-1	0	0	-4	-4	-1	1	1	-2	-2	-1	-1	-2	
-2	-2	-1	0	1	1	-1	-2	-2	-1	-3	-3	-2	-2	-1	-1	-1	-2	-1	-2	-2	-2	-2	2	2	0	-2	-2	0	0	-1	-1	-1	-1	-1	-2	-1	0	0	0	0	0	-2	-2	-2	-2	-2	-3	-1	-1	-1	-1	1	1	1	0	-1	-1	0	-3	-3	0	0	-1	0	0	1	-2	0	-3	-1	-1	-1	-1	0	-2	-1	-1	-1	-1	0	0	1	-3	-3	0	-1	1	1	-3	-3	-1	0	-1	-1	-1	-1	-1	0	-1	-1	-1	-2	-1	-1	-1	-1	-2	-2	0	0	0	-2	-2	-2	-3	-1	-1	0	0	0	-1	-1	1	-2	-3	-1	2	2	-4	-4	-1	0	0	-2	-2	-1	-1	-1	-1	-2	-2	0	-1	-1	-2	-2	0	0	0	-2	-2	-2	-2	-1	-1	0	0	-2	-1	-1	-2	-2	-1	-1	-1	-1	-1	-1	-2	1	-3	1	1	-1	-1	-3	-1	-1	1	-1	-1	-1	-1	2	-1	-2	-2	1	1	-2	-2	0	-2	-2	0	0	0	0	-2	
Trial:10
0	-1	-1	-1	-1	-1	-2	-2	-1	3	-2	-1	-1	-2	0	-3	-3	1	1	0	0	-1	0	0	-2	0	-4	-4	-1	-1	-2	-3	-2	2	2	-2	0	-2	-3	0	0	0	-1	-3	-1	-1	1	-1	-3	-2	-2	0	-1	-3	1	1	-2	0	-2	1	-2	-2	-1	0	-1	-2	2	-1	-1	0	-1	-3	-3	-2	3	-2	-2	-2	-1	0	0	0	-1	-1	1	1	0	1	1	-1	-1	1	-4	-4	-4	-4	-4	1	-2	-2	0	0	0	-1	-5	1	-2	0	0	1	1	-3	-3	-2	1	1	-1	-2	1	1	-1	-1	3	3	-2	-1	-2	-2	-1	-1	-1	-3	-3	-2	-2	0	-4	-1	-1	-2	0	2	1	-1	-3	-3	-2	-2	2	0	0	0	0	-1	-3	-1	-1	-1	-3	4	-3	-3	-3	-1	-2	0	-1	-1	-1	-1	-1	0	0	0	-1	-1	-2	-2	-2	-3	-3	0	2	-2	0	0	-1	3	3	-2	-2	-2	-2	-2	-2	-6	-6	-1	2	2	
-1	-2	-1	-2	-5	-5	2	2	0	0	-3	-2	-2	-1	1	-2	-2	3	3	-6	0	0	1	1	0	0	-1	-1	3	3	-1	0	-2	0	0	-4	2	3	-7	-3	-3	-3	-1	-1	-1	-1	-2	2	-1	0	0	2	-5	0	2	2	-5	-2	-1	-3	-6	-6	-1	4	-1	-2	2	-1	2	-1	-2	-2	-2	-6	0	0	-3	-3	-4	3	1	1	3	3	0	0	1	-2	-2	0	0	2	-1	-1	-3	-3	-3	-2	2	2	0	0	2	-1	-5	1	-5	0	0	-2	-2	-5	-5	1	1	1	2	-2	-1	1	-2	-2	3	3	-3	0	3	3	0	0	-7	-8	-8	-2	-2	0	-5	3	3	-5	2	-2	-3	-1	-1	-1	-5	-1	4	2	2	2	-6	-1	3	-3	-3	-3	-4	-1	6	6	6	-1	-3	2	-7	-7	4	4	-6	-1	-1	-1	2	3	-4	-1	-1	2	2	1	-4	-4	0	0	-4	4	4	-1	-1	-1	-7	-1	-1	-3	-3	-2	3	3	
-5	0	-1	-22	0	0	7	7	0	8	2	-4	-4	1	-3	1	1	4	4	-7	2	-3	13	13	-6	-6	9	9	6	6	9	4	-7	0	0	-13	-5	16	-12	-6	-6	-7	0	3	6	6	-4	-2	-10	-5	-5	5	0	4	6	6	-11	2	-13	-1	-29	-29	6	-7	6	-6	7	8	-1	12	-1	-1	-1	-14	-4	7	6	6	-5	8	-19	-19	4	4	-4	-4	3	-7	-7	10	10	11	2	2	-9	-9	-9	-1	0	0	-4	-4	-3	10	-5	6	-6	6	6	-5	-5	-9	-9	-3	1	1	27	10	-24	3	-4	-4	-19	-19	-21	-9	17	17	-5	-5	0	-9	-9	7	7	7	-6	5	5	-31	-13	8	-12	7	-6	-6	15	-8	12	11	11	11	-21	17	-1	-5	-5	-5	-8	2	14	14	14	-7	5	7	-16	-16	3	3	2	-21	-21	-21	14	13	-1	-18	-18	2	2	5	-12	-1	5	5	-8	-1	-1	-1	-1	-1	-3	8	8	-3	-3	-2	-4	-4	
1	-9	10	-3	-2	-2	-2	-2	-8	-3	0	0	0	-4	-1	-1	-1	2	2	-5	4	-3	15	15	-3	-1	0	0	2	2	-6	3	-6	-7	-7	-3	3	1	-3	1	1	-4	-4	2	-3	-3	0	-4	-2	-1	-1	2	1	-5	0	0	-13	3	-2	5	-7	-7	-3	8	-4	-3	9	-3	-5	2	1	-2	-2	-1	2	-6	-1	-1	0	1	1	1	-8	-8	-3	-3	1	1	1	1	1	8	-8	-8	-4	-4	-4	4	13	13	-3	-3	5	-3	-2	4	-11	4	-3	0	0	-8	-8	1	-1	-1	2	1	-4	1	-13	-13	0	0	-9	0	1	1	-7	-7	2	1	1	-2	-2	-1	-6	7	7	-6	4	1	-4	-12	-8	-8	0	-8	11	7	7	7	0	-1	2	-1	-1	-1	-9	4	-3	-3	-3	-2	7	-1	5	5	-3	-3	13	-7	-7	-7	1	2	-10	-6	-6	-8	-8	2	-3	-11	4	4	-3	4	4	0	0	0	7	-2	-2	-4	-4	-1	0	0	
-1	-1	-1	-2	-1	-1	-2	-2	-2	0	-2	1	1	-3	-1	-3	-3	0	0	-4	0	-1	1	1	-1	-2	-1	-1	-2	-2	0	0	-2	-2	-2	-1	1	-2	-2	0	0	-1	0	-1	1	1	-1	-1	-2	-1	-1	0	-2	-2	0	0	-3	-1	-2	0	-1	-1	-3	-1	-2	-4	2	0	-3	-1	-1	0	0	0	-1	-2	-1	-1	0	-2	0	0	-1	-1	-1	-1	-1	-1	-1	-3	-3	1	-2	-2	-2	-2	-2	-1	0	0	-1	-1	2	-1	-2	0	-2	0	-2	2	2	-5	-5	-1	3	3	-3	-1	1	-1	-3	-3	-2	-2	-1	0	-3	-3	0	0	-1	-1	-1	-3	-3	0	-2	-1	-1	-2	1	0	-1	-2	-2	-2	-3	-1	2	0	0	0	-2	-5	-2	0	0	0	-1	1	-3	-3	-3	-1	-1	1	-1	-1	-1	-1	0	-1	-1	-1	-1	-2	-2	0	0	-1	-1	0	-1	-2	0	0	0	-2	-2	0	0	0	-3	-1	-1	-1	-1	-2	-1	-1	
-2	0	-2	0	-1	-1	-2	-2	-1	0	-2	-2	-2	-3	0	-2	-2	2	2	-4	-1	-2	0	0	1	-1	-1	-1	-1	-1	-1	-1	-2	-3	-3	0	1	-2	-2	1	1	-1	0	0	-3	-3	0	-3	-1	1	1	0	-1	-2	-2	-2	-1	-1	-2	0	-2	-2	-2	1	-1	-2	0	-1	-2	-1	0	-1	-1	-1	-1	-2	-1	-1	-1	0	-1	-1	-1	-1	0	0	0	1	1	-2	-2	1	-4	-4	-2	-2	-2	1	-2	-2	1	1	0	-1	-2	-1	-2	0	-2	-1	-1	-2	-2	-1	-1	-1	0	-1	0	-2	-1	-1	-1	-1	0	-1	-1	-1	-1	-1	-2	0	0	-2	-2	-2	-3	1	1	0	-1	-3	-1	-2	-1	-1	-2	-3	-1	-1	-1	-1	-1	-1	-1	-2	-2	-2	-2	2	-1	-1	-1	-1	-2	-1	-1	-1	-2	-2	-1	-2	-2	-2	-1	0	0	-1	-1	-1	-1	0	-2	-3	1	1	-1	0	0	-2	-2	-2	-1	-3	-3	-1	-1	1	0	0	
-5	1	-1	0	-1	-1	-2	-2	-2	-2	-2	0	0	-1	-1	-1	-1	2	2	-4	0	0	0	0	-2	-1	-3	-3	0	0	-1	0	-2	-1	-1	-1	0	-1	0	0	0	-3	-2	-1	0	0	0	-2	-1	0	0	-2	-2	-1	-1	-1	0	-2	1	0	0	0	-1	-1	-2	-1	0	0	-3	-2	-1	-2	-2	-2	1	-1	-2	-2	-1	-1	0	0	-1	-1	-1	-1	0	0	0	-3	-3	0	-1	-1	-2	-2	-2	-1	-1	-1	0	0	2	-2	-1	0	-2	-2	-1	-2	-2	-3	-3	0	1	1	0	-2	-1	-1	0	0	0	0	-2	-2	-3	-3	-1	-1	-2	-1	-1	-1	-1	-3	1	-1	-1	-3	0	0	-2	-2	-1	-1	0	1	0	-3	-3	-3	1	1	-2	0	0	0	-1	1	-1	-1	-1	-2	-1	1	1	1	-1	-1	-2	-1	-1	-1	-1	0	-3	-2	-2	-1	-1	0	-2	-3	-1	-1	0	0	0	-2	-2	-2	-2	-2	-2	0	0	0	0	0	
-1	0	-2	-2	-2	-2	-2	-2	-1	0	-1	1	1	-2	-2	-3	-3	0	0	-1	-1	-2	0	0	1	-1	-2	-2	0	0	-2	0	-2	-1	-1	0	0	0	-2	-1	-1	-3	-2	-1	-1	-1	-2	1	-1	1	1	-2	0	-1	-1	-1	-3	0	-1	1	-3	-3	0	-1	-1	-1	-1	0	0	-1	-1	-1	-1	-1	1	-2	-1	-1	-3	-2	-2	-2	-1	-1	3	3	-1	1	1	-1	-1	1	-3	-3	-1	-1	-1	-2	-1	-1	0	0	0	0	-2	-1	-1	1	-2	-1	-1	-1	-1	-2	0	0	0	1	0	-3	-3	-3	-2	-2	-1	-2	0	0	-2	-2	0	-1	-1	-1	-1	-2	-1	0	0	-1	2	-2	0	0	-2	-2	0	-1	0	1	1	1	-1	0	0	-2	-2	-2	-1	-1	-4	-4	-4	0	-2	0	0	0	-2	-2	-2	1	1	1	-2	1	-2	-2	-2	-4	-4	1	-2	-3	1	1	-2	-1	-1	0	0	0	-1	0	0	-1	-1	-1	0	0	
Trial:11
-2	1	-3	-3	0	0	-1	-1	-1	0	0	1	1	0	0	-2	-1	-3	-3	0	0	-2	1	-2	0	0	-3	0	-1	-2	0	0	-2	-1	0	0	0	-1	-2	-1	-1	-1	-1	-1	0	-1	-1	-1	-1	-2	0	-1	-4	-4	0	-1	-3	1	1	-3	1	-1	-5	-2	-2	0	1	-2	2	2	-3	-3	2	2	-3	-2	0	-5	1	-2	-2	0	-1	0	-1	-3	-3	-1	1	-2	0	0	-2	-2	-1	1	1	0	0	0	0	-1	-1	-2	-2	-2	-3	-3	-2	-2	-1	0	-3	0	0	1	1	-3	-3	0	0	2	-1	-1	-4	-4	4	-1	1	1	-5	-5	-1	0	0	-2	-2	-4	0	1	2	2	1	-1	1	1	-4	-4	-1	0	-3	-3	-2	-1	-2	0	0	-1	-1	2	-3	0	-2	-2	0	0	-2	-2	-1	-1	-1	-4	-1	-1	-1	1	1	-2	-2	-2	-1	0	0	-1	-1	1	-3	-3	-1	-1	0	0	-2	-2	-2	0	0	-3	-3	1	
-5	3	-11	-11	-1	-1	-3	-3	-3	-1	-3	2	2	-3	-3	-4	3	-4	-4	4	4	-2	1	1	-8	-8	2	-2	1	-2	-1	-1	-4	-4	4	-5	-5	1	3	-1	2	-2	-2	0	-1	-1	-6	-6	-2	2	1	0	0	0	-3	0	0	0	0	-3	2	-1	-3	1	1	-3	-3	-4	5	5	-2	-2	0	0	-4	0	-2	2	-8	0	0	3	-3	-1	1	0	0	-2	2	0	1	1	-2	-2	-4	7	7	-3	-3	0	0	2	2	0	0	-3	-6	-6	-3	-3	1	-5	-7	3	3	-1	-1	-4	-4	1	1	3	1	-3	-5	-5	1	0	6	6	-8	-8	0	-2	-2	1	1	1	1	-2	-2	-2	-3	0	0	0	-10	-10	-1	0	1	1	-1	-1	1	-1	-1	0	0	1	-5	-1	-2	-2	2	2	-5	-5	3	3	-1	-2	0	-2	-2	-1	-1	-7	-1	-1	1	-3	-3	-2	-2	-3	2	2	0	0	1	1	-1	-1	1	-3	-3	-5	-5	0	
-6	3	-35	-35	-1	-1	-5	-5	-5	1	-3	-11	-11	3	3	3	-5	-1	-1	3	3	11	2	2	-46	-46	11	-18	4	5	6	6	-13	-16	22	-15	-15	0	11	7	2	1	1	-3	-13	-2	-8	-8	1	0	7	2	5	5	-20	-2	4	4	4	0	-6	8	8	3	3	-15	-7	12	7	7	-7	-7	8	8	-8	-4	-4	6	-18	10	10	-3	0	5	3	-4	-4	3	3	2	-14	-14	-1	-1	-17	15	15	-7	-7	5	5	2	2	-3	-3	-3	7	7	-4	-4	7	-12	-7	-18	-18	-6	-6	-5	-5	2	2	23	-9	1	-7	-7	-1	-1	-4	-4	-14	-14	-1	3	3	18	18	19	-15	-3	-4	-4	1	-11	6	6	-37	-37	3	-5	7	7	-12	0	-10	1	1	2	2	-3	-8	7	3	3	2	2	1	1	21	21	-2	0	10	-11	-11	0	0	-41	-5	-5	9	3	3	1	1	-15	24	24	-4	-4	3	3	11	11	-5	-4	-4	-8	-8	-5	
-6	8	-2	-2	-16	-16	-5	-5	-5	-2	6	12	12	-4	-4	-5	1	-6	-6	-2	-2	3	4	-1	-13	-13	-6	-1	3	-2	3	3	-1	-4	14	-12	-12	0	-3	-4	0	-3	-3	0	1	4	-8	-8	-5	0	0	0	3	3	14	-1	-6	-2	-2	-5	-1	3	2	-2	-2	0	1	2	-2	-2	0	0	1	1	-2	-9	-3	-9	-1	-4	-4	0	4	2	0	-3	-3	0	2	-1	-4	-4	2	2	-3	18	18	-9	-9	0	0	-1	-1	-13	-13	-4	-3	-3	0	0	4	-11	1	-3	-3	-2	-2	-5	-5	-1	-1	9	-5	0	-7	-7	20	-1	6	6	-11	-11	-3	5	5	-2	-2	-1	-6	-1	-4	-4	3	12	6	6	-8	-8	-4	-4	4	4	-6	-4	-3	-2	-2	-2	-2	12	-2	-7	-5	-5	-3	-3	-13	-13	-2	-2	3	-3	3	0	0	1	1	-4	-9	-9	-2	-1	-1	3	3	4	-6	-6	-3	-3	-1	-1	-1	-1	0	0	0	-2	-2	2	
0	0	-3	-3	-2	-2	-2	-2	-2	-3	-1	-1	-1	0	0	-3	-2	-4	-4	2	2	-1	0	-3	-4	-4	-1	-2	1	-1	1	1	0	1	0	-2	-2	-2	-2	-1	-2	0	0	-1	-2	-2	-1	-1	-2	-1	0	0	-1	-1	0	-1	-2	-2	-2	-1	0	0	-1	1	1	-2	-1	-1	0	0	0	0	-1	-1	-3	-3	-1	-2	0	-1	-1	-1	-2	1	0	-2	-2	-2	1	-3	-1	-1	0	0	0	1	1	-2	-2	0	0	-1	-1	-4	-4	-2	0	0	0	0	2	0	0	-2	-2	-2	-2	-3	-3	0	0	0	-1	-2	-2	-2	3	-1	0	0	-3	-3	-2	0	0	-2	-2	-3	-1	0	-1	-1	0	0	3	3	-4	-4	-1	-1	0	0	-2	-2	-2	-3	-3	0	0	0	-2	-1	-1	-1	-1	-1	-3	-3	-1	-1	0	-2	0	-2	-2	1	1	-1	-4	-4	0	-1	-1	-3	-3	0	-3	-3	0	0	1	1	-2	-2	-2	-1	-1	-1	-1	-1	
-3	-2	0	0	0	0	-1	-1	-1	-3	-1	-1	-1	0	0	-1	0	-2	-2	-1	-1	-1	0	-4	-1	-1	-2	-1	0	-2	0	0	0	0	1	-3	-3	-3	-4	0	-2	-1	-1	-2	0	-1	-1	-1	-3	-2	-1	-1	-1	-1	1	-2	-1	-2	-2	-2	2	-2	-1	0	0	-1	-2	-1	0	0	0	0	1	1	-1	-1	-4	-1	1	-2	-2	1	-1	-1	-1	-1	-1	-1	1	-1	-1	-1	-1	-1	-2	-1	-1	-2	-2	0	0	-2	-2	0	0	-3	0	0	-1	-1	-2	-2	-1	-1	-1	-1	-1	-1	-1	-4	-4	0	-1	-1	-1	-1	1	0	2	2	-3	-3	0	0	0	-2	-2	-2	0	-1	-2	-2	-1	-1	2	2	-1	-1	-2	-1	-3	-3	0	-2	-4	-1	-1	-2	-2	1	-2	-1	-2	-2	0	0	-3	-3	-1	-1	0	-2	0	-2	-2	0	0	0	0	0	2	-1	-1	0	0	0	-3	-3	-3	-3	-1	-1	0	0	-1	0	0	-1	-1	-1	
0	-1	-1	-1	0	0	0	0	0	-2	-2	-2	-2	0	0	-1	-3	-1	-1	1	1	0	-1	0	-2	-2	-2	2	2	-3	0	0	-2	1	-1	0	0	-4	0	0	0	0	0	-2	0	-1	1	1	-3	-1	0	-2	-1	-1	-1	-2	-1	-1	-1	-2	-1	-1	-1	0	0	0	-1	-3	-1	-1	0	0	1	1	-3	1	-3	-1	2	-3	-3	-2	-1	-1	-1	-2	-2	0	0	0	-1	-1	1	1	-2	-2	-2	2	2	-3	-3	0	0	-2	-2	-2	0	0	-1	-1	-2	-2	-2	-1	-1	0	0	-4	-4	-1	-1	-1	-1	1	-2	-2	0	-1	1	1	-3	-3	-1	-2	-2	-1	-1	-5	-1	1	0	0	-1	1	1	1	-1	-1	-1	-1	-3	-3	-3	-3	-1	1	1	-1	-1	1	-1	-1	-2	-2	-1	-1	-2	-2	-1	-1	-2	-3	-1	-2	-2	-1	-1	1	-1	-1	-2	-1	-1	1	1	-2	-2	-2	-3	-3	0	0	1	1	0	1	1	-2	-2	0	
-2	-1	0	0	-1	-1	-2	-2	-2	1	-1	0	0	-1	-1	-3	-1	-1	-1	2	2	-1	0	-1	-1	-1	-1	0	0	-3	0	0	-2	-1	0	-1	-1	-1	-1	-1	-1	0	0	-1	-2	-1	0	0	-2	-2	-1	0	-2	-2	0	-2	-2	-1	-1	-1	1	-2	-1	-1	-1	-2	0	-3	0	0	0	0	0	0	-2	-3	-2	-3	0	1	1	-1	-1	-1	1	-1	-1	-2	0	0	1	1	-1	-1	-2	-2	-2	0	0	-3	-3	-2	-2	1	1	0	0	0	-2	-2	0	-1	-2	-1	-1	0	0	-2	-2	-2	-2	2	-1	-2	-2	-2	0	-1	-1	-1	-1	-1	-2	-1	-1	-1	-1	-1	0	-1	2	2	-3	0	1	1	-3	-3	-1	-4	-1	-1	0	-1	-2	-3	-3	1	1	-2	1	-1	0	0	0	0	-2	-2	-2	-2	0	-2	-1	0	0	-1	-1	-1	-1	-1	0	-1	-1	-1	-1	0	-3	-3	-1	-1	0	0	1	1	-1	-2	-2	0	0	-2	
Trial:12
0	0	-3	1	1	1	0	-4	-1	-1	-2	-1	1	-4	0	0	1	-3	3	-2	-2	-1	-1	-1	0	-2	-2	-3	-3	-1	-4	-4	-4	-4	-1	2	-1	-6	-6	2	2	-2	-2	1	1	-5	1	8	-1	-1	0	1	0	3	3	-5	-5	-6	-6	1	-3	0	4	4	-5	-5	-5	-1	-2	-2	0	0	3	-1	4	-4	-4	-1	-3	-5	3	3	-1	-2	2	-9	3	3	0	-3	-4	-3	-3	-2	-9	-5	1	-2	-2	-2	-2	-1	4	4	1	-2	-3	0	0	0	0	-11	-11	0	0	1	1	-3	-4	-4	0	0	-2	0	-1	2	2	-12	-12	5	5	2	2	-1	2	2	6	6	-1	0	-2	-2	-2	4	-2	-4	4	1	1	4	3	3	-1	-1	-7	-1	-5	-5	-3	-3	-2	2	-2	-2	-2	-6	1	2	-2	-2	-2	0	-3	-1	-1	0	0	-1	-1	-1	-1	1	1	-2	0	0	0	2	-1	-4	-4	-3	-3	0	-6	-4	-4	1	1	1	
8	0	-2	1	1	1	1	-7	-2	-2	-2	0	-2	-4	3	3	-2	-7	1	1	1	-4	-4	0	2	-5	-5	-3	-3	-2	-1	-1	6	6	-1	-3	-2	-7	-7	2	2	-11	-11	-1	-1	-4	-3	9	4	4	-3	-10	0	3	3	10	10	-11	-11	-10	1	2	-8	-8	-2	-2	-5	6	-2	-2	3	-2	0	0	5	4	4	-1	-6	-9	-1	-1	3	-1	0	-6	6	6	2	-3	4	-6	-6	0	-3	-9	5	-6	-6	-4	-3	0	2	2	6	0	-3	3	3	3	3	-7	-7	0	0	0	0	-3	-3	-3	-6	-6	-2	0	-1	-1	-1	1	1	3	3	-3	-3	-3	-1	-1	1	1	-4	-1	0	1	1	3	0	-4	4	0	0	3	-3	-3	0	0	-6	1	-4	-4	-3	-3	3	-1	1	4	4	-14	-2	9	-1	-1	-1	-4	-5	-5	-5	-3	-3	8	8	-4	-4	1	1	-3	-2	-2	-8	2	1	-2	-2	0	0	-1	-10	0	0	-1	-1	6	
9	-10	4	0	0	10	2	-9	-7	-7	-9	5	0	-8	11	11	-6	6	4	0	0	-12	-12	12	-1	-4	-4	-6	-6	7	-3	-3	8	8	-7	-13	2	-17	-17	-1	-1	-2	-2	4	4	13	-11	7	13	13	-9	8	13	1	1	-10	-10	-23	-23	-15	1	9	-16	-16	-4	-4	14	8	-5	-5	2	-2	-19	1	13	2	2	8	-5	10	-3	-3	1	-4	-11	0	-10	-10	0	5	10	-8	-8	10	-7	1	-16	-16	-16	0	-5	-8	4	4	5	0	-2	0	0	3	3	-13	-13	5	5	-3	-3	4	11	11	-26	-26	0	-8	12	-5	-5	-8	-8	11	11	-13	-13	-9	-14	-14	11	11	-1	2	1	2	2	1	7	-2	10	-3	-3	13	-13	-13	14	14	-24	4	12	12	-3	-3	1	-7	-2	16	16	-26	3	2	5	5	5	-1	6	-4	-4	-2	-2	3	3	-7	-7	2	2	-2	-10	-10	-23	5	3	10	10	7	7	0	-31	2	2	-4	-4	2	
-4	2	2	3	3	12	2	-19	-4	-4	-4	1	2	-6	6	6	1	-2	16	-7	-7	-4	-4	10	5	-1	-1	-9	-9	-3	-4	-4	-8	-8	-3	-5	12	-8	-8	0	0	-3	-3	11	11	-4	-5	3	0	0	-4	1	-2	-8	-8	-4	-4	-5	-5	-9	3	2	-1	-1	0	0	1	2	-4	-4	-4	2	-2	3	-11	0	0	5	0	3	3	3	2	-9	3	-7	-3	-3	2	0	2	-6	-6	6	-5	-6	1	-5	-5	0	-3	10	-8	-8	0	-1	-3	-1	-1	3	3	-2	-2	1	1	-7	-7	-5	10	10	-4	-4	-4	-2	14	-7	-7	1	1	-3	-3	-13	-13	-4	-1	-1	2	2	0	-3	-4	-3	-3	-3	1	1	0	-1	-1	1	-4	-4	13	13	-9	4	-2	-2	-3	-3	-1	-1	0	-7	-7	-6	-4	2	3	3	3	-2	8	-7	-7	3	3	-2	-2	-6	-6	5	5	0	-1	-1	-6	3	-3	-11	-11	1	1	-3	0	5	5	1	1	8	
-2	-2	-3	0	0	2	-1	-2	-4	-4	-2	-2	1	-1	0	0	2	-2	0	-2	-2	-3	-3	0	1	-1	-1	-4	-4	-1	-1	-1	-2	-2	-3	-2	0	-3	-3	-1	-1	1	1	-3	-3	-1	-2	1	0	0	-1	0	0	-2	-2	-1	-1	-1	-1	-2	-2	1	-2	-2	-3	-3	-2	-2	-2	-2	-1	-1	-1	-2	-3	-1	-1	0	-2	-1	0	0	1	-3	-4	-1	-3	-3	0	-3	0	-2	-2	2	-4	-2	-1	0	0	-1	-1	-2	-1	-1	-1	-2	-1	1	1	0	0	-1	-1	-2	-2	-4	-4	-1	3	3	-3	-3	-2	0	0	-2	-2	-1	-1	-1	-1	0	0	-3	0	0	-1	-1	-3	-2	0	0	0	-2	1	2	0	-1	-1	-1	-1	-1	1	1	-4	-1	-1	-1	-1	-1	-1	-2	-1	0	0	-3	-2	0	-1	-1	-1	-1	-1	-2	-2	-1	-1	-1	-1	-1	-1	1	1	-1	-2	-2	0	-1	-1	-2	-2	0	0	-1	-3	-1	-1	-2	-2	0	
0	0	-2	0	0	0	-1	-4	-2	-2	-3	0	0	-2	0	0	1	-2	-1	0	0	-1	-1	-1	0	-2	-2	-2	-2	0	0	0	-2	-2	-1	-1	-1	0	0	-2	-2	-1	-1	-2	-2	-1	-2	1	1	1	-1	1	0	-3	-3	-1	-1	-4	-4	-1	0	-1	0	0	-2	-2	-2	-1	-1	-1	-1	-1	0	0	-1	0	0	1	-3	-1	-1	-1	-1	0	0	-1	-1	-1	0	-3	0	-1	-1	0	-1	-3	-1	-4	-4	0	-2	-1	-3	-3	1	-2	-1	-2	-2	0	0	-1	-1	0	0	-2	-2	-1	0	0	0	0	-1	0	-1	0	0	-1	-1	-1	-1	-1	-1	0	-1	-1	-2	-2	-1	0	-2	0	0	-2	0	0	-1	-1	-1	-2	-1	-1	0	0	-2	0	0	0	0	0	-2	-2	-1	-1	-1	-4	-1	0	0	0	0	-2	-3	0	0	0	0	-1	-1	-4	-4	1	1	-2	0	0	0	-2	-2	-3	-3	-1	-1	0	-3	0	0	-2	-2	0	
1	0	-3	0	0	1	0	-2	-2	-2	0	-1	0	-3	1	1	1	-2	0	-4	-4	2	2	0	0	-1	-1	-4	-4	-3	-3	-3	-3	-3	1	-3	-1	-1	-1	1	1	-2	-2	0	0	2	-1	1	0	0	-2	0	-1	-2	-2	-2	-2	-3	-3	1	0	1	0	0	-4	-4	-1	-2	-2	-2	-3	1	0	-2	-1	0	0	0	-1	-1	1	1	-2	-2	-1	-2	-1	-1	-1	-3	-1	-4	-4	-1	-3	-1	-1	-1	-1	-1	-1	0	-1	-1	0	-1	-2	-1	-1	2	2	-1	-1	-1	-1	-4	-4	2	-1	-1	-2	-2	0	1	-2	-2	-2	-1	-1	0	0	-1	-1	-2	-2	-2	0	0	1	0	0	-2	-2	-1	0	1	0	-3	-3	-1	-4	-4	0	0	-2	0	0	0	-1	-1	-1	-2	0	-1	-1	-2	-2	-1	0	0	0	3	-4	-2	-2	-2	-2	-1	-1	-1	-1	1	1	-3	-1	-1	-1	0	-1	-1	-1	-1	-1	-1	-2	0	0	0	0	0	
0	1	-2	0	0	-2	-1	-3	-3	-3	0	-2	0	-1	0	0	-1	-1	1	-2	-2	0	0	0	0	0	0	-3	-3	-2	-1	-1	-1	-1	-1	-1	0	-2	-2	0	0	-2	-2	-3	-3	1	-3	-1	1	1	-1	2	1	0	0	-2	-2	-2	-2	-1	-3	0	-2	-2	-2	-2	-2	0	-2	-2	0	-2	0	-2	-1	0	0	0	0	0	-1	-1	0	-1	-3	-1	-3	-3	-2	0	-2	-1	-1	1	-2	-2	-1	-1	-1	0	-2	-1	-2	-2	0	-3	0	-1	-1	0	0	-3	-3	-2	-2	-1	-1	0	1	1	-2	-2	-1	-2	-2	-1	-1	-4	-4	-1	-1	2	2	-2	0	0	1	1	-2	0	-1	-4	-4	0	-2	0	0	-1	-1	-1	-1	-1	-2	-2	-2	2	0	0	-1	-1	0	-2	-1	-4	-4	-1	-1	-2	-1	-1	-1	-1	0	-1	-1	0	0	-2	-2	-1	-1	1	1	-1	-2	-2	-1	1	-1	-1	-1	-1	-1	0	-2	0	0	-2	-2	-1	
Trial:13
-5	2	4	-1	-1	-3	0	-2	-3	1	1	-1	0	1	-3	-3	0	-2	5	5	1	1	-1	-1	-2	-3	-3	-2	-2	1	-1	-1	-1	-3	-3	-1	-2	-2	-2	-2	0	-3	-3	-3	-3	-3	3	-2	-2	1	1	-9	3	3	-4	1	1	0	-2	-2	1	1	-1	-1	-4	0	0	-1	5	2	0	0	0	-5	-6	-1	3	3	-1	-6	-2	-1	-1	-1	-2	-1	-1	-6	-6	0	-1	1	-3	-3	2	-2	-2	-1	0	0	0	1	0	-1	-1	-3	-3	2	2	0	0	-2	-2	0	-2	-2	0	0	0	0	1	1	-2	0	-5	4	4	-3	-3	-1	0	0	-3	-3	-1	2	-1	0	0	0	-1	-7	-7	3	3	-1	-2	-1	1	1	0	2	-1	1	-1	-1	-1	-9	-1	-1	-1	-2	1	-4	-1	-1	-1	0	0	0	-2	-2	2	-3	-2	4	-1	-3	-3	-3	0	1	1	-1	0	-1	0	0	0	0	1	1	-1	-1	-3	-3	1	-3	-3	-3	
-5	6	-3	-5	-5	0	0	-7	-6	3	3	3	0	0	-6	-6	0	-6	6	6	1	1	-3	-3	0	1	1	-2	-2	3	-4	-4	-4	-10	-10	-4	-2	-2	5	5	-3	0	0	0	-3	-3	-1	-1	-1	3	3	-8	4	4	-1	4	4	3	-2	-2	-11	-11	0	-2	-3	-2	-2	1	2	-2	-2	-2	-2	3	-6	0	0	0	-2	0	-5	1	0	0	-8	4	0	-3	-3	-2	-2	5	-10	-10	1	2	2	-2	2	2	-2	-3	0	3	3	1	1	4	4	0	0	-4	-4	-5	-5	-5	2	2	-2	-2	3	3	0	1	-6	1	1	5	5	0	-1	-4	0	0	-3	2	-2	-12	-12	-3	-5	-5	-5	13	13	-8	-1	-1	3	3	0	-3	-2	-1	-7	-1	3	-8	1	2	2	-1	2	-6	-1	-1	-1	-1	0	0	-3	-3	0	1	1	-1	6	-6	-6	-3	-2	-3	-3	-2	4	-2	2	2	-3	5	-1	-1	0	0	-4	-4	3	3	3	0	
-9	17	-12	-4	-4	2	3	-16	-15	15	15	0	-13	5	-6	-6	15	-9	2	2	-16	-16	-4	-4	15	-6	-6	2	2	14	-9	-9	-9	-11	-11	-10	-4	-4	0	0	3	6	6	6	-10	-10	-1	-6	-6	14	14	-12	7	7	-5	-4	-4	14	-7	-7	-8	-8	5	-21	-5	-4	-4	10	-6	-10	-13	-13	-13	30	-6	0	3	3	-15	11	-13	-3	-25	-25	-17	7	11	-2	-2	-14	0	25	-28	-28	11	15	15	-4	16	16	-10	2	2	7	7	-17	-17	9	9	6	6	0	0	-3	-4	-4	5	5	6	6	10	10	-14	-2	-4	-11	-11	17	17	-2	-14	0	3	3	-6	14	-1	-5	-5	8	-2	-9	-9	3	3	6	3	-13	4	4	2	2	-6	4	-48	15	19	-12	-3	6	6	-23	7	19	-1	-1	-1	2	-7	-7	0	0	8	0	-2	-1	21	-2	-2	-1	-2	-15	-15	1	12	10	3	3	-11	15	-3	-3	6	6	-15	-15	6	8	8	-18	
-6	7	-1	0	0	-2	-1	-8	3	4	4	-3	-12	4	0	0	5	-5	2	2	-9	-9	0	0	2	1	1	4	4	-2	-1	-1	-1	-4	-4	-6	-6	-6	4	4	2	-4	-4	-4	-2	-2	7	-5	-5	4	4	-11	5	5	-4	1	1	-2	-5	-5	1	1	-2	2	-3	-3	-3	6	1	-3	0	0	0	-2	1	-4	5	5	-2	0	-1	-4	-1	-1	1	4	3	-1	-1	-6	-9	6	-11	-11	6	2	2	-7	0	0	-4	-3	4	0	0	-2	-2	2	2	5	5	-4	-4	-10	-2	-2	1	1	2	2	12	12	-6	-2	-4	3	3	-1	-1	-7	-2	-1	-2	-2	-9	-1	-3	2	2	0	-1	-4	-4	14	14	0	-3	-4	0	0	1	4	-3	-2	-5	8	-2	-1	5	-3	-3	0	-1	-3	-13	-13	-13	2	2	2	-6	-6	3	9	-1	-1	0	-4	-4	1	0	2	2	0	1	2	4	4	-19	8	-5	-5	5	5	-6	-6	8	0	0	-2	
0	0	0	0	0	-2	0	-2	-1	-1	-1	-1	-1	-2	-1	-1	1	-2	1	1	-1	-1	-3	-3	0	-1	-1	-3	-3	-2	1	1	1	-3	-3	-1	0	0	1	1	1	-1	-1	-1	-2	-2	2	-3	-3	-1	-1	-2	-3	-3	-2	1	1	-3	-3	-3	-1	-1	-1	-1	0	-2	-2	2	1	-3	0	0	0	-1	-1	-1	0	0	-1	-2	-1	-2	0	0	-1	2	-4	1	1	-2	-1	0	-4	-4	3	-1	-1	-1	-2	-2	-3	-1	0	-1	-1	2	2	-1	-1	-2	-2	-1	-1	-1	1	1	0	0	-1	-1	-2	-2	-1	2	-2	0	0	-2	-2	-2	1	-3	-1	-1	-2	-1	-1	1	1	-2	-1	-1	-1	-2	-2	0	-1	-1	-2	-2	1	0	-1	-3	-2	2	-2	-1	-2	-2	-2	0	-2	-1	-2	-2	-2	-1	0	0	-2	-2	-2	-3	-1	-2	-3	-2	-2	2	2	-1	-1	0	-2	-1	0	0	-3	1	-1	-1	2	2	-2	-2	-1	0	0	-3	
-1	-2	-2	-3	-3	-1	-2	0	-1	0	0	-1	0	0	-2	-2	-1	-4	-1	-1	0	0	0	0	-1	0	0	-2	-2	-1	-1	-1	-1	-1	-1	-1	-1	-1	1	1	0	-4	-4	-4	0	0	0	-3	-3	-1	-1	-2	-2	-2	-1	0	0	-2	-1	-1	-1	-1	-2	1	0	-1	-1	0	0	-2	-1	-1	-1	-1	-1	-2	-1	-1	2	-1	0	0	-1	-1	-1	-1	-2	-1	-1	-2	-2	-1	-4	-4	2	-1	-1	-1	-1	-1	-1	1	-1	-1	-1	0	0	0	0	-2	-2	-2	-2	-1	-1	-1	0	0	-1	-1	-1	-1	-2	0	-2	0	0	-2	-2	0	0	-2	0	0	-1	-1	-1	0	0	-3	-3	-1	-1	-1	-1	1	-2	-1	-2	-2	1	0	-3	-1	0	0	0	-4	-1	0	0	-1	-1	-1	-2	-2	-2	0	0	0	-3	-3	-1	0	-2	-1	-1	0	0	-2	-3	-1	-1	-3	-1	-1	1	1	-2	1	-3	-3	2	2	-2	-2	-1	-2	-2	-1	
-2	0	0	-3	-3	-2	1	-2	-1	-2	-2	0	1	1	-3	-3	-1	-2	-1	-1	0	0	-2	-2	0	0	0	-1	-1	-2	-1	-1	-1	-4	-4	-2	-2	-2	-1	-1	0	-1	-1	-1	-3	-3	3	-1	-1	-1	-1	-2	-2	-2	-1	1	1	-1	0	0	-1	-1	-2	1	-2	-2	-2	-3	2	-2	2	2	2	-2	-1	-1	0	0	1	-3	-2	0	0	0	-1	0	0	-1	-1	-2	-1	-1	-3	-3	2	-1	-1	0	-2	-2	-1	-1	-1	1	1	1	1	0	0	-1	-1	-2	-2	-2	-2	-2	0	0	0	0	-3	-3	-2	-2	1	-1	-1	-1	-1	-1	0	-3	-1	-1	-1	-3	0	0	0	-1	-2	-4	-4	0	0	-1	0	-2	-2	-2	1	1	-1	-1	-1	-2	2	0	-3	-2	-2	-2	-1	-1	-3	-3	-3	2	-1	-1	0	0	0	-1	-1	-1	-1	-2	-2	-2	-2	-2	-2	-2	0	1	0	0	0	1	-1	-1	2	2	-2	-2	-3	-1	-1	-2	
-2	-1	-2	-1	-1	-1	0	0	1	0	0	1	2	-1	-2	-2	0	-2	-1	-1	2	2	-3	-3	-1	-3	-3	0	0	-1	-1	-1	-1	-1	-1	-3	-1	-1	1	1	0	-1	-1	-1	0	0	2	-3	-3	-1	-1	-3	-1	-1	-2	-1	-1	0	-1	-1	1	1	-3	-1	-1	-1	-1	0	-1	-2	-1	-1	-1	0	-2	-2	-2	-2	-2	-1	-2	-3	1	1	0	0	-1	-1	-1	-2	0	-1	-2	-2	-2	-1	-1	-1	-1	-1	-1	-1	0	-2	-2	0	0	0	0	-2	-2	-1	-1	0	0	0	2	2	-1	-1	-2	-2	0	-1	-3	-1	-1	-2	-2	0	1	-1	-1	-1	-2	-2	-1	0	0	-1	-2	-1	-1	-1	-1	-1	-2	-1	-2	-2	1	0	-1	-2	0	0	-2	-4	-1	-3	-3	0	0	-2	-1	-1	-1	-1	-1	-1	0	0	1	-2	-4	1	1	-2	-2	-2	-1	-2	-2	0	-1	-1	0	0	-2	1	-1	-1	0	0	-2	-2	0	-2	-2	-1	
Trial:14
1	1	-2	2	-5	0	-4	-4	-4	-2	-2	0	-1	-1	-1	1	1	-1	2	2	0	0	1	-3	-3	-3	-3	-3	-2	0	0	0	0	-3	1	1	-2	-2	-2	-5	-12	-12	2	2	1	1	1	-2	2	2	3	-5	-5	2	2	0	-4	-4	1	2	2	2	-1	-1	-2	-2	-1	-3	-3	-3	2	-5	-5	-3	-3	2	2	-3	2	-3	-1	-1	1	3	-3	-3	-3	-3	-1	3	0	-1	-1	-1	-3	-3	-3	-2	-2	-2	-2	0	4	4	1	1	1	-2	-2	-2	3	3	1	-4	-4	-2	-2	-2	-3	-3	0	0	1	0	-2	-2	-3	-3	1	-2	-2	3	3	-1	-2	-12	-12	2	2	0	0	0	1	1	0	1	3	1	1	0	1	1	1	-3	-3	-3	7	-2	0	0	-1	-2	-2	2	1	1	-1	-1	-3	-3	-3	1	-2	-1	-1	-1	-1	7	-3	2	-2	-2	-4	-1	-2	-2	-2	-3	-3	-1	-1	2	2	-7	-7	-1	4	4	-1	-1	
4	4	3	7	-3	-1	-1	-1	-1	-6	-6	4	-3	-3	2	-1	-1	-4	5	5	-3	-3	-1	-3	-3	-3	-1	-1	-2	-4	-4	-1	-1	2	4	4	-4	-4	-1	-4	2	2	-1	-1	1	-4	-4	0	1	1	3	0	0	3	3	-5	-3	-3	0	-2	-2	-1	-1	-1	3	3	-1	-5	-5	-3	0	-4	-4	-2	-2	0	0	-4	4	1	-5	-5	1	0	-4	-4	0	0	-1	2	3	0	0	-5	-1	-2	-2	0	0	-3	2	-1	13	13	1	1	1	-3	-2	-2	3	3	-2	-3	-3	-3	-3	-3	-5	-5	-5	-5	6	2	-1	-1	0	0	1	-3	-3	0	0	-3	3	-3	-3	-1	-1	-1	-2	-2	0	0	-1	-3	3	-2	-2	-3	-3	6	6	-3	-3	-5	4	-5	-4	-4	0	-3	-1	-8	-3	-3	0	3	-1	0	0	7	-1	-1	-1	-6	-6	4	-2	-2	0	0	-1	0	-1	0	0	-4	-4	2	2	0	0	-11	-11	1	2	2	-2	-2	
13	13	18	9	-9	-20	10	0	0	-8	-8	11	-8	-8	6	9	9	-10	18	18	-23	-23	0	0	0	0	-3	-3	-2	-7	-7	-2	-2	1	11	11	2	2	8	-1	9	9	0	0	1	-22	-22	7	5	5	3	7	7	5	5	-4	1	1	3	-11	-11	-12	-11	-11	16	16	0	-3	-3	2	-1	3	3	1	1	5	5	-3	11	12	0	0	5	-5	-24	-24	-8	-8	2	-5	-1	5	5	-5	3	4	4	-15	-15	6	21	4	12	12	0	0	0	-7	8	8	18	18	-15	4	4	-6	-6	-6	-9	-9	-22	-22	13	13	-7	-7	6	6	11	4	4	-7	-7	-3	14	-5	-5	5	5	-31	5	5	13	13	-2	-5	0	-2	-2	-6	-13	16	16	-4	-4	-13	-9	-12	-9	-9	0	-10	1	-1	1	1	-1	5	-9	2	2	21	2	2	2	-12	-12	14	12	-3	1	1	1	-1	5	9	9	-28	-28	0	0	2	2	-13	-13	12	9	9	-4	-4	
1	1	0	10	-14	10	0	5	5	-4	-4	13	-5	-5	-4	4	4	-4	12	12	-3	-3	-2	-12	-12	-12	-1	-1	-4	1	1	-2	-2	-1	3	3	-2	-2	-2	-2	3	3	-9	-9	-4	-11	-11	1	-1	-1	7	3	3	2	2	7	12	12	2	-6	-6	0	-3	-3	9	9	-6	-6	-6	-1	1	-5	-5	-4	-4	1	1	-5	3	-5	-5	-5	-3	3	-9	-9	0	0	-4	-3	-3	-1	-1	5	-9	4	4	-6	-6	3	1	-4	-2	-2	-5	-5	-5	-2	5	5	16	16	-8	0	0	-3	-3	-3	-7	-7	-1	-1	0	1	-5	-5	-2	-2	5	9	9	-6	-6	-1	4	-3	-3	-1	-1	-6	1	1	0	0	-3	-5	6	-6	-6	-6	-6	-3	-3	-5	-5	-6	6	-5	2	2	7	0	-3	-1	2	2	0	-10	-2	-5	-5	6	-3	5	5	-8	-8	5	3	-2	1	1	-8	-5	2	3	3	-14	-14	-2	-2	2	2	-3	-3	0	5	5	-1	-1	
0	0	1	2	-4	1	-1	-1	-1	-2	-2	-1	-1	-1	-2	0	0	1	0	0	-1	-1	2	-3	-3	-3	-3	-3	0	0	0	-2	-2	-1	1	1	0	0	0	-4	0	0	-3	-3	-2	-2	-2	0	-2	-2	0	1	1	0	0	2	-2	-2	1	-3	-3	-1	0	0	-1	-1	-1	-2	-2	-1	1	-2	-2	-3	-3	0	0	-1	3	-4	-1	-1	0	-1	-4	-4	1	1	0	0	0	-2	-2	1	-2	2	2	-1	-1	1	-2	-4	0	0	-1	-1	-1	-4	-3	-3	0	0	-2	0	0	-1	-1	-1	-5	-5	3	3	1	-1	-1	-1	0	0	0	0	0	-3	-3	0	-1	-1	-1	0	0	-2	-1	-1	1	1	-2	-2	2	-2	-2	-3	-2	-1	-1	-1	-1	-2	1	-3	0	0	1	0	-3	-3	0	0	-1	0	-1	-3	-3	-1	-1	-5	-5	0	0	2	0	0	1	1	-1	-2	-1	0	0	-2	-2	-1	-1	3	3	-3	-3	0	0	0	-1	-1	
0	0	1	0	-3	0	-1	0	0	-2	-2	-1	-2	-2	0	1	1	-1	0	0	-2	-2	0	-2	-2	-2	-2	-2	-2	-1	-1	-1	-1	-2	0	0	-1	-1	0	-1	-1	-1	-2	-2	0	-2	-2	0	-2	-2	1	0	0	-1	-1	1	-1	-1	0	-1	-1	-1	-2	-2	-1	-1	0	-2	-2	0	-1	-2	-2	-2	-2	2	2	-2	1	-3	-2	-2	-1	1	-4	-4	0	0	-1	-3	-2	0	0	-2	0	0	0	-2	-2	-1	0	-1	-1	-1	0	0	0	-1	-2	-2	0	0	-1	-1	-1	0	0	0	-2	-2	0	0	0	-2	2	2	-1	-1	-2	-3	-3	-1	-1	0	-2	-1	-1	-1	-1	-2	-1	-1	0	0	0	-2	0	-3	-3	-3	-2	0	0	1	1	-1	1	-2	2	2	-2	-1	-2	-1	1	1	-3	0	0	-2	-2	-3	-2	-2	-2	2	2	0	-3	-1	0	0	-2	0	-2	1	1	-2	-2	-1	-1	2	2	-3	-3	0	0	0	-3	-3	
-1	-1	-1	1	0	-2	-2	-1	-1	-2	-2	1	0	0	-1	-2	-2	-3	0	0	-2	-2	2	-2	-2	-2	-1	-1	-3	-1	-1	-2	-2	0	1	1	-1	-1	-3	-2	-2	-2	-3	-3	-3	1	1	1	-2	-2	1	0	0	-1	-1	1	-3	-3	-1	-1	-1	1	0	0	-2	-2	-2	-4	-4	1	2	0	0	-1	-1	-1	-1	-1	2	0	-2	-2	-1	0	-1	-1	-1	-1	-1	0	-1	-2	-2	-1	0	0	0	1	1	-1	1	-4	-2	-2	-1	-1	-1	0	-2	-2	-1	-1	0	-2	-2	-1	-1	-1	0	0	0	0	-2	1	-2	-2	0	0	-3	-1	-1	-1	-1	-1	-3	-1	-1	1	1	0	-2	-2	1	1	-4	-2	0	-2	-2	-2	-2	0	0	-1	-1	-2	1	-3	-1	-1	0	0	-2	-2	-1	-1	0	-2	-2	-1	-1	-1	-1	-1	-1	1	1	-2	-2	0	-1	-1	-1	-2	-1	1	1	-4	-4	-1	-1	0	0	-2	-2	0	-2	-2	-1	-1	
0	0	-2	0	-3	-1	-1	-3	-3	-2	-2	-1	0	0	-2	-1	-1	-2	1	1	0	0	0	0	0	0	-1	-1	-1	-1	-1	-1	-1	0	0	0	-3	-3	-1	-1	-1	-1	-1	-1	-1	0	0	-2	-2	-2	-1	-1	-1	-1	-1	2	-2	-2	-1	-2	-2	1	0	0	0	0	-1	-2	-2	-3	0	-3	-3	-1	-1	0	0	0	1	-4	-1	-1	-2	1	0	0	-1	-1	-2	-1	0	0	0	-1	-1	0	0	-1	-1	-1	0	-2	1	1	-2	-2	-2	0	0	0	0	0	-3	0	0	-2	-2	-2	1	1	1	1	2	-1	-1	-1	-3	-3	0	-1	-1	0	0	-3	-1	-1	-1	-1	-1	-2	0	0	2	2	-1	-1	-1	-2	-2	-1	-3	0	0	-1	-1	-3	0	-2	0	0	1	0	-3	-1	0	0	1	-2	-3	-1	-1	-1	-2	-3	-3	-1	-1	1	-2	1	-2	-2	-3	0	-3	1	1	-2	-2	-1	-1	2	2	-3	-3	0	0	0	-2	-2	
Trial:15
-8	0	0	-3	2	3	5	5	-2	-2	-4	6	-2	-10	-1	-1	-1	0	0	-2	-2	0	-4	-1	-3	-3	-2	-4	-3	1	-5	-5	-1	-14	2	-2	-2	2	-1	-2	2	2	2	-2	1	-3	-1	0	-1	-3	0	0	-1	-1	1	-3	-2	0	0	-1	2	-11	-11	2	2	-2	1	0	2	2	7	7	-1	-2	-2	-2	-2	0	0	-2	-2	-1	-1	-1	-3	-3	-3	-3	1	1	-2	-2	-3	-3	3	-2	-1	-1	-2	-2	1	-13	-13	4	4	-1	1	1	-1	-1	-1	1	-2	-2	3	3	-1	1	1	-2	0	-1	1	-2	-2	-3	-3	9	-1	-1	-2	-2	-2	-2	-4	-4	1	1	-5	-1	-1	-2	-2	-2	-1	0	0	-1	-1	-2	-2	2	2	-2	-2	1	-5	0	-3	-3	-3	0	-4	-2	-2	-1	-4	2	-1	1	2	2	-3	1	-2	-2	-2	1	-1	-1	1	-1	-1	-2	-2	6	-1	-1	-2	-2	-1	-2	0	0	-6	-6	0	-2	-1	-1	
-5	-3	-3	-6	9	-4	5	5	2	2	-7	7	-4	-3	2	-1	-1	4	4	2	2	0	-1	1	-5	-5	0	-3	0	0	-2	-2	-1	-9	-1	-2	-2	3	-1	-5	-2	-1	-1	-3	-4	-6	1	3	-3	2	2	-2	0	0	-2	-6	1	-3	-3	-3	-1	-5	-5	-2	-2	-2	1	-1	3	3	4	4	-4	0	0	1	1	0	0	-11	-11	1	1	1	-2	-2	-3	-3	-4	-4	0	0	-1	-1	1	0	0	0	-1	-1	5	-4	-4	4	4	-1	0	0	-2	-2	-2	-1	0	0	0	0	-3	-2	-2	-5	2	-7	-2	-4	-4	-3	-3	2	-3	-3	-1	-1	-1	0	7	7	10	10	-2	-3	-3	-7	-7	-7	-3	-10	-10	-4	-4	3	3	-4	-4	-2	-2	-1	-1	-1	1	1	1	-1	-5	2	2	-1	-9	5	-1	0	2	2	-4	-2	3	0	0	-2	0	0	3	-5	-5	-2	-2	4	-4	-4	-1	-1	-2	0	-2	-2	-5	-5	0	-3	0	0	
-6	-27	-27	-9	30	-11	8	8	10	10	-3	8	-22	-13	10	0	0	8	8	10	10	-5	0	-8	-10	-10	-3	-10	8	-1	6	6	9	-7	-8	4	4	4	8	-14	-3	-2	-2	-23	-5	-5	4	-6	-2	10	7	-3	5	5	8	-18	6	-11	-11	-5	-3	-1	-1	-5	-5	-3	15	6	6	6	3	3	-35	8	8	0	0	8	8	-42	-42	8	8	18	-5	-5	7	7	-19	-19	1	1	-1	-1	6	3	-16	-16	4	4	16	-2	-2	22	22	9	-6	-6	-1	-1	-1	-4	-3	-3	5	5	0	-25	-25	-1	11	-27	-9	-9	-9	4	4	1	6	6	-3	-3	-3	3	13	13	3	3	10	1	1	-14	-14	-14	-10	-8	-8	-7	-7	7	7	-2	-2	-1	-1	-1	6	-16	6	6	6	-4	-5	6	6	9	-23	6	3	-4	-14	-14	5	-14	14	2	2	-7	-5	-5	6	-2	-2	9	9	-8	3	3	-1	-1	-7	-1	5	5	-3	-3	2	1	2	2	
-4	-7	-7	1	6	-7	2	2	1	1	-5	3	-11	-11	-2	-2	-2	6	6	-4	-4	3	-7	-4	-4	-4	-1	-6	12	-3	-5	-5	1	-6	-7	-2	-2	1	0	-6	-1	1	1	-11	1	-2	4	-2	0	-3	0	7	2	2	5	-6	-3	-3	-3	-3	0	1	1	1	1	-4	4	-2	1	1	1	1	-6	-2	-2	0	0	1	1	0	0	-3	-3	19	-8	-8	-3	-3	-3	-3	-5	-5	0	0	2	0	-2	-2	5	5	2	-5	-5	1	1	-5	-5	-5	3	3	3	-1	-1	-1	0	0	-1	-7	-7	-3	0	-7	-2	-4	-4	-2	-2	3	2	2	-5	-5	-5	1	1	1	3	3	-1	5	5	-5	-5	-5	-6	13	13	-8	-8	-1	-1	3	3	-15	-15	-2	-3	4	0	0	0	12	-8	1	1	-4	-3	3	-4	-5	-3	-3	-1	-3	2	-8	-8	8	-4	-4	-4	-2	-2	1	1	13	-6	-6	-4	-4	-5	-4	-11	-11	-3	-3	1	-3	3	3	
-3	-2	-2	-2	0	-3	1	1	0	0	1	0	-2	-1	-1	-2	-2	-1	-1	-2	-2	1	-2	0	-1	-1	-1	-3	0	2	-4	-4	-2	-4	-3	-1	-1	1	-3	-2	-1	0	0	-4	3	-1	-1	0	-1	-2	-1	2	1	1	-1	-1	-1	1	1	0	-1	-2	-2	1	1	-1	0	-1	0	0	-2	-2	-3	-1	-1	0	0	-2	-2	-1	-1	-1	-1	0	-2	-2	-1	-1	-1	-1	-4	-4	-1	-1	1	0	0	0	-1	-1	1	-3	-3	-2	-2	-1	-1	-1	-1	-1	-1	0	-1	-1	-1	-1	-3	-2	-2	-1	-1	-1	-2	-2	-2	-1	-1	0	-2	-2	0	0	0	-1	1	1	-1	-1	1	0	0	-3	-3	-3	-2	-1	-1	-3	-3	0	0	2	2	-2	-2	0	-2	0	-4	-4	-4	0	-3	-1	-1	0	-2	-1	-3	-2	2	2	-2	-1	-1	-3	-3	-1	0	0	-1	-4	-4	-1	-1	0	-3	-3	-1	-1	0	1	-3	-3	-1	-1	2	-1	-2	-2	
-2	-1	-1	-4	2	-4	1	1	-2	-2	0	-1	-2	-1	-1	0	0	1	1	-2	-2	-1	-1	-1	-2	-2	-1	-2	-2	0	-2	-2	0	-3	-2	-2	-2	0	-2	-2	-1	0	0	0	1	-1	-2	1	-2	-1	-1	1	-2	-2	0	0	-3	-1	-1	0	-1	-3	-3	3	3	0	0	-2	-1	-1	0	0	-4	-1	-1	-2	-2	1	1	-1	-1	-4	-4	-2	-2	-2	-2	-2	0	0	-1	-1	-1	-1	0	-2	0	0	-1	-1	-1	-1	-1	0	0	-3	-1	-1	-1	-1	-1	0	0	0	-1	-1	-1	-1	-1	0	-1	0	-1	-4	-4	0	0	-1	-1	-1	-1	-1	-1	-2	0	0	-1	-1	1	1	1	-3	-3	-3	-3	0	0	-2	-2	-1	-1	0	0	-1	-1	-1	-3	0	-2	-2	-2	-1	-1	-1	-1	-3	-3	-1	-1	-2	0	0	-1	-3	0	-2	-2	-2	-2	-2	1	-3	-3	0	0	-2	-1	-1	-3	-3	0	-1	-1	-1	-1	-1	-2	0	-1	-1	
-1	-3	-3	0	1	-1	-1	-1	-1	-1	-2	-2	-1	1	-2	0	0	0	0	-1	-1	0	0	0	-1	-1	-1	-2	0	0	-3	-3	-1	0	-1	-1	-1	-1	-2	-2	0	1	1	-3	-1	-1	-1	0	-2	-1	-1	0	-2	-2	0	-1	-3	0	0	0	0	1	1	0	0	-2	0	-1	0	0	-3	-3	-3	1	1	0	0	-1	-1	-3	-3	-3	-3	1	-2	-2	1	1	-1	-1	0	0	-2	-2	1	0	-1	-1	0	0	-4	0	0	0	0	-4	-2	-2	-1	-1	-1	0	-3	-3	0	0	0	0	0	1	-1	-3	0	-1	-1	-1	-1	-1	-1	-1	-2	-2	-2	-2	0	0	-2	-2	3	-2	-2	-1	-1	-1	-1	-3	-3	-1	-1	-2	-2	1	1	-3	-3	-1	-2	0	1	1	1	0	-2	1	1	-2	-2	2	-3	-1	-1	-1	1	-2	1	-3	-3	0	-2	-2	0	-4	-4	-1	-1	0	0	0	-1	-1	-2	-1	0	0	-1	-1	1	0	-2	-2	
-1	-2	-2	-1	-1	-1	-1	-1	-1	-1	-1	1	-3	-2	-3	-1	-1	2	2	-1	-1	1	-3	1	-1	-1	-2	-1	-1	-2	-3	-3	-2	-1	-2	-1	-1	1	1	0	-2	0	0	-1	0	-2	-1	1	-1	-2	-2	0	0	0	0	0	-2	-1	-1	0	-2	-2	-2	1	1	0	-4	-2	-2	-2	0	0	-1	-3	-3	0	0	-3	-3	0	0	-2	-2	-2	-3	-3	-1	-1	-1	-1	0	0	-1	-1	-1	-2	0	0	1	1	-1	-2	-2	-2	-2	-1	-2	-2	0	0	0	-1	-2	-2	0	0	-1	0	0	0	0	-1	-2	-1	-1	0	0	1	-1	-1	-1	-1	-1	-2	-1	-1	1	1	-2	-1	-1	0	0	0	-2	0	0	0	0	-2	-2	1	1	-3	-3	-2	-2	1	-1	-1	-1	-1	0	0	0	-3	-2	1	0	-2	0	0	-2	-1	0	-1	-1	0	1	1	0	-2	-2	-1	-1	0	0	0	-2	-2	-2	0	-2	-2	-2	-2	0	-2	-2	-2	
Trial:16
-1	-1	-1	-2	-2	-2	-2	0	0	0	2	0	1	-3	-3	0	0	-2	-3	-3	-2	-2	0	0	-2	-2	-1	-1	-4	0	1	0	0	0	0	-2	1	1	0	-2	-1	-1	0	0	-1	-3	-3	1	1	-1	-7	1	-3	-3	-1	-1	0	0	-1	-1	2	-1	-5	-6	-6	0	1	-1	-4	1	1	0	-3	5	1	1	-3	0	-2	-2	0	-2	0	-1	0	-3	-3	-2	1	1	-4	-4	-1	-1	0	0	0	-3	-3	0	0	0	0	-1	0	-3	-6	-6	2	2	0	-3	-1	-1	-1	1	-3	1	0	0	-5	-5	2	2	0	0	-2	1	0	5	5	-4	1	-2	-2	-5	-2	-6	0	0	0	0	0	0	-1	-2	2	-3	-4	1	-1	0	0	-2	-2	-1	-1	3	3	-6	-6	1	0	0	-2	-2	-1	-3	-3	-3	-1	-1	0	-1	-1	-2	0	2	-4	-2	-2	-2	-2	-1	-1	-1	0	0	-1	0	0	-1	-1	1	1	-1	-1	-2	-2	0	
1	-8	-8	-3	-3	-5	-5	2	2	-3	-1	-5	3	4	4	3	3	-3	-4	-4	-3	-3	-1	-2	1	1	-2	-2	-2	2	-4	-1	-1	1	-1	-2	2	2	1	-5	-3	-3	-2	-2	-1	-8	-8	2	2	2	-2	-3	0	0	3	1	0	0	5	5	-3	0	-7	-5	-5	0	3	-3	-5	1	1	-7	-6	4	1	1	-4	-1	1	1	0	-2	1	1	-2	-4	-2	-1	-4	5	-2	-2	-1	-3	2	-1	-1	-4	-4	-3	-3	2	2	-2	1	-5	-5	-5	2	2	-4	-6	1	-3	-3	-1	1	-2	-2	-2	0	0	3	3	-4	-4	1	1	0	-1	-1	1	-1	-4	-4	-1	-4	-3	-5	-5	2	2	2	1	-2	-3	0	-2	-8	-1	0	-4	-4	0	0	2	2	1	1	-5	-5	2	-3	-3	1	1	-1	2	0	0	-3	-3	3	4	4	-6	0	-2	-4	-1	-1	-3	-3	-4	0	0	-1	-1	-5	4	4	0	0	3	3	2	2	-6	-6	-1	
11	-12	-12	-12	-12	-18	-18	14	14	-2	-14	-9	5	7	7	14	14	-5	-10	-10	-8	-8	3	-8	8	8	0	0	-9	9	1	-5	-5	5	3	-19	5	5	-4	-3	-9	-9	-13	-13	10	-15	-15	9	9	-1	-3	-7	14	14	8	17	-3	-3	6	6	-8	2	-6	-4	-4	-24	8	7	-5	5	5	-4	-27	17	4	4	-4	-5	1	1	5	-8	10	7	-2	-2	-10	6	0	14	-6	-6	5	-10	-2	15	15	-15	-15	-5	-5	9	9	-8	11	-19	-19	-19	7	7	-13	-13	2	3	3	-6	-8	1	-6	-6	13	13	4	4	-6	-6	14	-2	-3	-31	-31	7	-20	-6	-6	-1	-7	3	-14	-14	6	6	7	4	6	-11	-3	-18	-27	10	5	-8	-8	7	7	15	15	4	4	-6	-6	14	-15	-15	5	5	7	8	-1	-1	-7	-7	22	9	9	-17	-4	-7	-19	4	4	-10	-10	-12	4	4	-12	-12	-17	4	4	10	10	1	1	17	17	-18	-18	10	
16	-13	-13	-7	-7	-4	-4	-1	-1	-7	2	-2	1	-5	-5	1	1	-2	-6	-6	-3	-3	9	-8	-5	-5	-1	-1	5	3	-3	1	1	-2	-4	2	-2	-2	7	-8	-6	-6	12	12	-8	-4	-4	1	1	-12	-1	-4	2	2	-2	-1	0	0	2	2	2	0	-6	1	1	8	2	-8	-1	1	1	-4	-1	2	2	2	0	1	1	1	-1	0	2	2	-1	-4	-1	0	-11	2	-8	-8	2	-3	-1	-1	-1	-4	-4	0	0	-2	-2	-1	4	-7	-3	-3	2	2	-7	-4	2	2	2	-4	-4	1	-11	-11	0	0	4	4	2	2	13	-4	-2	-6	-6	-3	-6	-2	-2	1	-6	0	-5	-5	-1	-1	1	-4	7	-1	-1	-7	-5	3	-5	-4	-4	-3	-3	5	5	0	0	-5	-5	13	-11	-11	1	1	5	-1	1	1	-9	-9	-2	-2	-2	-10	9	-4	-3	-1	-1	0	0	-1	2	2	1	1	-2	-2	-2	5	5	1	1	2	2	-5	-5	-1	
0	-4	-4	-2	-2	-1	-1	0	0	-1	2	-2	-1	-1	-1	2	2	-2	-3	-3	-2	-2	1	-2	-3	-3	-3	-3	-1	-1	-1	0	0	-1	0	-1	1	1	3	-2	-3	-3	0	0	-2	-1	-1	-1	-1	0	0	0	-1	-1	-3	-2	0	0	0	0	0	1	-3	-1	-1	0	1	-2	-1	0	0	-3	-2	0	2	2	-2	1	-1	-1	-1	0	0	-2	-3	-1	0	-1	-2	1	-4	-4	1	-1	-2	0	0	-1	-1	-2	-2	0	0	-2	1	-3	-1	-1	0	0	-2	-3	-1	-1	-1	-1	-1	1	-2	-2	-1	-1	0	0	0	0	0	-1	-4	0	0	-2	-2	0	0	-1	0	0	-3	-3	-1	-1	-2	0	-1	-3	0	0	-4	-1	0	0	0	0	0	-2	-2	0	0	-2	-2	0	-2	-2	-1	-1	4	-1	-2	-2	-3	-3	-2	-2	-2	-3	-1	0	-2	1	1	-3	-3	-2	0	0	-4	-4	1	0	0	1	1	3	3	0	0	-2	-2	-1	
0	-1	-1	-2	-2	-1	-1	0	0	-2	1	-2	0	-2	-2	0	0	-2	-3	-3	-1	-1	1	-2	-2	-2	-2	-2	-2	-1	2	0	0	-2	1	-2	0	0	1	-2	-1	-1	-1	-1	-3	-2	-2	-1	-1	0	-2	0	-2	-2	-2	0	1	1	-3	-3	0	-1	-3	-2	-2	-1	1	-2	-2	0	0	-1	-1	-1	0	0	-1	0	-3	-3	1	0	-2	-2	-1	0	-1	0	-2	1	-3	-3	1	0	-2	-1	-1	-3	-3	-3	-3	-1	-1	-1	1	-2	-2	-2	-2	-2	-1	-1	1	0	0	0	-2	-2	0	0	-2	-2	0	0	0	0	-1	-3	0	0	0	-1	-2	-3	-3	-1	-2	0	-1	-1	-1	-1	-1	-1	-2	-2	-1	2	-2	-1	-1	-1	-1	-1	-1	1	1	-2	-2	-2	-2	-1	-3	-3	-1	-1	2	0	-3	-3	0	0	-2	-1	-1	-1	-2	0	1	-1	-1	-1	-1	-3	-2	-2	1	1	0	-2	-2	0	0	-1	-1	-1	-1	0	0	-1	
-1	-2	-2	-2	-2	-2	-2	0	0	-3	2	-4	1	1	1	-2	-2	0	-2	-2	-1	-1	1	-3	-2	-2	-5	-5	-2	1	-1	0	0	1	1	-3	0	0	0	-3	0	0	-1	-1	-3	-1	-1	0	0	-2	-4	0	0	0	0	-3	-1	-1	0	0	1	2	-2	-1	-1	-1	1	0	-1	0	0	-3	-1	0	1	1	-2	-1	-4	-4	1	0	1	-2	-1	-4	-3	0	-1	-2	0	0	2	-1	0	0	0	-5	-5	0	0	-2	-2	0	2	-4	1	1	-1	-1	-2	-2	0	-1	-1	-1	-2	-1	2	2	-5	-5	-1	-1	-1	-1	0	-1	-1	-1	-1	-2	-2	1	1	-2	-2	1	-3	-3	-1	-1	-1	2	-2	-5	2	0	-1	0	-1	-1	-1	-2	-2	-1	-1	-1	-1	-2	-2	1	-2	-2	0	0	1	-1	-1	-1	-2	-2	-1	-3	-3	-2	0	-2	0	-1	-1	-2	-2	0	-2	-2	-2	-2	0	-3	-3	2	2	-1	-1	-1	-1	-1	-1	-3	
-2	0	0	-1	-1	-1	-1	-3	-3	-2	0	-1	1	-1	-1	-1	-1	-1	-1	-1	0	0	0	-3	-2	-2	0	0	-2	2	-2	-1	-1	0	-2	0	0	0	0	-2	0	0	0	0	-2	-2	-2	0	0	-1	-1	1	-1	-1	-3	-2	-1	-1	0	0	-1	-2	-3	0	0	-1	-1	0	-1	-1	-1	-1	-2	0	-1	-1	-2	0	-2	-2	1	0	-1	-1	-2	-2	-1	-1	-2	1	-2	-2	-1	1	-3	0	0	-3	-3	2	2	-1	-1	0	-1	-3	0	0	-2	-2	-1	-1	-1	-1	-1	0	-1	-1	-1	-1	-2	-2	1	1	-3	-3	0	-1	-2	0	0	-2	-2	0	0	-1	-2	0	-1	-1	0	0	-1	0	-2	-2	-2	-1	-2	1	-2	0	0	-2	-2	1	1	-1	-1	-1	-1	-1	-4	-4	-1	-1	1	0	-1	-1	-1	-1	0	-3	-3	0	-1	0	-2	0	0	-2	-2	-2	0	0	-1	-1	-1	0	0	-1	-1	0	0	-3	-3	0	0	0	
Trial:17
-1	6	6	-1	0	0	-2	-2	-4	0	-3	-6	-6	2	2	-3	1	-2	1	-3	-3	1	-13	2	-3	-3	0	-1	-1	-2	-2	-3	-2	-1	-1	6	6	-1	2	-3	0	0	-1	-1	-3	0	0	-2	4	1	1	-2	2	-3	0	0	-1	-1	-1	-2	3	3	0	3	0	-1	-4	-1	-1	-1	-1	-6	-6	1	1	-2	0	-2	1	1	2	-5	-5	-3	-1	-1	-3	-1	-2	-3	-3	0	0	-5	3	3	-3	-3	0	0	1	1	-1	-1	0	-1	-10	-10	1	1	4	-2	0	-1	-1	-1	3	-1	0	0	-2	-1	-3	-3	-2	-2	3	-1	-2	-1	-1	-1	-1	1	0	0	5	-4	3	3	-4	-4	-1	0	-1	-6	-6	0	0	-2	1	-2	-1	-1	4	-2	-2	-2	-2	-3	1	-2	-2	0	0	0	0	0	0	-2	-1	-3	0	0	-2	-2	-3	-3	-1	-4	0	0	-3	-1	-1	2	2	-2	-1	-1	-2	-2	-1	-1	-2	-2	0	-5	-7	-2	
0	2	2	-5	0	0	0	0	-7	-2	-1	2	2	-1	-1	-1	0	2	-2	-2	-2	1	-3	-4	0	0	0	-2	-5	-4	-4	-1	-1	-1	-1	-1	-1	-4	3	1	0	0	-4	7	-3	-4	-4	-2	0	2	2	0	1	-2	-1	-1	-3	-3	1	0	2	2	8	2	2	-1	-6	2	2	-2	-2	-2	-2	-8	-8	1	-1	-1	1	1	1	-2	-2	-3	-1	-1	-8	2	0	-7	-7	3	3	-1	2	2	-5	-5	0	0	-2	-2	2	2	-2	-2	-4	-4	0	0	4	-2	-1	0	0	0	-3	-3	-1	-1	2	-1	1	1	-3	-3	-4	2	1	1	1	1	-2	1	0	0	0	-6	4	4	-7	-7	0	1	1	-3	-3	-4	4	-4	1	-3	-3	-3	0	-3	-5	-5	-3	-2	1	-2	-2	3	3	-2	-2	3	3	-2	1	0	1	1	-2	-2	-2	-2	-4	-5	2	2	-1	-1	-1	3	3	0	-3	-3	1	-9	3	3	1	1	-1	0	-4	-2	
21	6	6	-3	4	4	7	7	-11	-3	1	1	1	4	4	4	2	13	2	0	0	-2	11	-31	-3	-3	-5	3	5	-9	-9	1	4	-7	-7	-1	-1	-14	2	27	-3	-3	-6	21	4	-6	-6	-5	2	4	4	-2	4	2	-4	-4	-17	-17	14	-3	-3	-3	9	6	-12	5	-13	15	15	-1	-1	5	5	-31	-31	14	-6	3	4	4	8	-6	-6	8	-9	-9	-31	14	9	0	0	1	1	-8	7	7	-11	-11	5	5	-2	-2	-5	-5	-18	4	4	4	5	5	7	-1	-3	2	2	2	8	4	-4	-4	13	-4	-1	-1	8	8	-12	-8	10	3	3	-9	-2	9	4	4	-8	-7	5	5	1	1	-2	3	1	16	16	-6	18	-10	4	-15	3	-9	2	-20	-7	-7	6	5	-1	-4	-4	-9	-9	7	7	2	2	2	5	4	8	8	-5	-5	2	-15	1	0	-3	-3	-1	3	3	2	2	1	-15	-14	9	-19	5	5	7	7	3	-8	-13	-5	
1	-4	-4	-3	3	3	13	13	-7	-2	-3	-2	-2	3	3	-4	-1	-6	2	-1	-1	-3	-3	8	-11	-11	0	-2	-3	-5	-5	-3	-8	0	0	-3	-3	0	2	-7	-2	-2	-1	2	0	2	2	3	-2	-3	-3	2	5	-3	2	2	-12	-12	-2	1	-1	-1	1	5	-2	8	0	6	6	1	1	1	1	-3	-3	2	2	0	0	0	3	-4	-4	-2	-6	-6	-12	3	-3	-4	-4	-1	-1	2	4	4	-3	-3	-1	-1	3	3	-3	-3	0	-3	-4	-4	-2	-2	2	-6	-3	2	2	2	-5	3	-1	-1	0	2	-1	-1	-3	-3	-4	3	4	1	1	-3	0	-3	0	0	-1	-15	8	8	-6	-6	2	2	-1	-8	-8	1	3	-3	2	-4	-2	10	-3	-4	0	0	-1	-1	-4	-5	-5	6	6	-3	-3	11	11	-9	2	-8	1	1	-7	-7	0	-4	2	0	-2	-2	-1	-2	-2	2	2	4	-4	-6	-3	-4	-1	-1	-1	-1	3	0	-5	-16	
-2	-3	-3	-1	0	0	-1	-1	-3	-1	0	-3	-3	0	0	-1	-2	-2	1	0	0	-1	-1	1	-5	-5	1	-3	0	-1	-1	-4	-1	-1	-1	-2	-2	-1	1	-2	1	1	1	0	-2	-1	-1	-2	-1	-1	-1	0	0	-1	0	0	-2	-2	-2	-1	-1	-1	-1	-1	-2	0	-1	1	1	0	0	2	2	-4	-4	1	-2	-2	-2	-2	1	-2	-2	-2	-4	-4	-3	3	0	-3	-3	0	0	0	1	1	-2	-2	0	0	-2	-2	0	0	-1	0	-4	-4	0	0	1	0	-1	-1	-1	-1	0	-1	0	0	-1	-1	-2	-2	-2	-2	-3	-1	1	1	1	-1	1	-1	0	0	-3	-3	1	1	-4	-4	-2	-1	0	-2	-2	0	1	-1	-1	-2	-2	0	0	0	-3	-3	-1	0	-1	1	1	1	1	-3	-3	-1	-1	-3	-2	-1	0	0	-1	-1	-2	1	0	-1	-1	-1	-2	-2	-2	2	2	-3	-1	-1	-2	0	0	0	-3	-3	-1	-3	-1	-2	
0	-2	-2	0	0	0	0	0	-1	0	-2	0	0	0	0	-3	3	5	-2	-5	-5	-1	1	-1	0	0	-1	-2	-2	-3	-3	-2	-3	0	0	0	0	-1	-1	0	-2	-2	-1	-3	-2	-1	-1	-2	-1	0	0	0	2	-1	-2	-2	0	0	0	-2	-1	-1	-2	-1	1	1	-2	0	0	0	0	0	0	-2	-2	-1	0	-1	-1	-1	0	0	0	-3	0	0	-2	0	-2	-2	-2	0	0	-1	-1	-1	-1	-1	1	1	-3	-3	0	0	-2	0	-1	-1	-2	-2	0	-4	-1	-2	-2	-2	-1	1	0	0	-2	-1	-1	-1	-4	-4	-2	0	1	-1	-1	0	-2	-2	0	0	-1	-2	0	0	-2	-2	0	-1	1	-4	-4	0	-1	-2	0	-3	-2	1	0	-4	-1	-1	0	-1	-1	-1	-1	1	1	-2	-2	-1	-1	-2	-1	-2	0	0	0	0	-2	-1	-1	-1	-2	-2	0	-2	-2	1	1	-2	-2	1	-1	-3	-1	-1	-1	-1	-1	0	-1	-1	
-1	-1	-1	-2	0	0	-2	-2	-2	1	-1	-2	-2	-1	-1	-1	-2	-1	-1	-1	-1	0	-5	-1	-3	-3	0	-1	-1	-3	-3	-1	0	1	1	-1	-1	0	-1	0	-1	-1	0	-3	-1	-1	-1	-4	-2	-1	-1	0	0	-2	-1	-1	-1	-1	-2	-1	1	1	-2	1	0	0	0	-2	-2	0	0	2	2	-3	-3	0	0	1	-3	-3	0	-1	-1	-2	0	0	-4	0	-1	-2	-2	0	0	-3	2	2	-3	-3	0	0	-1	-1	-2	-2	0	0	-3	-3	-2	-2	3	0	0	-3	-3	-3	-2	0	0	0	0	-2	0	0	0	0	-1	1	-2	0	0	-3	0	-1	0	0	-1	-4	0	0	-1	-1	-2	-3	1	-3	-3	-1	0	-1	0	-1	-2	-1	-1	0	0	0	-1	0	-3	-1	-1	2	2	0	0	-2	-2	-1	-3	0	-3	-3	-2	-2	1	0	-1	-2	1	1	-2	1	1	-1	-1	-1	-4	-3	0	-2	1	1	-1	-1	1	1	-2	-1	
-3	0	0	1	1	1	1	1	-3	-1	-2	-2	-2	-1	-1	0	-3	-2	0	-2	-2	0	-1	-2	-2	-2	1	-2	1	-3	-3	0	-1	-1	-1	-1	-1	-1	0	0	0	0	-2	-1	-1	1	1	-3	0	-2	-2	-1	-2	-2	-2	-2	0	0	-3	-1	1	1	-1	-1	-1	-1	0	0	0	-2	-2	0	0	-3	-3	0	-2	0	-2	-2	0	0	0	-1	-1	-1	-1	0	-1	-1	-1	-3	-3	-1	0	0	-2	-2	0	0	-1	-1	-2	-2	-2	-2	-2	-2	1	1	1	-1	-1	-2	-2	-2	0	-1	-1	-1	-2	0	-1	-1	-2	-2	-2	-2	0	1	1	-1	0	-1	-2	-2	0	-3	0	0	-3	-3	-1	1	0	-2	-2	-1	-1	-1	-2	1	-3	-2	1	0	0	0	-2	-1	0	-1	-1	0	0	-1	-1	0	0	-3	0	-2	0	0	-4	-4	-1	-1	0	-1	1	1	-1	-2	-2	1	1	0	-1	-2	-1	-2	-1	-1	-2	-2	0	-2	-4	-1	
Trial:18
-1	-1	0	-2	-1	-1	-3	1	-1	-1	1	1	-4	-4	0	-3	-3	2	2	2	-3	-3	-3	0	0	-1	1	1	-5	-5	-1	-1	-1	-2	3	3	-1	-1	-1	-1	-1	0	-1	-1	-2	-2	-2	-2	5	-4	2	2	-2	-2	-2	0	-4	-4	1	-1	-3	5	5	-1	-3	-1	-2	-2	-2	-1	1	1	-2	-2	4	1	-3	-1	-1	-2	1	1	0	0	-2	-3	0	0	-1	-1	-4	-2	1	1	1	-3	-2	-1	-7	-1	-1	-3	0	0	-2	0	-3	-1	-5	-2	-2	0	0	0	0	-1	-1	2	2	1	-2	-2	-2	-2	-1	0	1	1	-5	-5	-1	-1	-3	-1	-1	1	-1	1	-3	-3	3	-1	1	-2	-3	-3	2	-4	-4	0	0	0	-1	0	0	1	1	-2	-2	0	0	0	-2	-2	-1	-1	2	2	-1	-2	-3	-2	-2	-2	4	-1	-1	-2	0	-4	-3	-3	2	2	0	0	-4	0	0	1	1	1	0	-2	-1	-2	-2	-3	0	0	
2	0	-2	1	0	0	-4	4	0	0	-1	-1	-5	-5	0	-3	-3	0	0	4	-4	-4	-4	-2	-2	0	2	2	-3	-3	0	-3	1	-6	4	4	-3	-5	-5	1	1	-2	3	1	-2	-2	-2	0	-1	-3	0	0	-2	-2	-3	-1	-1	-1	4	-3	-2	4	4	-5	-2	-1	-2	-2	0	-2	-7	-7	-1	-1	4	-1	-4	-1	-1	-2	-2	-2	-4	1	-2	-5	-1	-1	-2	-2	0	-2	0	1	1	-1	-3	0	-2	-5	-5	-5	0	-3	-1	-1	-3	5	-3	-2	-2	-3	1	1	1	0	0	10	10	-6	-1	-1	-4	-4	0	3	-8	-8	2	2	-2	-2	-3	-2	-2	-1	-4	0	-4	2	-1	0	1	0	-11	-11	2	-4	-4	-1	-1	2	-2	-1	-1	-7	-7	-1	-4	2	-5	-5	1	1	4	4	4	4	-4	-1	-4	-1	-1	-3	-2	-4	-4	-1	-1	6	-6	-6	-11	-11	2	2	-1	0	0	1	1	1	-2	1	1	-3	-3	-5	3	3	
15	0	8	1	12	12	3	12	-3	-3	-4	-4	-7	-7	9	-4	-4	-5	-5	3	6	6	6	-20	-20	11	6	6	-11	-11	-29	11	15	-13	14	14	0	-9	-9	5	5	0	16	9	-1	-5	-5	-3	-1	-2	-3	-3	-10	-9	-13	-1	4	4	15	2	-8	10	10	-4	6	17	-3	-3	-4	16	-23	-23	5	5	-23	8	6	-11	-11	8	-3	-3	-3	-10	-5	23	1	1	-7	-7	-3	-15	4	-10	-10	2	-6	16	-3	-7	-7	-7	3	-9	0	-2	2	2	-20	-1	-1	-6	8	-2	-2	0	0	26	26	-8	-3	-3	1	1	-12	8	-17	-17	8	8	-3	-3	11	6	6	5	-19	-3	-6	-3	6	-27	7	-7	-15	-15	10	1	1	25	25	8	-4	-6	-6	-23	-23	-2	-13	12	-9	-9	-1	-1	15	15	0	0	-38	4	12	4	4	-5	-16	-1	-1	-10	3	1	-9	-9	-43	-43	20	20	5	0	0	13	13	13	2	-8	1	-2	-2	-22	12	12	
13	-2	-4	3	-2	-2	-6	13	-5	-5	2	2	-8	-8	-10	-1	-1	1	1	5	-7	-7	-7	1	1	1	0	0	-3	-3	-16	-1	2	-7	5	5	-1	4	4	-1	-1	0	-3	5	-3	-1	-1	-2	17	-3	3	3	0	-3	-5	7	-2	-2	5	-3	-10	-5	-5	0	4	0	3	3	0	-3	0	0	6	6	-6	0	1	1	1	-3	10	10	-5	0	-4	-3	-2	-2	-13	-13	-4	-3	2	1	1	4	-6	0	-5	0	0	-6	-1	-4	0	-1	-11	2	4	1	1	0	0	-4	-4	-1	-1	2	2	-4	11	11	-5	-5	-4	-1	-2	-2	-3	-3	-7	-7	-5	0	0	5	-7	10	-8	-5	5	-3	1	-3	0	0	-3	0	0	5	5	0	-7	-4	-4	13	13	-9	-3	-2	-3	-3	-12	-12	0	0	4	4	-8	-1	1	7	7	-8	-2	-5	-5	-4	-5	-3	-3	-3	-7	-7	3	3	-11	2	2	5	5	5	1	-1	1	1	1	0	4	4	
-1	0	-2	0	-3	-3	1	0	-3	-3	0	0	-2	-2	-2	-3	-3	0	0	1	-3	-3	-3	-3	-3	-2	1	1	-2	-2	-3	0	-1	-4	2	2	0	-2	-2	0	0	-1	-2	-1	-2	-2	-2	1	-1	-2	-2	-2	0	0	-1	0	-1	-1	0	0	0	-2	-2	-1	-1	0	-1	-1	-3	-4	-2	-2	-2	-2	1	2	0	-1	-1	-1	-1	-1	-3	0	-4	-3	-2	-2	-1	-1	-3	0	2	-1	-1	1	-2	-1	-2	-2	-2	-3	-2	-1	-2	-2	-3	2	1	-3	-3	0	1	-1	-1	-3	-3	0	0	-4	-1	-1	-1	-1	-1	0	-2	-2	-1	-1	-2	-2	0	-1	-1	1	-3	-1	-3	-1	-2	-1	0	-1	-2	-2	-1	-1	-1	0	0	-2	-3	-1	-1	-2	-2	-3	-2	2	0	0	-1	-1	-1	-1	1	1	-3	0	-1	1	1	0	-1	-2	-2	-1	-2	-2	-5	-5	-2	-2	1	1	-3	-2	-2	-2	-2	-2	0	0	0	-1	-1	-1	-1	-1	
-2	-2	-2	1	-1	-1	0	-1	-3	-3	-1	-1	-3	-3	-3	1	1	-2	-2	1	-1	-1	-1	-2	-2	-1	0	0	-2	-2	-2	-1	0	-3	0	0	-3	0	0	-1	-1	-2	-1	2	-2	-2	-2	-2	-2	0	-1	-1	-1	-2	-2	0	0	0	0	-1	1	-3	-3	0	-2	-1	-2	-2	0	-2	0	0	-1	-1	-3	-1	-1	-1	-1	-1	0	0	0	-2	-3	0	-2	-2	-1	-1	-1	-2	0	-2	-2	2	-3	0	-2	-3	-3	0	-1	-2	-1	-2	-3	-1	-1	-1	-1	-1	0	-1	-1	-3	-3	0	0	-3	0	0	0	0	-2	0	-2	-2	-1	-1	-1	-1	0	-1	-1	-1	-3	0	-2	-1	-1	-2	0	0	-1	-1	-2	-1	-1	-2	-2	-1	-1	-2	-2	1	1	1	-1	-1	-3	-3	-2	-2	0	0	0	0	-1	0	-1	1	1	-2	-1	-1	-1	0	-1	-2	-1	-1	-1	-1	-1	-1	-2	-1	-1	1	1	1	0	-1	-2	-2	-2	-2	-1	-1	
-1	-1	-1	-1	-1	-1	0	-3	-2	-2	-1	-1	-4	-4	1	0	0	-2	-2	2	-4	-4	-4	-2	-2	0	0	0	-1	-1	-2	-2	1	-3	0	0	0	-2	-2	-2	-2	-1	-1	0	-2	-1	-1	-1	-1	-1	-1	-1	-1	-2	-1	-1	-3	-3	0	-2	-1	1	1	-2	-1	0	0	0	-3	-3	0	0	-4	-4	0	1	0	-1	-1	-2	1	1	-2	-1	-3	0	1	1	0	0	-3	-1	-1	-2	-2	-1	1	1	0	-1	-1	-4	-2	-1	-2	-3	-1	-1	0	0	0	-1	-1	-1	-1	-2	-2	2	2	-3	0	0	-2	-2	0	2	-2	-2	0	0	-2	-2	-2	-1	-1	0	-1	0	0	-1	-1	0	-1	0	-1	-1	0	-3	-3	0	0	0	-3	-2	-2	-1	-1	-2	-3	1	2	2	1	1	0	0	0	0	-2	1	-2	1	1	-1	-3	-2	-2	-2	0	-1	-3	-3	-1	-1	0	0	-2	-4	-4	0	0	0	0	0	-2	-2	-2	-2	0	0	
-2	0	0	-1	-1	-1	-1	-1	-1	-1	-1	-1	-2	-2	0	-2	-2	-1	-1	0	-4	-4	-4	-2	-2	2	-1	-1	-3	-3	-2	-2	0	-1	0	0	1	0	0	-1	-1	-1	1	-1	-2	-1	-1	-2	0	-1	-1	-1	1	1	-1	-1	-1	-1	-1	1	-3	-1	-1	-1	1	0	-1	-1	1	-1	0	0	-1	-1	-4	0	0	0	0	-1	-1	-1	0	-1	-1	-2	-1	-1	2	2	-2	1	0	-2	-2	-1	-2	-1	-1	-1	-1	-1	-1	-1	-1	-3	-1	-1	1	-3	-3	0	2	-2	-2	-1	-1	-1	-1	-3	-3	-3	0	0	-1	-1	0	0	0	0	-2	-2	-1	-1	-1	-2	-3	1	-2	0	-1	-1	0	0	-1	-1	-3	1	1	-3	-3	1	-2	0	0	0	0	-3	-2	-1	1	1	-1	-1	-1	-1	-1	-1	-2	0	-1	1	1	0	0	-1	-1	1	0	0	-1	-1	0	0	-1	-1	-1	-2	-2	1	1	1	-1	-1	-2	-2	-2	0	-1	-1	
Trial:19
0	-3	-3	-3	-2	-2	-2	2	2	-2	2	2	-3	-3	-2	-2	0	0	0	0	0	0	0	-3	-3	-1	-2	-2	0	0	0	-2	0	-4	1	1	2	0	-3	0	0	0	-1	-1	-3	0	0	-2	-2	-4	-4	-1	-1	1	-2	-1	-4	-4	-2	-2	-2	0	-3	-3	-3	1	0	-1	1	1	1	1	0	-2	-3	-1	-1	0	-1	-3	-3	-2	-2	1	-1	-1	-1	-1	-1	-3	-1	-1	-1	-1	-1	1	-2	-1	-1	0	0	-1	-1	0	0	0	-2	-2	0	0	0	1	-1	-2	1	1	-2	3	-3	0	0	-1	-3	0	-3	0	0	-1	0	-3	-2	-2	0	-2	-4	-1	-1	1	-2	0	0	-1	-1	0	0	1	0	0	0	0	-3	-1	-1	-1	-1	-1	-2	-1	-1	-1	-1	-2	3	-1	-1	-1	0	0	1	1	2	2	1	-1	-5	0	-2	-2	-2	-3	0	0	0	-2	-2	-4	-4	-1	-1	1	-3	-2	2	2	1	1	-1	-3	1	1	
0	-4	-4	-1	2	2	2	3	3	1	-3	-3	-7	-7	-4	-4	-3	-3	2	2	3	3	-1	-3	-3	-3	0	0	-4	-4	-4	-3	0	2	1	1	-3	-1	1	-2	-2	-2	2	1	-5	1	1	5	5	-3	-3	-3	-3	-1	-2	-3	-4	-4	1	1	1	-4	1	1	1	-1	-1	-1	3	3	-3	-3	-2	-2	-4	-3	-3	-1	1	-1	-1	-1	-1	0	-2	-1	-2	-5	-5	-1	-1	3	-1	-1	1	-2	-4	-3	-3	1	1	-1	-1	-3	-3	-4	-1	-1	4	4	-4	-1	-1	-2	-3	-3	3	-4	-3	-2	-2	3	-4	3	-2	-4	-4	1	-3	-7	-4	-4	0	-1	-4	4	4	-2	4	-1	-1	-4	-4	-1	3	-7	3	3	-1	-1	0	-7	3	3	-1	-1	1	0	0	-2	-2	-3	2	-2	-1	3	-7	2	3	3	-6	-6	2	-6	-6	1	-1	-1	-1	0	-2	1	1	-4	-4	-4	-4	-2	-2	2	-2	1	0	0	0	0	0	-3	0	0	
2	-29	-29	11	-25	-25	-25	18	18	10	-2	-2	-6	-6	1	1	2	2	13	13	3	3	-6	-13	-13	-9	-2	-2	-6	-6	-6	-1	-2	18	-2	-2	-5	-1	6	-7	-7	-7	7	-8	-6	-11	-11	24	24	-2	-2	4	4	-1	0	-23	-4	-4	-7	-7	-7	-12	10	10	10	-10	0	-10	6	6	-2	-2	-15	-4	14	4	4	-4	5	1	1	9	9	-1	-2	-4	2	-19	-19	4	-9	-3	10	10	0	-1	-7	-6	-6	2	2	-3	-3	2	2	3	8	8	-4	-4	-6	-1	-15	-9	-17	-17	10	1	-5	0	0	20	-8	15	-7	-16	-16	2	-4	-8	-6	-6	-7	-6	-7	13	13	0	2	21	21	-4	-4	2	-4	-26	4	4	-8	-8	-8	-4	4	4	-3	-3	8	-5	-5	-1	-1	-7	-30	-3	9	11	-28	17	30	30	-28	-28	1	-14	-11	2	11	11	-1	-6	8	-7	-7	-8	-8	-17	-17	-8	-8	-9	-6	2	3	3	-3	-3	-2	8	7	7	
0	-3	-3	11	-11	-11	-11	-1	-1	2	-1	-1	6	6	-5	-5	-3	-3	2	2	-1	-1	-3	-3	-3	-5	-2	-2	3	3	3	-5	-2	12	-5	-5	-1	-3	-7	0	0	0	-6	-2	-7	3	3	4	4	-2	-2	0	0	2	-7	-1	-10	-10	1	1	1	-5	1	1	1	3	0	-3	1	1	-3	-3	2	-6	-1	-3	-3	-3	-6	-5	-5	-2	-2	-1	3	1	-8	2	2	12	-6	-5	3	3	-3	-1	-7	-6	-6	-3	-3	1	1	1	1	0	2	2	-1	-1	-1	3	-4	-2	8	8	-6	-1	-5	-2	-2	-2	-7	3	2	-3	-3	-1	-1	-2	-5	-5	11	0	-10	0	0	-1	3	-2	-2	-4	-4	3	-4	4	2	2	5	5	1	0	-3	-3	5	5	-6	-8	-8	0	0	-19	1	0	2	2	-4	6	4	4	-3	-3	2	1	-1	1	-7	-7	2	-1	4	-1	-1	-4	-4	-17	-17	-4	-4	-1	1	4	-1	-1	14	14	-3	-6	1	1	
0	-3	-3	-1	-2	-2	-2	-3	-3	0	1	1	-1	-1	-2	-2	-1	-1	1	1	0	0	-1	-1	-1	-3	0	0	-2	-2	-2	-4	1	-1	0	0	0	-1	0	0	0	0	1	-1	-2	-4	-4	0	0	0	0	-1	-1	1	-3	-1	-3	-3	1	1	1	-1	-1	-1	-1	-3	0	-2	-1	-1	-3	-3	0	-2	-1	-3	-3	-2	-2	-3	-3	-1	-1	0	-1	-2	-2	2	2	-1	-1	-1	-1	-1	-1	0	-3	0	0	0	0	-2	-2	0	0	-1	0	0	-1	-1	-3	-1	-1	-2	-2	-2	-2	0	-1	-2	-2	-2	-4	1	-1	0	0	0	-1	-4	-2	-2	0	-1	-4	-1	-1	-1	-1	-3	-3	1	1	-1	-1	2	0	0	1	1	-1	-3	-2	-2	-3	-3	-2	-1	-1	2	2	-5	1	0	-2	-1	0	2	-3	-3	-1	-1	1	-1	-2	0	-1	-1	2	-3	0	-2	-2	-3	-3	-2	-2	-3	-3	0	0	0	0	0	-1	-1	-3	-2	-1	-1	
-2	-1	-1	-1	-2	-2	-2	0	0	0	-1	-1	-1	-1	-1	-1	-1	-1	0	0	0	0	-2	0	0	-2	1	1	-1	-1	-1	-2	-1	-1	0	0	1	0	-1	-2	-2	-2	0	-1	-3	-1	-1	0	0	-3	-3	-1	-1	-1	-1	0	-2	-2	-1	-1	-1	0	-2	-2	-2	0	-1	-4	0	0	-2	-2	-1	-2	-1	-2	-2	-1	-1	-1	-1	-1	-1	1	-1	0	-1	-1	-1	-1	-2	-3	0	0	-1	-1	-1	-2	-2	1	1	0	0	-1	-1	-1	-2	-2	-1	-1	-1	0	0	-2	-1	-1	-4	-1	-2	-1	-1	0	-2	-1	-1	1	1	-3	-2	-3	-1	-1	-1	-3	0	-2	-2	-2	1	-2	-2	0	0	-2	-1	3	0	0	-1	-1	0	-1	0	0	-3	-3	-1	-2	-2	-1	-1	-2	2	-1	-2	0	1	-1	-1	-1	-1	-1	0	-3	-2	0	-1	-1	0	-2	-2	-1	-1	-1	-1	0	0	-3	-3	0	-1	-1	-1	-1	-3	-3	-2	-2	1	1	
-1	-1	-1	0	-2	-2	-2	1	1	1	0	0	-4	-4	-1	-1	-3	-3	-1	-1	-1	-1	1	-1	-1	-2	0	0	-2	-2	-2	-1	1	-2	1	1	-1	0	0	2	2	2	-4	-2	-2	1	1	-1	-1	-2	-2	1	1	0	-1	-1	1	1	-2	-2	-2	0	-2	-2	-2	-2	1	-2	-1	-1	-2	-2	-1	1	-4	-1	-1	-2	-1	-1	-1	-1	-1	0	1	-1	-2	0	0	-1	-2	-1	2	2	-2	1	-1	0	0	1	1	-2	-2	-1	-1	-2	0	0	-1	-1	0	-1	-2	-1	-1	-1	-4	-1	-2	0	0	0	-2	1	-1	-1	-1	-1	-2	-1	-3	-3	-1	-1	-1	-2	-2	1	-1	-1	-1	0	0	0	-1	1	-1	-1	-1	-1	-1	0	-2	-2	-2	-2	-1	-1	-1	-1	-1	-2	-2	-2	-1	0	0	-1	-1	-1	-2	-2	0	-1	-2	-2	-3	-3	-2	-2	-1	0	0	0	0	-1	-1	0	0	-2	-2	0	0	0	-2	-2	-3	-1	1	1	
1	-1	-1	0	-2	-2	-2	-1	-1	-1	-2	-2	-1	-1	-1	-1	-2	-2	0	0	-1	-1	-1	-3	-3	1	-2	-2	1	1	1	-1	1	-2	-2	-2	1	-3	-2	1	1	1	-1	0	-1	0	0	-2	-2	0	0	0	0	-1	-2	0	-2	-2	-2	-2	-2	-1	-1	-1	-1	-1	-1	-2	1	1	-3	-3	1	-1	-1	-3	-3	-1	-1	-4	-4	0	0	-2	-1	0	0	0	0	0	-2	-1	1	1	-1	-2	-2	-1	-1	0	0	-1	-1	0	0	1	-2	-2	-1	-1	-2	0	-1	-1	-1	-1	-1	-1	-2	-1	-1	-2	-1	-2	-3	0	0	-2	0	0	-3	-3	0	-2	-1	-2	-2	-2	0	0	0	-2	-2	0	0	-1	1	1	-3	-3	1	0	-1	-1	-3	-3	0	-3	-3	0	0	-1	-1	-1	-3	-1	2	-1	0	0	0	0	-1	-1	-1	-1	-3	-3	-1	-3	1	-2	-2	-3	-3	0	0	-1	-1	-3	-1	0	-1	-1	-2	-2	-1	0	0	0	
