2020/5/20 8:34:59
Sampling rate: 100
Measure time: 2
Trial:0
0	5	5	-9	-9	-1	0	-5	-5	4	4	-4	-2	0	-1	-1	0	7	-3	-3	-5	-5	1	-3	-2	-7	-7	0	3	-1	-5	-5	0	0	0	0	-4	-4	3	-2	-6	2	2	-4	-3	-4	3	3	3	4	4	0	0	0	-12	-12	-12	-12	2	2	2	2	2	6	6	7	7	-6	-6	-3	-3	2	2	-1	-18	-18	0	8	8	-6	1	1	0	0	-6	-6	-3	-3	4	4	7	-11	-11	-11	6	6	-6	11	11	1	1	-10	2	2	-2	-2	-12	-12	2	2	7	7	0	0	3	-14	-14	3	-5	1	1	0	0	-10	-11	5	1	1	3	2	5	1	1	1	-2	-8	-8	-12	-12	3	3	-1	8	8	-7	-7	-7	1	8	8	-8	-8	-7	3	3	-6	-6	2	4	5	5	0	0	0	-3	-3	5	5	-11	4	4	-6	-6	-6	13	-1	-1	-6	-10	-4	2	2	-10	-10	8	8	5	5	2	2	5	0	-4	2	2	-8	13	-10	4	5	
-1	7	7	-7	-7	-3	2	-2	-2	7	7	-5	0	10	-7	-7	-14	-3	0	0	3	3	3	-21	-6	-27	-27	8	-8	2	15	15	7	7	3	3	-13	-13	2	-12	-14	1	1	-4	-11	-5	-20	-20	-20	3	3	-2	3	3	-10	-10	5	5	10	10	5	5	8	13	13	-5	-5	-12	-12	-1	-1	6	6	9	4	4	-3	-4	-4	-12	0	0	1	1	-6	-6	-26	-26	7	7	11	-14	-14	-19	-7	-7	4	19	19	-4	-4	3	-8	-8	-10	-10	-9	-9	12	12	4	4	1	-10	7	-3	-3	-10	-6	-7	-7	1	1	-2	6	3	-7	-7	7	2	-5	8	8	8	-16	-2	-2	-9	-9	0	0	-1	4	4	15	15	15	-8	-3	-3	8	8	2	1	1	-4	-4	9	7	-7	-7	1	1	-5	-14	-14	8	8	-1	-16	-16	-4	-4	-4	25	-6	-6	5	-7	-13	10	10	-7	-7	8	8	5	5	-2	-2	-6	-9	-10	-13	-13	11	0	-3	-2	3	
-4	20	20	-14	-14	-11	-2	-1	-1	3	3	-1	2	6	1	1	-11	1	-8	-8	3	3	3	-15	11	-5	-5	-5	-4	-4	-3	-3	-21	-21	-7	-7	10	10	-4	0	-2	-16	-16	14	1	-3	1	1	1	-11	-11	0	15	15	4	4	12	12	9	9	3	3	-1	-2	-2	-9	-9	-14	-14	-1	-1	-1	-1	9	-1	-1	2	1	1	9	-6	-6	-1	-1	0	0	-10	-10	-2	-2	-7	-10	-10	2	4	4	1	0	0	-7	-7	0	-5	-5	-6	-6	-15	-15	5	5	2	2	8	-3	-7	5	5	5	2	12	12	-20	-20	-2	6	5	-1	-1	2	-6	1	-3	-3	-3	-6	-7	-7	-23	-23	4	4	4	14	14	-2	-2	-2	-8	-5	-5	6	6	2	4	4	2	2	3	2	-6	-6	2	2	-1	-5	-5	-4	-4	0	-7	-7	-1	-1	-1	18	-2	-2	-1	4	-18	-10	-10	7	7	2	2	-3	-3	-19	-19	18	-8	8	4	4	8	-5	0	-11	-7	
-11	-3	-3	-7	-7	-8	-5	-5	-5	6	6	1	-2	-2	-8	-8	1	2	-11	-11	-4	-4	6	-9	8	-5	-5	-1	3	-12	4	4	-9	-9	-1	-1	5	5	-3	-2	-2	-4	-4	12	0	-2	2	2	2	0	0	-7	2	2	6	6	6	6	10	10	-2	-2	4	-3	-3	-13	-13	-7	-7	-3	-3	-6	-6	-1	6	6	2	6	6	6	-5	-5	-3	-3	2	2	-3	-3	-5	-5	-10	-6	-6	1	2	2	0	-2	-2	4	4	4	-17	-17	7	7	-1	-1	-2	-2	2	2	10	0	-6	-11	-11	6	-15	9	9	-2	-2	1	-1	1	-8	-8	-10	-1	-5	3	3	3	-2	-3	-3	-11	-11	-16	-16	5	6	6	10	10	10	-7	-5	-5	3	3	4	2	2	0	0	-8	1	9	9	-8	-8	10	-9	-9	0	0	3	-2	-2	3	3	3	14	6	6	5	-12	-7	-1	-1	-11	-11	8	8	-11	-11	-9	-9	0	-6	11	6	6	-1	0	-1	-14	-4	
0	-11	-11	1	1	-3	22	-27	-27	5	5	20	-18	-40	-12	-12	24	0	-17	-17	-14	-14	17	7	8	14	14	-7	14	-47	23	23	32	32	17	17	1	1	-18	-27	-2	-7	-7	34	-50	11	-12	-12	-12	29	29	-13	-30	-30	17	17	-13	-13	50	50	10	10	-9	-42	-42	-16	-16	-20	-20	5	5	-47	-47	-4	13	13	3	13	13	-29	29	29	8	8	13	13	-2	-2	-3	-3	-62	7	7	19	27	27	19	-5	-5	20	20	15	-16	-16	7	7	4	4	-21	-21	5	5	8	5	-11	-23	-23	21	-63	31	31	-10	-10	-5	6	-64	12	12	-25	5	6	12	12	12	15	-1	-1	-8	-8	-23	-23	-6	-3	-3	28	28	28	8	-33	-33	16	16	1	33	33	-19	-19	-32	-10	20	20	-28	-28	35	-10	-10	-13	-13	30	-3	-3	-7	-7	-7	48	10	10	2	-12	3	-3	-3	-21	-21	28	28	-13	-13	-30	-30	-6	-73	27	-2	-2	-16	-8	-8	-26	-63	
11	-3	-3	11	11	8	45	-15	-15	-14	-14	-7	-21	-14	-5	-5	14	-1	11	11	-12	-12	7	-10	-3	2	2	-10	1	1	-6	-6	-54	-54	7	7	7	7	8	8	-5	-15	-15	49	1	5	-4	-4	-4	2	2	18	-28	-28	7	7	-5	-5	36	36	-5	-5	-7	-12	-12	-11	-11	-12	-12	1	1	-11	-11	-34	-1	-1	2	6	6	1	5	5	6	6	13	13	1	1	-2	-2	-10	-5	-5	7	-1	-1	-3	-6	-6	29	29	35	-15	-15	-5	-5	-11	-11	-10	-10	1	1	2	-1	-5	-19	-19	8	-7	8	8	2	2	-5	6	-8	-3	-3	-10	-4	9	-6	-6	-6	3	25	25	-9	-9	-13	-13	-3	-13	-13	4	4	4	-3	-4	-4	5	5	-1	2	2	-8	-8	-11	4	7	7	-6	-6	11	-10	-10	-3	-3	1	5	5	2	2	2	6	-9	-9	5	-5	16	-10	-10	-5	-5	3	3	-6	-6	-4	-4	-3	-9	16	4	4	-23	-7	1	-10	-13	
-6	-2	-2	-5	-5	-6	-2	1	1	-7	-7	12	-14	-3	0	0	3	1	-6	-6	-14	-14	2	0	1	-1	-1	-1	3	-4	2	2	-6	-6	-2	-2	4	4	0	0	-9	-4	-4	0	5	6	3	3	3	4	4	-4	1	1	-12	-12	2	2	8	8	2	2	-1	-2	-2	1	1	-4	-4	-10	-10	-1	-1	-2	1	1	0	0	0	1	-4	-4	-1	-1	6	6	-4	-4	-1	-1	-6	1	1	0	0	0	0	0	0	2	2	2	-2	-2	-1	-1	-2	-2	2	2	-3	-3	2	-1	-3	-8	-8	0	-10	0	0	1	1	-1	4	-2	-1	-1	-8	-3	1	0	0	0	-2	1	1	-7	-7	-3	-3	1	2	2	6	6	6	-2	-2	-2	1	1	-4	5	5	-2	-2	-4	-1	-1	-1	-4	-4	2	-1	-1	-1	-1	0	-5	-5	-1	-1	-1	1	0	0	-2	0	-3	5	5	0	0	-6	-6	-3	-3	-4	-4	2	1	2	2	2	-7	13	-2	-6	-4	
-2	-1	-1	-5	-5	-5	-2	1	1	-4	-4	-1	-6	-1	1	1	5	-1	-3	-3	-4	-4	-1	2	-4	-4	-4	1	1	-2	1	1	-3	-3	-3	-3	2	2	-2	1	-3	-2	-2	-5	0	2	4	4	4	3	3	-4	3	3	-2	-2	-4	-4	1	1	0	0	-1	-2	-2	1	1	-1	-1	-4	-4	-1	-1	-3	-4	-4	-1	3	3	0	0	0	-1	-1	0	0	-6	-6	0	0	-2	0	0	-2	1	1	1	-1	-1	1	1	-4	0	0	-1	-1	-4	-4	-1	-1	-1	-1	2	-1	-2	-3	-3	-3	-2	4	4	2	2	-3	-2	-1	1	1	-5	-4	2	-2	-2	-2	1	-3	-3	-6	-6	0	0	0	1	1	3	3	3	-1	-3	-3	1	1	-4	-1	-1	1	1	-1	2	1	1	-3	-3	0	0	0	1	1	-5	-1	-1	0	0	0	3	0	0	-2	-4	-5	3	3	-2	-2	-1	-1	-1	-1	-1	-1	3	0	0	-1	-1	-7	6	1	-3	-2	
Trial:1
-2	-2	9	-7	-7	6	2	4	-2	-1	-1	-4	-1	-1	-2	-2	-4	-4	-2	-8	-8	-2	0	2	2	1	1	2	-3	-6	-7	-7	1	5	6	6	2	2	0	-2	4	-3	-3	9	-2	-9	-10	-10	-4	-2	1	-7	-6	-6	3	3	-1	3	3	-2	-2	-5	-5	-2	-2	-4	-4	-2	4	4	2	2	-3	4	-2	-2	0	0	3	-4	2	-6	-6	-1	-2	-1	2	2	-3	-3	-3	-3	1	1	-6	0	4	-2	-2	-4	-1	-3	-3	1	-4	1	-4	-1	-8	-8	1	2	9	-6	-6	3	3	2	2	-5	-5	-10	-10	4	3	3	-5	-5	0	-11	2	2	4	4	1	1	0	0	-1	-1	4	-5	-5	-1	-1	-1	-1	5	5	1	1	-1	2	2	-3	-3	-1	-1	-14	-14	2	2	7	7	19	-5	-5	-1	-1	-2	-2	2	2	-2	0	0	-1	-1	4	1	-6	-5	-8	-8	-2	-7	-7	-7	-7	-7	1	7	-2	-1	-1	-1	9	-7	3	-3	
0	-5	-3	-11	-11	18	-8	-5	4	5	5	-6	5	5	-3	-3	16	-10	3	-13	-13	-11	-45	6	6	-2	-2	6	22	-19	4	4	-7	-6	17	17	-1	-1	-1	5	-7	-5	-5	-13	-8	0	-7	-7	1	3	-1	-1	-5	-5	0	0	-2	7	7	0	0	5	5	6	6	10	10	-4	-2	-2	-8	-8	-1	1	-3	-3	3	3	6	-5	-1	-3	-3	-3	-4	-8	3	3	-6	-6	-1	-1	-4	-4	3	-8	-3	4	4	-8	-6	-7	-7	2	-7	-1	3	2	7	7	-5	-3	6	6	6	2	2	-5	-5	0	0	-2	-2	23	-14	-14	-2	-2	-5	-9	-10	-10	5	5	-15	-15	6	6	-6	-6	8	-2	-2	-3	-3	-9	-9	1	1	-22	-22	4	1	1	15	15	3	3	-4	-4	-7	-7	10	10	-1	-13	-13	5	5	-3	-3	-5	-5	-18	-1	-1	10	10	5	7	14	10	0	0	-7	12	12	-12	-12	-12	-19	5	-6	6	6	6	8	-3	7	-31	
11	-25	16	-14	-14	2	3	-28	1	6	6	3	14	14	8	8	3	-23	-2	-6	-6	-14	-15	13	13	-18	-18	-4	-8	-1	-8	-8	-3	-6	10	10	-5	-5	-1	-6	3	12	12	4	0	-5	-9	-9	17	-1	7	-7	-12	-12	5	5	4	0	0	-6	-6	6	6	2	2	2	2	-11	-11	-11	-13	-13	9	-3	-3	-3	5	5	6	-28	0	2	2	4	-10	8	-4	-4	7	7	-9	-9	-9	-9	-17	-8	1	3	3	-23	-1	3	3	4	-5	4	-15	2	-8	-8	1	3	6	9	9	4	4	3	3	2	2	9	9	-6	-1	-1	6	6	5	3	0	0	-13	-13	-3	-3	-9	-9	1	1	5	3	3	0	0	-4	-4	-2	-2	-13	-13	12	1	1	-2	-2	15	15	-9	-9	2	2	-7	-7	-11	-3	-3	-9	-9	-3	-3	-1	-1	-2	2	2	6	6	-4	6	11	3	-1	-1	-8	4	4	20	20	20	-13	0	-7	5	5	5	-14	-2	7	1	
3	3	15	-9	-9	-5	-5	-16	3	1	1	0	-5	-5	3	3	10	-10	-13	-2	-2	-3	-4	-1	-1	-2	-2	-5	-6	7	1	1	-5	-5	8	8	0	0	-4	0	1	-5	-5	-6	8	-7	5	5	0	-1	-1	-3	-2	-2	-5	-5	8	1	1	-5	-5	5	5	5	5	4	4	-5	-2	-2	-5	-5	-4	-1	-3	-3	-1	-1	-7	-5	3	-3	-3	0	-6	0	-3	-3	2	2	-1	-1	-12	-12	1	1	-10	3	3	-8	1	1	1	3	-6	2	-9	5	3	3	-2	9	-6	3	3	-1	-1	-1	-1	9	9	3	3	2	-6	-6	-2	-2	6	7	8	8	-8	-8	-5	-5	-11	-11	-9	-9	-3	-1	-1	4	4	2	2	6	6	6	6	11	-9	-9	-3	-3	1	1	-2	-2	-6	-6	-2	-2	-5	6	6	-6	-6	1	1	4	4	-4	0	0	6	6	2	0	1	-1	-5	-5	-7	2	2	10	10	10	-12	-5	-17	11	11	11	2	-1	-1	9	
8	-9	13	-6	-6	-20	-22	7	10	-1	-1	10	-8	-8	17	17	-7	-32	-4	-8	-8	-8	-18	-40	-40	7	7	-36	-7	29	-7	-7	17	-8	18	18	20	20	16	17	-18	-12	-12	-24	-25	14	19	19	11	-7	-22	-65	29	29	-22	-22	36	12	12	-11	-11	-21	-21	26	26	24	24	-18	-8	-8	5	5	-11	-7	0	0	3	3	-75	24	25	6	6	-3	2	-8	-14	-14	37	37	15	15	-77	-77	27	5	-5	40	40	2	15	34	34	6	-9	4	-8	33	-64	-64	21	-5	-48	6	6	1	1	5	5	25	25	22	22	19	-64	-64	16	16	-2	18	-32	-32	20	20	-12	-12	-29	-29	-54	-54	2	14	14	-2	-2	12	12	27	27	12	12	53	-38	-38	11	11	-3	-3	6	6	-22	-22	6	6	4	-6	-6	41	41	3	3	5	5	-39	12	12	-28	-28	65	28	-1	-1	-20	-20	-4	3	3	1	1	1	-73	0	-60	42	42	42	1	10	-55	36	
3	-6	-11	-12	-12	7	0	4	3	2	2	2	3	3	6	6	2	1	-4	-5	-5	-3	2	-3	-3	-3	-3	0	18	18	-5	-5	-4	-9	7	7	-5	-5	-2	7	-8	-2	-2	-7	-8	16	-2	-2	0	-7	-4	-2	3	3	-13	-13	5	-1	-1	-3	-3	-1	-1	-2	-2	4	4	-1	-7	-7	-2	-2	0	-2	0	0	0	0	-14	-2	5	-2	-2	-7	-2	-2	-3	-3	5	5	2	2	-12	-12	9	8	-5	8	8	-4	2	2	2	0	-11	0	-8	14	-11	-11	1	0	-12	-8	-8	-4	-4	-1	-1	7	7	7	7	5	-15	-15	7	7	5	-3	11	11	1	1	-2	-2	-32	-32	3	3	-8	6	6	2	2	3	3	-1	-1	1	1	12	-2	-2	-3	-3	2	2	-11	-11	-9	-9	7	7	2	7	7	1	1	-4	-4	6	6	-1	3	3	-6	-6	9	-4	6	-8	-11	-11	-1	22	22	-3	-3	-3	-12	-6	-13	7	7	7	1	-3	0	6	
3	-2	0	1	1	-3	1	-5	-5	-11	-11	-14	11	11	6	6	10	-11	-6	3	3	-3	0	2	2	-6	-6	-5	-1	4	-6	-6	-1	4	4	4	0	0	-4	4	11	1	1	-7	-10	-3	0	0	1	-4	-2	-3	1	1	-4	-4	2	-4	-4	3	3	-4	-4	-1	-1	1	1	-5	0	0	-2	-2	-1	-6	-1	-1	-3	-3	-4	-4	5	-4	-4	-2	-1	-3	1	1	2	2	-3	-3	-5	-5	0	3	-3	3	3	-4	0	1	1	-2	1	-2	0	2	11	11	0	0	-9	-3	-3	-2	-2	-4	-4	0	0	0	0	-4	1	1	-1	-1	1	-5	5	5	-2	-2	-3	-3	-29	-29	-8	-8	9	4	4	5	5	3	3	18	18	7	7	1	-5	-5	-3	-3	-2	-2	13	13	-6	-6	-9	-9	-6	-1	-1	-4	-4	-3	-3	4	4	-6	1	1	1	1	-2	0	2	-4	-23	-23	6	2	2	4	4	4	-3	1	-1	3	3	3	1	-3	2	-2	
-1	-3	2	-2	-2	1	0	1	-2	-5	-5	-3	1	1	-2	-2	3	-3	-2	-1	-1	-2	2	1	1	-5	-5	-3	0	1	-5	-5	-1	2	5	5	5	5	-1	-1	1	-1	-1	-2	-2	-1	-5	-5	0	0	-1	-6	-1	-1	-1	-1	0	0	0	1	1	-3	-3	0	0	1	1	-4	-5	-5	-1	-1	-3	-2	0	0	-1	-1	-1	-4	3	-3	-3	0	-2	-1	0	0	-1	-1	-1	-1	-3	-3	-3	0	-1	0	0	0	-3	1	1	-2	2	0	0	0	-3	-3	0	1	-3	0	0	-1	-1	-3	-3	-2	-2	-4	-4	-3	1	1	-1	-1	1	-3	5	5	-1	-1	-1	-1	-3	-3	-3	-3	1	-2	-2	2	2	0	0	5	5	0	0	-1	0	0	-3	-3	-2	-2	-5	-5	-1	-1	-4	-4	2	-4	-4	-2	-2	1	1	5	5	0	3	3	1	1	0	-1	-2	-3	-5	-5	-1	-3	-3	-1	-1	-1	1	1	-3	1	1	1	1	-3	1	-5	
Trial:2
5	5	1	1	-6	10	10	-1	-1	-5	4	4	-4	-4	-6	-6	0	0	-5	-5	4	-14	-14	-9	-9	-9	2	10	10	-4	-4	0	-3	4	4	-4	-4	1	8	-3	8	8	1	1	3	0	1	1	-3	1	-25	-25	14	14	-5	1	0	0	-4	1	-1	-1	-2	-2	-2	1	1	3	-29	-29	2	2	3	3	6	6	0	8	8	0	0	-3	-3	3	-5	-5	-5	-4	-4	-5	-2	-2	12	12	3	1	-4	-4	-3	-3	-3	0	4	3	3	-3	1	-3	-2	22	-1	-2	-3	-5	-9	-9	-1	6	-1	-8	-8	-8	-1	2	-2	4	4	-13	-6	7	7	-3	2	6	0	3	-1	-1	-1	-5	-4	-2	-2	0	1	-6	-3	-2	1	-4	2	-1	6	6	-5	-5	-3	3	3	-7	-3	3	-4	10	-1	0	0	-2	-5	-5	2	2	0	2	-1	-1	1	1	6	-6	-6	-3	-3	-5	-4	1	7	1	1	2	-8	-8	-4	-4	-3	-7	-10	0	0	0	
9	9	-2	-2	-5	13	13	-5	-5	-9	8	8	-6	-6	-4	-4	-6	-6	5	5	10	9	9	-7	-7	-7	-7	8	8	-5	-5	-19	3	5	5	-10	-10	-6	21	2	16	16	1	1	-2	-1	5	5	-2	1	-19	-19	6	6	-2	-3	4	4	-3	-2	-8	3	4	4	4	-5	-5	-3	-35	-35	-2	-2	-5	-5	11	11	-4	21	21	-5	-5	-3	-3	-1	12	12	12	-2	-2	-3	-1	4	5	5	-2	-2	-12	-12	-7	-7	-17	3	9	1	1	1	-2	-7	-3	21	-9	-11	6	10	-3	-3	-6	13	-8	11	11	11	-3	1	-5	-10	-10	-4	-7	3	3	-2	-5	-6	-3	-4	5	5	0	1	10	-1	-1	-9	-1	-15	-3	3	-1	2	7	0	6	6	-8	-8	0	-4	-4	-6	3	0	5	15	-22	-4	-4	-13	-4	-4	0	0	-4	3	7	7	-7	-7	0	-5	-5	2	2	-1	3	6	6	-9	-9	-5	-4	-4	1	1	4	-13	-1	-7	-7	0	
1	1	2	2	0	-10	-10	14	14	10	0	0	2	2	1	1	-4	-4	2	2	-16	5	5	0	0	0	0	26	26	-5	-5	1	2	-5	-5	-10	-10	-12	-8	4	-20	-20	5	5	-10	5	3	3	5	4	-35	-35	-14	-14	8	-1	2	2	0	-18	-4	-6	17	17	17	-9	-9	9	-26	-26	14	14	19	19	-5	-5	7	35	35	-9	-9	-7	-7	2	10	10	10	-32	-32	-1	1	2	11	11	-23	-8	-5	-5	-22	-22	-5	4	15	2	2	8	-9	1	3	7	4	-12	12	10	-4	-4	-2	10	-8	3	3	3	6	-3	-2	-5	-5	0	-5	-2	-2	2	-5	-4	0	-4	11	11	3	-9	-14	-14	-14	8	8	6	6	13	-14	7	-2	6	-3	-3	-1	-1	-8	-15	-15	13	-6	2	2	0	-12	-5	-5	-8	-3	-3	-15	-15	7	-2	-1	-1	-4	-4	-18	9	9	3	3	4	8	-2	-2	5	5	6	-2	-2	-1	-1	-1	-3	8	-6	-6	2	
3	3	-4	-4	-5	5	5	-3	-3	2	3	3	-2	-2	4	4	-5	-5	3	3	-3	-2	-2	-15	-15	-15	6	9	9	-5	-5	7	4	5	5	3	3	-10	-1	-1	0	0	-10	-10	4	-1	-2	-2	1	12	-6	-6	-6	-6	0	2	6	6	1	-10	-2	-5	9	9	9	-9	-9	-2	2	2	2	2	21	21	-2	-2	-8	4	4	-7	-7	-3	-3	1	4	4	4	-12	-12	-17	-2	8	10	10	-1	2	1	1	-4	-4	-7	3	-1	-16	-16	6	0	3	-7	12	4	-4	0	-2	-2	-2	0	9	-23	8	8	8	7	-4	1	-5	-5	7	-4	-3	-3	5	-3	-2	2	-4	2	2	-3	-7	-2	-2	-2	1	6	-7	3	3	-15	6	4	-5	1	1	9	9	-3	-7	-7	-6	-2	3	1	-5	-6	11	11	-4	-5	-5	-5	-5	-4	-2	-2	-2	-11	-11	11	-6	-6	-6	-6	5	-1	3	-2	-6	-6	-9	1	1	2	2	4	-1	-2	-2	-2	-3	
22	22	-40	-40	-20	16	16	73	73	11	14	14	-13	-13	9	9	-9	-9	-2	-2	26	-35	-35	-32	-32	-32	19	24	24	23	23	-10	22	7	7	-24	-24	-9	-14	-22	-12	-12	-2	-2	7	-2	-53	-53	37	-14	11	11	-10	-10	27	11	23	23	-26	-13	-8	3	13	13	13	15	15	-22	5	5	-7	-7	4	4	24	24	-20	11	11	14	14	-2	-2	-3	-58	-58	-58	-9	-9	-4	19	24	20	20	-4	1	7	7	-10	-10	-5	43	-7	-93	-93	22	-2	22	7	24	5	-12	-19	-15	26	26	-10	21	-27	19	19	19	16	16	-1	-5	-5	21	-35	-11	-11	2	5	-3	8	-58	29	29	-13	3	37	2	2	-61	4	23	2	24	-66	17	23	-4	11	11	20	20	25	-8	-8	-46	-37	12	1	-8	-1	15	15	-6	-3	-3	-9	-9	6	11	9	9	-10	-10	14	-9	-9	-89	-89	18	-5	9	12	6	6	-14	14	14	1	1	13	-13	34	3	3	-20	
8	8	-11	-11	-3	1	1	4	4	1	3	3	-10	-10	-1	-1	-1	-1	3	3	9	-7	-7	-10	-10	-10	10	3	3	1	1	-10	2	8	8	-1	-1	-5	-9	-7	4	4	0	0	-10	-4	-3	-3	8	10	-3	-3	-4	-4	1	3	0	0	-1	-9	3	5	-3	-3	-3	-7	-7	-8	5	5	4	4	7	7	-3	-3	-5	3	3	-7	-7	-3	-3	1	3	3	3	-7	-7	1	3	10	0	0	-6	2	0	0	-1	-1	-4	0	-5	-19	-19	6	-5	-1	0	0	5	-43	-7	12	12	12	3	5	1	-9	-9	-9	2	3	5	1	1	7	-2	2	2	2	-6	3	-13	5	2	2	-20	-5	3	-6	-6	-14	1	-1	17	6	-11	12	8	3	4	4	4	4	1	2	2	-11	-5	2	-4	-7	4	7	7	-3	11	11	-10	-10	-4	-3	-7	-7	-1	-1	5	-4	-4	-10	-10	4	0	7	-1	-4	-4	-5	-1	-1	0	0	7	-1	-11	3	3	-7	
1	1	-1	-1	-3	4	4	-4	-4	-4	-3	-3	3	3	-4	-4	-2	-2	1	1	-3	-17	-17	5	5	5	6	1	1	-1	-1	4	-6	0	0	0	0	-1	3	-6	2	2	-1	-1	0	-4	2	2	0	4	2	2	-7	-7	0	1	0	0	1	-7	-4	1	2	2	2	-10	-10	2	-1	-1	3	3	5	5	3	3	-2	0	0	-3	-3	0	0	0	-3	-3	-3	-4	-4	-3	-1	1	2	2	-21	5	-1	-1	3	3	0	-1	1	0	0	-4	5	4	-3	-4	2	-2	0	1	-1	-1	2	3	-4	-2	-2	-2	-2	-3	3	0	0	-4	-5	-1	-1	2	0	-1	-2	2	2	2	0	-11	-4	-2	-2	-1	-1	-1	2	-1	-3	2	0	-1	1	1	-7	-7	5	-2	-2	-1	-2	0	-3	0	0	1	1	-3	-2	-2	-1	-1	7	-3	-2	-2	-4	-4	0	-7	-7	-9	-9	1	2	-1	1	-1	-1	0	-1	-1	1	1	2	-4	-5	1	1	-1	
-2	-2	-1	-1	-2	1	1	-2	-2	-4	0	0	-2	-2	-2	-2	-1	-1	-1	-1	-1	-4	-4	-2	-2	-2	3	1	1	1	1	1	-6	0	0	1	1	3	-1	-1	2	2	-3	-3	-1	-1	2	2	-1	-1	-6	-6	-1	-1	-2	1	-1	-1	-1	-6	1	-2	0	0	0	-11	-11	2	-2	-2	2	2	4	4	2	2	0	0	0	0	0	-2	-2	1	-4	-4	-4	-4	-4	-3	-2	4	2	2	-4	-1	-2	-2	-2	-2	0	-2	0	-2	-2	-1	0	-2	-1	-4	0	-1	-1	-1	-2	-2	2	-4	-1	-2	-2	-2	-3	-1	2	3	3	-4	-3	1	1	1	0	2	-3	0	-1	-1	2	-2	-6	-1	-1	-1	-3	-1	2	-1	0	1	0	-2	-1	-1	0	0	-2	-2	-2	-4	-3	0	-3	2	1	1	1	1	-2	-2	-1	-1	-2	0	-3	-3	-2	-2	3	-6	-6	-3	-3	1	1	1	1	1	1	0	-2	-2	-2	-2	-1	-5	-7	3	3	1	
Trial:3
1	-3	-3	-2	-17	0	0	0	0	9	-3	-3	0	5	-4	-2	-2	6	6	-1	-1	1	1	-9	-9	-2	-2	-2	-2	3	-7	8	0	0	-12	-12	-88	-45	0	1	1	25	26	26	16	16	16	13	1	8	5	-8	14	-4	-19	4	11	11	-19	4	1	11	11	6	6	-10	-10	-5	-23	8	8	11	-17	-17	-1	6	5	-36	-36	2	-5	-29	10	-19	-19	10	-4	10	10	2	2	-18	0	4	10	10	-7	-16	4	2	2	1	7	6	-11	-11	9	6	2	-15	3	3	6	6	-9	1	1	21	21	11	-3	-3	-10	-10	-10	-2	-1	-1	-3	-3	0	-4	7	7	-17	6	0	-6	-6	2	2	9	-5	-8	-2	-2	-3	-3	-1	-1	2	2	-5	-2	-2	0	0	3	3	4	-15	13	-4	-2	-2	-9	-9	-9	-6	-6	-11	-11	7	7	-2	-5	11	-1	-1	8	0	-10	0	0	-10	-4	-3	1	-1	-1	5	5	1	-5	-5	-4	-4	4	3	3	
7	-1	-1	-18	14	-5	-5	-4	-4	7	3	3	2	-1	-7	-14	-14	0	0	-6	-6	2	2	-13	-13	-7	-2	-2	-2	10	-11	2	3	3	13	13	-4	9	6	-19	-19	6	24	24	-10	9	9	1	-6	-4	-8	15	-2	-11	-19	5	2	2	-17	-5	-7	9	9	32	32	-13	-13	-30	3	2	2	6	4	4	-22	2	22	8	8	1	-29	-8	-5	-5	-5	8	2	-5	-5	14	14	-13	-4	-9	-14	-14	0	5	12	4	4	3	-2	-17	-7	-7	0	8	17	-12	-2	-2	12	12	-14	3	3	6	6	9	5	5	-8	-8	-8	2	-6	-6	0	0	2	-13	8	8	-18	-1	3	-1	-1	2	2	4	-15	-14	10	10	-11	-11	0	0	7	7	-2	-7	-7	-27	-27	3	-2	7	-8	17	2	2	-3	4	-8	-8	-5	-5	-6	-6	4	4	0	-1	0	7	7	7	8	-10	-7	-7	-3	-4	3	5	-8	-8	3	3	4	-2	-2	1	1	1	-1	-1	
-1	5	5	-6	8	-9	-9	4	4	8	-3	-3	7	-2	-5	4	4	1	1	-9	-9	15	15	-2	-2	-4	-11	-11	-11	2	-5	-1	-11	-11	6	6	-6	11	-8	0	0	-16	6	6	-2	8	8	-5	-3	-2	1	-19	1	0	-9	-5	7	7	23	0	-44	3	3	9	9	0	0	13	-6	13	13	-5	14	14	-18	2	-2	11	11	2	-11	4	-1	18	18	-6	2	-10	-10	-17	-17	-8	11	-2	9	9	-7	24	8	-2	-2	-1	-15	2	-5	-5	-9	1	8	-30	1	1	12	12	10	-2	-2	-6	-6	-22	0	0	17	17	17	5	-1	-1	-3	-3	-3	3	5	5	-11	-14	3	5	5	6	6	1	2	-9	2	2	-4	-4	-5	-5	-5	-5	2	3	3	-22	-22	11	-8	9	6	4	3	3	0	-4	-10	-10	-8	-8	14	14	6	6	-4	-7	-34	6	6	-2	22	-13	-9	-9	17	-13	17	3	1	1	3	3	-9	-5	-5	-5	-5	5	-5	-5	
2	1	1	-4	9	-1	-1	-4	-4	5	-9	-9	11	-1	-1	9	9	5	5	-1	-1	6	6	-4	-4	6	-5	-5	-5	6	-8	4	-11	-11	4	4	-5	10	-8	2	2	-19	1	1	10	7	7	-13	2	-1	5	-27	3	2	-6	-5	1	1	27	-8	-21	-14	-14	10	10	0	0	0	2	2	2	-3	18	18	-15	-6	-6	-1	-1	8	-2	8	4	32	32	-2	3	-16	-16	-12	-12	4	11	-10	8	8	-11	2	5	1	1	6	-1	0	-6	-6	-7	-4	4	-14	0	0	8	8	-1	-8	-8	2	2	-16	2	2	16	16	16	3	2	2	-2	-2	6	-7	-9	-9	0	-4	-4	-2	-2	-6	-6	8	-1	-6	-3	-3	5	5	-7	-7	-2	-2	-15	8	8	-15	-15	4	-3	-4	7	9	-7	10	-1	1	-8	-8	-5	-5	1	1	4	4	8	6	-23	6	6	-1	24	-3	4	4	-2	-6	17	-1	6	6	-5	-5	-11	-3	-3	-3	-3	-2	1	1	
4	14	14	-4	17	-9	-9	-6	-6	-11	1	1	65	-10	16	28	28	7	7	-3	-3	19	19	-3	-3	16	-4	-4	-4	5	-15	-5	24	24	1	1	-20	11	0	-10	-10	-62	-60	-60	18	37	37	-41	-12	31	0	15	-8	12	-6	7	-25	-25	10	-50	18	-33	-33	10	10	-63	-63	20	-1	12	12	9	22	22	9	10	30	-105	-105	4	26	16	8	63	63	-1	-9	-39	-39	32	32	-24	7	-2	16	16	1	-4	4	-9	-9	32	13	2	-14	-14	-7	-43	-8	-64	14	14	33	33	13	-1	-1	11	11	13	1	1	28	28	28	12	-53	-53	-4	-4	23	-55	11	11	27	-17	-16	-17	-17	-82	-82	22	-15	-2	8	8	11	11	-2	-2	12	12	-78	8	8	-26	-26	-7	-20	5	-15	31	1	24	-5	7	5	5	-1	-1	-68	-68	14	14	44	31	-85	19	19	16	42	6	12	12	-7	12	39	11	18	18	23	23	1	-4	-4	43	43	-12	-5	-5	
1	1	1	-5	0	0	0	-1	-1	1	-1	-1	11	-4	12	5	5	10	10	2	2	2	2	-5	-5	7	-6	-6	-6	1	-11	-3	-5	-5	-5	-5	-2	6	0	4	4	-9	-1	-1	4	-2	-2	-22	6	4	21	-22	4	3	-2	4	2	2	8	-1	-14	-21	-21	15	15	-3	-3	2	-1	1	1	-1	14	14	-21	-15	1	-10	-10	5	14	-25	18	16	16	-9	-1	-15	-15	-5	-5	-4	9	-3	4	4	3	12	1	5	5	-1	2	-4	-10	-10	29	2	-3	-6	5	5	3	3	-1	1	1	0	0	-7	3	3	16	16	16	2	-7	-7	-13	-13	7	-9	1	1	3	-1	-6	-9	-9	-13	-13	7	2	0	1	1	4	4	-9	-9	2	2	-27	5	5	-4	-4	-2	-5	-5	2	7	-2	9	-3	3	-3	-3	-1	-1	-20	-20	2	2	11	2	-4	10	10	-2	8	-4	0	0	0	-3	7	-2	6	6	0	0	0	-5	-5	8	8	-4	-6	-6	
1	0	0	1	-3	-1	-1	-2	-2	0	-4	-4	2	2	3	-2	-2	0	0	2	2	1	1	-1	-1	3	-2	-2	-2	1	-3	0	-5	-5	-4	-4	1	-5	-4	3	3	-3	-2	-2	0	9	9	-4	-3	8	1	-10	11	-13	9	-10	-9	-9	2	-5	-15	-11	-11	12	12	5	5	-9	11	-8	-8	-2	2	2	-9	-6	-5	-5	-5	8	1	-3	3	8	8	-2	-3	-7	-7	-4	-4	-6	4	-18	9	9	0	5	7	-1	-1	3	1	0	-15	-15	-4	3	-2	0	4	4	1	1	3	-4	-4	4	4	-4	-2	-2	5	5	5	0	-2	-2	-5	-5	-1	-7	1	1	-1	-1	-1	0	0	-3	-3	5	1	-1	-4	-4	-1	-1	-2	-2	-4	-4	-4	-2	-2	-4	-4	1	0	-5	11	4	-1	1	-1	-1	-1	-1	0	0	0	0	-5	-5	0	2	-4	0	0	-3	-2	0	10	10	-1	3	0	-5	-1	-1	-4	-4	-2	0	0	0	0	-5	0	0	
3	2	2	1	-10	-1	-1	1	1	1	-4	-4	1	1	3	0	0	-1	-1	-1	-1	-3	-3	-2	-2	0	1	1	1	-2	-2	1	-4	-4	-9	-9	0	12	14	1	1	0	-7	-7	0	-1	-1	-1	-5	5	-2	-9	3	1	0	1	2	2	-6	-6	-4	1	1	-3	-3	-1	-1	-5	6	-8	-8	2	1	1	-8	-1	0	-10	-10	1	2	-8	5	2	2	3	-5	1	1	-4	-4	-8	4	-1	6	6	-4	-4	1	0	0	-1	3	3	-2	-2	0	-1	-1	1	4	4	-1	-1	-3	-2	-2	3	3	-2	0	0	0	0	0	-1	-4	-4	-3	-3	-2	-6	1	1	-4	0	0	1	1	-2	-2	-1	2	-1	0	0	-1	-1	0	0	-4	-4	-3	-4	-4	3	3	0	-1	3	-8	1	-1	0	-1	-3	2	2	-1	-1	-4	-4	-2	-2	-5	-2	2	-1	-1	-1	-7	-4	2	2	-4	-2	-4	2	1	1	-1	-1	-2	0	0	0	0	-2	-1	-1	
Trial:4
5	1	-5	-5	0	0	0	-13	7	3	3	-6	-3	-7	3	0	0	3	-11	1	-3	-3	-1	9	-3	-3	4	4	-9	-3	-3	6	6	-1	-1	-12	-5	-5	6	6	-3	8	8	-5	-5	-5	1	3	3	-3	1	-1	-5	-5	-5	-2	0	-4	-3	-2	-3	2	2	14	14	-2	-2	0	2	0	-6	-6	-11	-11	-9	-9	-1	-1	2	-8	1	-10	-10	4	7	3	-2	-2	-5	4	7	7	1	1	-4	-6	-2	1	1	1	3	1	1	-2	-2	2	-7	-2	-9	-9	11	5	-2	-2	-1	-1	-15	-15	-2	-5	-5	-12	-12	3	6	6	-2	10	6	1	0	0	-1	-1	-1	-8	-8	5	5	0	-3	1	-5	-5	-2	3	2	2	2	-5	-4	3	3	0	0	-2	-8	-6	-7	-7	-7	3	0	2	2	-5	0	4	2	11	11	7	-8	-2	-4	-4	-3	-3	-14	-14	0	0	-13	-3	10	-7	-7	0	3	-4	-4	7	7	0	0	1	-10	-10	1	-6	
13	1	-6	-6	-12	-12	6	-1	5	6	6	-9	-3	2	-4	-29	-29	20	-17	-3	-7	-7	-7	4	2	2	9	9	2	-1	-1	3	3	3	7	4	-3	-3	-7	-7	2	6	6	4	4	-10	1	0	0	-2	-3	-6	-5	-5	-5	-7	-1	-3	-1	12	-5	-1	-1	15	15	0	0	1	2	7	1	1	-18	-18	2	2	0	0	-7	-2	14	11	11	-5	3	-1	-1	-1	-2	1	3	3	-14	1	-5	12	-31	7	7	3	5	7	7	13	13	4	-4	-10	-3	-3	12	0	-4	-4	1	1	1	1	-6	5	5	-13	-13	0	-7	-7	1	-12	9	1	-15	-15	0	0	2	1	1	1	1	7	-1	1	12	12	-15	9	-3	-3	6	-5	-13	1	1	8	8	-3	-1	0	-4	-4	-4	1	6	10	10	-1	-2	6	-7	-6	-6	6	-15	21	-9	-9	-9	-9	-9	-9	-5	-5	-17	-3	20	-2	-2	7	4	-12	-12	6	6	-4	-4	-1	-13	-13	1	3	
10	2	9	9	-1	-1	2	-7	-6	3	3	-3	-1	1	0	-5	-5	2	-13	4	-11	-11	-3	-4	-1	-1	5	5	-4	14	14	4	4	4	11	-4	2	2	0	0	-11	-6	-6	-1	-1	8	-5	0	0	2	-2	-13	-1	-1	-1	0	-3	1	-2	-5	8	-6	-6	0	0	3	3	-4	-9	10	-3	-3	-3	-3	-5	-5	3	3	-2	2	0	-2	-2	-1	1	2	3	3	-5	4	-13	-13	0	0	-3	-3	-7	4	4	-13	-8	17	17	9	9	-6	-2	-7	19	19	-10	-1	-5	-5	9	9	-3	-3	10	-9	-9	-3	-3	-12	9	9	-9	-6	20	2	-11	-11	-3	-3	6	-7	-7	-13	-13	5	-10	-3	1	1	-4	0	7	7	4	-17	-8	-1	-1	1	1	-5	0	-3	-1	-1	-1	9	-2	4	4	-1	-9	6	-7	-2	-2	-4	-5	-3	6	6	1	1	13	13	-5	-5	2	-4	-10	2	2	10	0	-6	-6	-2	-2	-7	-7	7	-11	-11	-4	3	
-1	3	6	6	-1	-1	1	4	-3	1	1	-3	8	2	-7	-1	-1	2	-4	8	-4	-4	5	-3	-5	-5	2	2	-3	6	6	7	7	-2	8	-7	1	1	-5	-5	-6	2	2	-3	-3	-4	-10	-6	-6	-4	-1	5	-3	-3	-3	5	2	3	-8	0	4	0	0	-1	-1	2	2	-2	-11	2	-1	-1	-2	-2	-3	-3	6	6	-3	1	-2	1	1	-10	-1	7	-1	-1	-2	3	-7	-7	-5	-5	6	-4	-1	3	3	-4	-8	7	7	9	9	-5	2	-10	4	4	-15	-2	2	2	0	0	-2	-2	13	-6	-6	2	2	-12	-6	-6	-2	6	14	-4	-8	-8	1	1	-2	-4	-4	9	9	0	-6	2	-1	-1	1	8	-1	-1	2	1	-8	-5	-5	3	3	3	-1	-1	5	5	5	5	-1	-1	-1	-3	-6	0	-7	-3	-3	1	-4	-1	-1	-1	4	4	12	12	-4	-4	0	-2	-6	0	0	2	0	0	0	-6	-6	-2	-2	9	-11	-11	-3	3	
-1	13	25	25	8	8	-1	26	-22	-18	-18	-1	-4	12	-21	-24	-24	19	24	9	-6	-6	-3	-11	6	6	10	10	-4	-10	-10	39	39	15	0	-14	-6	-6	1	1	4	-6	-6	-4	-4	-45	0	-2	-2	-1	9	17	-29	-29	-29	12	5	6	5	14	-2	13	13	0	0	3	3	-11	3	-16	-22	-22	10	10	-2	-2	27	27	-1	-16	-27	3	3	-9	-38	31	-9	-9	11	18	-17	-17	-54	6	18	-48	16	11	11	0	-22	4	4	-13	-13	0	-22	-35	-11	-11	11	-18	5	5	-6	-6	4	4	35	3	3	0	0	-63	27	27	14	15	5	-6	-18	-18	7	7	-16	-5	-5	63	63	2	-12	-18	23	23	3	30	-18	-18	-3	18	7	32	32	11	11	-6	-18	0	-15	-15	-15	10	-19	13	13	-4	-21	-12	-8	-37	-37	4	-14	15	-12	-12	-2	-2	5	5	-4	-4	-4	17	-4	-5	-5	-1	-9	-6	-6	14	14	2	2	12	-25	-25	16	-19	
-8	8	8	8	-3	-3	-1	13	-5	1	1	1	-10	8	-8	-9	-9	-3	-1	9	-7	-7	-7	-21	8	8	-3	-3	0	-6	-6	22	22	-6	9	4	-5	-5	3	3	-12	-7	-7	-8	-8	-5	6	3	3	-4	-3	0	12	12	12	-6	-1	-5	-3	0	-4	-2	-2	18	18	-7	-7	3	2	10	-9	-9	0	0	-6	-6	5	5	-8	-6	-12	-11	-11	3	1	1	2	2	3	4	-3	-3	1	-6	-3	-11	1	4	4	-1	-5	1	1	6	6	-1	9	-9	-14	-14	-1	-9	-2	-2	-4	-4	3	3	3	-8	-8	0	0	-6	6	6	1	3	-2	18	8	8	-12	-12	-11	-3	-3	8	8	-11	-17	5	-1	-1	6	13	-5	-5	-2	8	-6	-2	-2	4	4	1	-3	0	-1	-1	-1	11	-14	1	1	-8	-6	-6	-3	1	1	-4	-19	8	-3	-3	4	4	2	2	-8	-8	1	4	-4	-4	-4	2	5	4	4	-7	-7	-1	-1	7	-6	-6	6	4	
-2	10	-6	-6	3	3	3	0	-4	0	0	-16	3	-1	-8	3	3	3	0	4	4	4	0	-3	4	4	-15	-15	-5	3	3	7	7	2	1	-2	1	1	4	4	3	-5	-5	1	1	-1	-1	2	2	-9	-17	-1	-4	-4	-4	3	-1	-1	-1	-1	-3	9	9	-3	-3	-3	-3	-2	0	-2	-1	-1	1	1	-5	-5	0	0	0	-2	-1	-2	-2	-3	3	4	0	0	-4	-1	-4	-4	-1	-1	1	8	-21	8	8	1	-1	0	0	2	2	2	2	-3	0	0	-4	-6	-1	-1	0	0	-3	-3	4	-2	-2	-12	-12	1	2	2	0	4	3	-1	2	2	1	1	1	-2	-2	2	2	-2	-1	1	-2	-2	1	3	7	7	4	3	-7	-8	-8	2	2	-3	3	0	-15	-15	-15	-1	0	2	2	-3	-3	-5	-2	1	1	-6	-4	-1	-1	-1	4	4	4	4	-1	-1	-5	1	-1	0	0	0	2	0	0	-1	-1	-2	-2	5	-5	-5	1	-2	
-2	1	-2	-2	1	1	-1	-5	-3	-1	-1	-1	2	-5	-4	5	5	-1	0	1	-1	-1	-4	-1	-2	-2	-4	-4	-2	-1	-1	1	1	3	0	-7	0	0	2	2	0	-2	-2	1	1	-3	1	1	1	-4	-4	-2	-2	-2	-2	-1	-1	-3	-1	-1	-1	1	1	0	0	-1	-1	-2	1	-2	0	0	-3	-3	-2	-2	2	2	0	-2	0	-5	-5	-2	1	3	-3	-3	-1	0	-3	-3	0	1	0	3	-3	0	0	0	-3	0	0	1	1	1	-2	-1	-2	-2	-2	-3	0	0	-2	-2	-4	-4	1	-5	-5	-2	-2	-1	2	2	-1	5	-2	1	1	1	-2	-2	1	-4	-4	0	0	-4	-2	0	-2	-2	2	0	-2	-2	0	-1	-2	-1	-1	-1	-1	-2	-6	-1	-6	-6	-6	-2	-1	1	1	-5	0	-3	0	5	5	-3	-1	-2	0	0	2	2	-3	-3	-1	-1	-6	-2	0	-3	-3	-1	2	0	0	-3	-3	1	1	3	-4	-4	0	-4	
Trial:5
4	6	6	-8	-8	-5	-7	-7	-2	-2	-4	3	3	1	1	1	1	-4	0	1	1	3	-6	-2	-5	-5	0	0	-6	-6	6	6	1	1	2	-2	-2	-7	-5	-5	-5	0	0	-3	-6	1	-4	-3	0	0	-3	2	0	0	-4	-4	-5	-4	-4	3	3	-2	0	-8	5	5	-3	-3	1	1	-1	-1	-1	-5	-3	-5	-5	-13	-2	3	1	1	0	0	2	2	1	1	-2	3	1	0	0	2	1	-2	-3	-3	-6	1	1	1	-4	-4	4	-4	10	-13	-13	1	2	-4	-4	2	2	1	-3	5	9	9	-1	1	-14	-14	0	0	4	8	2	-12	-12	-2	-2	-2	-2	7	7	-3	-3	2	-1	-1	4	4	0	-6	-6	2	2	-4	0	-4	-9	3	3	4	-3	-3	-5	-5	2	0	-5	-2	-2	3	3	-2	-2	-6	-6	15	-3	-3	-3	-3	-2	-2	-4	-4	1	1	-2	6	-7	-3	-3	-2	3	0	0	3	3	-5	0	-6	2	2	-3	6	
-2	-1	-1	11	11	-2	-7	-7	-9	-9	-3	-7	-7	-1	-1	6	3	-5	11	1	1	-3	-3	1	0	0	-5	-5	-2	-2	8	8	3	3	5	-9	-9	-9	-6	0	0	-1	-1	-2	-1	-3	-8	-9	-1	-1	-7	9	-2	-2	-10	-10	-14	0	0	7	7	0	6	7	9	9	-8	-8	-4	-4	-5	-5	-5	0	-4	-7	-7	-11	0	3	5	5	1	1	-2	-2	-3	-3	-4	5	2	-6	-6	-1	-6	-2	15	15	-7	9	-3	-3	-4	-4	1	-3	9	-27	-27	7	13	5	5	-1	-1	-5	14	4	-2	-2	5	7	-4	-4	-3	-3	2	-4	1	-10	-10	-3	-3	-3	-3	5	5	12	12	14	-6	-6	-9	-9	-1	-11	-11	-7	-7	1	6	-1	0	2	2	3	3	3	-1	-1	3	-4	-4	0	0	16	16	-8	-8	-3	-3	7	-7	-7	-7	-7	1	1	-14	-14	4	4	5	7	-6	-4	-4	0	0	5	5	-7	-7	-6	8	0	7	7	-8	0	
15	-1	-1	3	3	-7	1	1	-4	-4	-6	4	4	3	3	-2	1	0	13	-8	-8	-1	7	-3	-10	-10	2	2	-1	-1	-1	-1	7	7	0	-11	-11	-5	-2	3	3	12	12	-2	1	-2	-4	-7	-3	-3	8	-11	5	5	-18	-18	-14	5	5	15	15	-4	9	11	19	19	-5	-5	-9	-9	-4	-4	11	6	-10	-8	-8	-9	-2	-2	-13	-13	14	14	6	6	5	5	1	-1	-6	-18	-18	8	1	3	9	9	-1	0	-2	-2	-13	-13	0	-2	5	-8	-8	-18	6	2	2	-3	-3	0	2	5	-2	-2	-1	17	-9	-9	2	2	9	-9	6	-6	-6	2	2	2	2	-16	-16	-22	-22	30	-32	-32	-22	-22	4	18	18	11	11	1	-12	9	15	1	1	-8	-23	-23	8	8	7	-8	29	13	13	-5	-5	-24	-24	-1	-1	-19	11	11	6	6	-1	-1	5	5	8	8	-5	25	-4	-2	-2	15	-1	1	1	4	4	0	10	-11	-2	-2	-19	-5	
6	-6	-6	-2	-2	-4	4	4	-12	-12	-5	6	6	-4	-4	5	0	-10	9	-4	-4	-4	-7	-1	-8	-8	-1	-1	0	0	-7	-7	4	4	4	0	0	1	-11	-2	-2	0	0	-2	5	-1	-7	-5	-3	-3	6	-3	1	1	-12	-12	-4	3	3	2	2	0	4	4	0	0	-5	-5	-3	-3	0	0	-5	8	-4	6	6	1	2	-1	-2	-2	-2	-2	-3	-3	6	6	4	-16	1	-7	-7	7	-6	5	-4	-4	-6	1	-2	-2	-5	-5	-5	2	3	-7	-7	7	2	-4	-4	-1	-1	-1	-2	0	-5	-5	-9	-2	3	3	-2	-2	0	-7	4	-5	-5	-1	-1	-1	-1	4	4	-1	-1	1	-27	-27	-5	-5	-7	12	12	-2	-2	-1	-5	3	19	-9	-9	11	-3	-3	-1	-1	9	-7	0	0	0	-9	-9	-4	-4	-1	-1	1	1	1	2	2	1	1	-3	-3	5	5	-9	3	-1	-1	-1	12	-1	-10	-10	-5	-5	0	3	-2	-2	-2	-4	1	
16	-20	-20	-35	-35	14	14	14	-25	-25	-2	14	14	2	2	22	-24	-26	16	-44	-44	-13	-46	5	-8	-8	5	5	12	12	-5	-5	32	32	67	9	9	-18	-12	-28	-28	6	6	-49	4	20	-8	-16	4	4	29	-23	0	0	-76	-76	32	14	14	32	32	3	18	0	17	17	-16	-16	12	12	-21	-21	15	38	-37	4	4	36	10	-23	-8	-8	-16	-16	-5	-5	19	19	8	-73	36	5	5	-8	-12	9	-1	-1	-16	13	1	1	13	13	-15	-11	0	-67	-67	47	21	-8	-8	8	8	-4	13	-20	-10	-10	-70	-1	48	48	-4	-4	24	-8	-10	-2	-2	22	22	22	22	37	37	-1	-1	6	-65	-65	17	17	-9	2	2	-50	-50	12	-3	18	11	-89	-89	36	28	28	24	24	12	-18	11	2	2	-4	-4	-2	-2	23	23	29	-11	-11	-26	-26	24	24	-26	-26	-44	-44	1	8	13	34	34	8	-12	-1	-1	-23	-23	3	21	9	14	14	-17	31	
-9	-4	-4	-7	-7	2	-28	-28	-9	-9	5	6	6	1	1	-2	3	-4	13	-13	-13	6	-5	-5	-2	-2	0	0	-5	-5	-4	-4	12	12	-2	0	0	0	9	-8	-8	5	5	-10	1	3	-3	-3	0	0	5	-7	-1	-1	-8	-8	2	-3	-3	-5	-5	5	14	3	-2	-2	1	1	-1	-1	-4	-4	5	6	-5	4	4	5	2	-1	-3	-3	-16	-16	-7	-7	6	6	1	-17	2	5	5	2	-10	7	0	0	-7	9	3	3	9	9	9	-8	-4	-11	-11	4	1	-11	-11	0	0	1	2	-5	-5	-5	-18	-1	11	11	0	0	-5	-11	3	-7	-7	8	8	8	8	7	7	-12	-12	0	-8	-8	-3	-3	-6	-2	-2	-3	-3	-2	-11	3	6	-18	-18	4	4	4	-2	-2	8	-7	-1	1	1	-1	-1	-6	-6	4	4	1	-7	-7	2	2	3	3	-2	-2	1	1	-1	3	-3	3	3	2	-7	8	8	-5	-5	-4	4	9	-1	-1	-4	-2	
3	-4	-4	-2	-2	-3	-1	-1	-3	-3	-4	4	4	-1	-1	-2	-4	-1	5	-3	-3	0	-5	0	-4	-4	-3	-3	0	0	0	0	-4	-4	3	-2	-2	0	-3	-3	-3	-1	-1	-3	0	-1	0	3	-4	-4	-1	-1	-1	-1	-3	-3	-2	1	1	-1	-1	-1	-2	2	-3	-3	-3	-3	-1	-1	0	0	-2	4	0	1	1	1	0	1	-2	-2	-6	-6	-1	-1	1	1	1	-2	0	-1	-1	-1	-3	2	-3	-3	-2	0	1	1	-1	-1	-1	1	0	-1	-1	-1	-2	-1	-1	-2	-2	-1	-1	-1	1	1	-5	0	1	1	1	1	-2	0	3	-3	-3	1	1	1	1	-2	-2	-4	-4	-3	-2	-2	2	2	-2	1	1	-1	-1	-5	-2	-2	-3	-4	-4	0	1	1	-4	-4	1	-2	0	-2	-2	-4	-4	0	0	-1	-1	-3	1	1	0	0	1	1	-1	-1	3	3	0	-1	-4	-2	-2	1	-5	1	1	0	0	-2	2	-3	0	0	-2	-2	
5	-1	-1	-4	-4	-6	0	0	-1	-1	-4	2	2	1	1	-5	0	-2	-1	-4	-4	2	-3	0	-3	-3	0	0	-1	-1	0	0	-3	-3	2	-1	-1	-2	-3	-2	-2	1	1	-3	-1	0	0	-1	-2	-2	-1	-1	-1	-1	-2	-2	-3	-3	-3	4	4	-2	-2	-2	-2	-2	0	0	-2	-2	0	0	-2	2	0	2	2	-2	0	1	-2	-2	-6	-6	2	2	0	0	0	-3	-2	-1	-1	0	-2	2	-4	-4	-2	-4	-1	-1	-2	-2	0	0	2	-1	-1	-1	0	-1	-1	0	0	-1	-4	-2	1	1	-1	2	-3	-3	3	3	-2	0	0	-3	-3	0	0	0	0	0	0	-2	-2	-3	-2	-2	0	0	-1	0	0	0	0	-5	-3	2	-5	-3	-3	-3	-3	-3	-1	-1	1	-2	-2	-3	-3	-4	-4	1	1	-3	-3	-3	1	1	1	1	-1	-1	0	0	3	3	-3	1	-2	0	0	-2	1	3	3	1	1	-3	1	-4	-2	-2	0	1	
Trial:6
4	5	-11	-11	-6	-6	2	2	0	0	-9	-9	8	0	-5	-5	0	0	-2	3	3	4	4	0	0	1	-6	-6	4	-2	-2	-3	-3	-3	-3	-1	-1	-5	-5	-7	1	-2	-4	-4	3	-2	3	4	4	-4	-4	-1	3	14	14	-10	6	4	3	3	-5	-7	-5	-2	-3	-3	-3	-3	15	10	10	7	-13	-17	0	-3	2	2	-8	2	-2	-2	3	3	-1	5	-15	-2	-2	-1	-1	4	4	-3	-3	2	-5	-5	-3	-3	4	14	-2	-15	-15	-8	-27	6	-31	-9	-9	13	22	-6	6	6	0	17	-1	-1	1	1	22	0	-13	0	0	-1	-13	-43	3	1	-9	0	-1	0	6	6	18	-2	-5	7	6	5	11	1	5	26	26	-10	9	-3	6	-8	5	5	-8	-14	-14	-6	-7	4	8	3	3	0	0	-20	-2	-2	7	7	2	-1	1	5	5	-4	-10	-2	8	-4	-4	-11	6	6	0	0	-7	-2	2	-6	-6	-6	0	0	0	-7	-7	7	
7	4	3	3	-6	-6	9	9	-7	-7	-4	-4	5	-9	0	0	-1	-1	-6	-4	-4	-1	-1	-5	-5	9	-8	-8	3	-5	-5	0	0	0	-14	-12	-12	3	3	-1	-10	4	-6	-6	-1	0	-6	3	3	5	5	-4	17	22	22	10	9	-5	-4	-4	-7	-16	-8	-5	-4	-4	-8	-8	3	2	2	11	2	-27	1	6	9	9	-6	18	18	18	0	0	-13	-13	-24	-13	-13	-10	-10	-1	-1	4	4	4	-7	-7	-10	-10	5	15	3	-19	-19	-36	-55	3	-24	-8	-8	14	41	17	-6	-6	-11	21	15	15	5	5	11	1	-27	4	4	14	-14	-18	-5	4	-31	2	-13	38	-24	-24	49	-6	-13	-16	-8	3	-8	-2	-19	38	38	-14	-4	9	0	3	7	7	-10	-6	-6	-11	-6	0	-5	-21	-21	-6	-6	-54	20	20	14	14	15	-10	2	5	5	-5	-5	5	4	-3	-3	-9	-3	-3	-4	-4	5	-5	-20	24	24	24	-1	12	12	12	12	-4	
1	-6	-4	-4	-3	-3	1	1	-3	-3	2	2	-5	-7	0	0	-3	-3	1	-4	-4	2	2	-3	-3	-4	2	2	0	-2	-2	3	3	3	-3	-9	-9	0	0	1	-10	2	-10	-10	0	-3	5	-3	-3	3	3	-12	0	10	10	0	-7	1	0	0	-1	2	-5	-2	-5	-5	1	1	-6	-2	-2	2	13	-17	2	-3	4	4	-4	-1	-3	-3	-4	-4	8	-19	-10	-14	-14	-2	-2	-2	-2	3	3	2	2	2	-1	-1	-1	-8	3	6	6	9	34	-14	-45	-7	-7	0	43	6	-3	-3	-3	-36	9	9	-3	-3	-8	-1	-2	-7	-7	-3	4	22	-1	-6	1	-3	0	-7	-12	-12	12	-2	-16	-3	5	-3	-2	3	-8	7	7	0	10	-21	-4	8	0	0	-9	10	10	-4	-4	-3	6	-24	-24	-6	-6	3	11	11	4	4	9	-14	-1	11	11	5	1	6	-3	-2	-2	-7	-9	-9	-5	-5	-11	-7	0	1	1	1	0	17	17	0	0	2	
-1	-4	-5	-5	-2	-2	0	0	2	2	7	7	-9	-4	1	1	-6	-6	3	-1	-1	4	4	-4	-4	-6	5	5	-3	-1	-1	4	4	4	-7	-8	-8	-6	-6	3	-9	1	-7	-7	-3	-2	9	-5	-5	2	2	-6	-2	15	15	-3	-10	-1	7	7	-1	5	-14	-4	-3	-3	4	4	-2	-4	-4	5	12	-22	4	-1	3	3	-6	2	-8	-8	-11	-11	8	-16	-6	-8	-8	0	0	3	3	-4	-4	4	0	0	-2	-2	9	-11	-3	12	12	9	37	-8	-42	-11	-11	1	32	0	-1	-1	1	-35	8	8	-3	-3	-8	-6	-2	-1	-1	-4	7	24	-2	-11	10	-10	2	-13	-6	-6	2	0	0	-5	0	-1	1	1	2	-3	-3	2	-9	-16	-5	7	-1	-1	1	14	14	-1	-3	-4	3	-30	-30	-3	-3	11	-2	-2	3	3	3	-14	4	-1	-1	0	-2	1	-1	3	3	-6	-5	-5	0	0	-2	-8	-3	4	4	4	0	14	14	-7	-7	1	
-1	-35	5	5	20	20	-74	-74	25	25	73	73	14	22	-1	-1	-9	-9	7	2	2	-12	-12	48	48	-29	17	17	-13	0	0	-23	-23	-23	1	-6	-6	-48	-48	9	10	6	2	2	-41	0	33	-10	-10	3	3	48	24	2	2	-21	1	14	24	24	-4	5	-8	-6	10	10	6	6	-5	-11	-11	23	23	-96	13	12	-14	-14	5	25	-47	-47	-51	-51	9	38	26	7	7	-10	-10	62	62	-14	-14	17	-8	-8	-4	-4	36	-14	-78	35	35	-21	9	43	-81	23	23	-9	-23	-10	-6	-6	27	4	-5	-5	-1	-1	-29	-20	10	22	22	7	24	-3	5	-67	14	17	40	-46	49	49	4	17	1	5	-5	9	12	39	-11	-24	-24	-41	-17	25	-9	20	2	2	4	10	10	-6	4	-11	23	-9	-9	4	4	-23	-61	-61	29	29	4	-8	59	20	20	-6	-8	-4	0	-48	-48	4	10	10	-21	-21	11	-21	-6	8	8	8	6	-11	-11	-1	-1	9	
2	-9	-8	-8	3	3	-11	-11	-2	-2	7	7	12	0	3	3	-10	-10	-5	2	2	-4	-4	4	4	-11	5	5	-4	0	0	3	3	3	-5	2	2	1	1	-8	-3	-2	-24	-24	-9	-10	13	-5	-5	1	1	4	13	0	0	-4	-5	-4	12	12	6	2	-11	-5	-4	-4	5	5	-2	-2	-2	4	-4	-25	14	1	2	2	-4	2	3	3	-15	-15	21	-9	1	-14	-14	8	8	-11	-11	-2	-2	-1	-20	-20	-4	-4	10	1	-10	19	19	23	21	0	-23	-14	-14	-19	20	6	-11	-11	-4	-37	-13	-13	12	12	4	-4	-10	10	10	1	-38	-1	-11	6	38	-4	17	-20	4	4	-3	-9	-10	22	2	-9	5	16	-36	11	11	3	21	13	3	7	5	5	-1	-20	-20	-10	5	-8	8	-9	-9	1	1	-19	9	9	0	0	8	-26	14	0	0	0	1	-8	3	11	11	4	-8	-8	0	0	1	-36	5	-4	-4	-4	2	1	1	-3	-3	-16	
-2	3	-1	-1	1	1	1	1	0	0	-2	-2	-1	-7	-3	-3	-3	-3	3	-2	-2	2	2	0	0	-5	-3	-3	0	-1	-1	2	2	2	0	-9	-9	3	3	0	3	-2	-4	-4	0	-1	3	-3	-3	-4	-4	-3	-1	4	4	-3	-4	0	1	1	-2	-1	-4	-2	-1	-1	2	2	5	1	1	-2	-2	-13	0	-2	3	3	-3	1	-17	-17	2	2	10	-7	-5	-2	-2	-18	-18	2	2	1	1	0	-7	-7	2	2	3	-4	-4	7	7	7	9	1	-16	2	2	-1	2	-20	9	9	-5	4	-1	-1	1	1	-1	-3	4	4	4	-21	2	-4	-2	-3	7	11	-11	-10	3	3	-1	4	3	9	-2	13	5	4	5	4	4	-5	0	2	9	-4	-10	-10	-7	-13	-13	-9	0	-13	6	2	2	3	3	-13	-1	-1	11	11	1	1	4	-2	-2	0	3	1	0	4	4	-6	-3	-3	-8	-8	4	-12	-1	-2	-2	-2	4	-1	-1	-1	-1	-3	
-1	2	-1	-1	2	2	0	0	-1	-1	-4	-4	0	-3	-4	-4	-3	-3	2	-1	-1	3	3	0	0	-6	-4	-4	0	-3	-3	2	2	2	0	1	1	1	1	-2	6	-1	-1	-1	-1	-3	2	-3	-3	-6	-6	-3	-2	5	5	-3	-2	2	-2	-2	-1	-2	-4	1	-3	-3	4	4	11	0	0	2	-6	-8	0	-5	2	2	-5	-1	-4	-4	-1	-1	-1	-1	-2	2	2	-5	-5	-3	-3	-4	-4	0	-5	-5	5	5	1	2	-5	-3	-3	7	-6	3	-16	-1	-1	1	-1	-11	6	6	-2	8	-3	-3	1	1	1	4	0	1	1	-6	-3	-13	3	1	-2	-2	-7	-2	4	4	-2	-2	2	5	-2	8	6	7	7	4	4	-8	0	0	2	-9	0	0	-8	-8	-8	-6	3	-2	6	3	3	0	0	-3	-3	-3	3	3	-4	2	3	0	0	-4	2	-1	1	2	2	-4	-1	-1	-2	-2	0	0	1	-5	-5	-5	1	-2	-2	-9	-9	2	
Trial:7
0	6	6	2	2	-3	-9	-9	0	0	-1	-14	-14	1	1	1	1	2	2	0	0	-4	3	6	-8	-8	16	16	2	-3	-3	-3	-4	4	-3	0	0	-12	0	-15	4	4	-5	-1	5	5	-4	-4	19	-4	-1	-4	-4	-2	-2	0	1	1	-5	3	1	-17	0	0	0	0	-1	-2	-3	2	2	13	9	3	0	-13	-4	-8	-5	-5	-7	-7	2	-5	-5	5	5	5	2	-19	-7	10	10	-4	7	7	-1	-1	5	16	-2	-7	-3	2	-3	-5	-5	-14	-14	4	-7	4	4	4	4	-1	2	2	4	2	1	1	-5	-3	-9	-1	-4	0	-11	-4	1	-4	0	-3	4	1	10	10	-5	2	-2	-2	-4	0	3	-1	-1	-1	-1	0	-2	0	-4	-4	3	-10	-2	-2	2	2	-2	-8	-1	5	5	-8	-14	0	0	8	8	-11	-6	-6	9	9	-3	-1	-7	-4	-4	-4	4	-4	-4	10	5	-4	0	-7	-1	-1	-3	0	6	14	7	7	0	-2	
2	7	7	-1	-1	4	-6	-6	8	8	-7	-26	-26	1	1	1	10	-1	-1	0	0	-2	-8	18	-19	-19	4	4	0	-2	-5	-5	-6	4	-7	-6	-6	-6	-1	-5	8	8	-9	0	-3	-3	8	8	22	0	-2	-1	-1	11	11	-7	-2	-2	2	-3	2	-19	-1	-1	-7	-7	4	-9	-8	4	4	16	2	0	3	-4	2	-5	-7	-7	0	0	-7	-1	-1	1	1	2	9	-10	-4	7	7	9	2	2	-6	-6	14	2	-11	-2	-18	-4	-1	-3	-3	1	1	16	1	-2	4	4	4	-5	-1	8	4	-1	4	-6	-5	-5	-2	-5	-17	0	9	-7	-6	0	2	-6	11	-3	6	6	-7	5	1	1	0	-4	-3	-5	-5	9	9	-7	1	-10	-4	-4	5	3	-1	-1	9	9	8	-16	3	1	1	-3	-1	-8	-8	-10	-10	-1	-18	-18	35	35	-5	-4	7	-14	-14	10	4	0	0	4	-3	-16	-3	-24	10	10	6	0	-5	-3	5	5	1	2	
-8	1	1	6	6	16	-3	-3	2	2	-8	-2	-2	-8	-8	-8	10	-6	-6	3	3	3	4	-3	1	1	-2	-2	-7	-6	-1	-1	2	7	-6	0	0	-4	-4	-16	0	0	1	7	-5	-5	0	0	10	-6	1	3	3	0	0	0	-9	-9	-4	0	-8	4	-4	-4	-7	-7	-7	0	-1	6	6	0	-9	10	1	-3	2	-4	1	1	-6	-6	6	0	0	-1	-1	-5	-2	-5	4	-18	-18	5	0	0	-3	-3	2	-3	6	-9	2	-3	0	4	4	-4	-4	5	6	-1	-20	-20	-20	-2	5	0	1	3	1	0	-1	-1	1	-10	5	4	-10	1	-17	-6	6	-7	3	8	9	9	-3	3	-20	-20	6	-1	-1	0	0	-7	-7	-10	-3	6	2	2	-5	3	2	2	-2	-2	3	-12	-1	-5	-5	-1	-14	-4	-4	2	2	1	-8	-8	12	12	-3	1	4	-7	-7	7	0	-2	-2	-2	-5	2	-1	-27	3	3	8	-5	0	-7	-5	-5	4	-5	
-11	0	0	-1	-1	3	3	3	-2	-2	5	5	5	-2	-2	-2	9	-7	-7	0	0	-1	0	7	-1	-1	0	0	-12	3	-10	-10	3	0	-1	3	3	1	-3	-11	-1	-1	-4	2	0	0	2	2	5	-10	3	2	2	-2	-2	-1	-3	-3	0	0	-3	3	-6	-6	3	3	-8	2	1	-2	-2	-6	-6	1	11	1	-8	-1	2	2	-4	-4	-2	9	9	-3	-3	-4	-2	-3	6	-7	-7	-2	-6	-6	-2	-2	-1	-2	-1	-8	-4	-10	1	4	4	-5	-5	0	5	2	-9	-9	-9	2	4	2	-2	4	2	-3	3	-9	1	-4	-6	1	-7	1	0	-7	2	-1	-3	11	3	3	-1	-1	-14	-14	-2	-2	3	-2	-2	-12	-12	-9	-3	11	5	5	5	3	-1	-1	-8	-8	0	-16	0	-6	-6	2	-11	-6	-6	-6	-6	-2	-1	-1	4	4	-3	8	3	7	7	-1	-8	-7	-7	-5	-2	8	-3	-7	-4	-4	5	-11	2	-8	-6	-6	0	-4	
-57	1	1	-70	-70	1	27	27	21	21	-6	22	22	-7	-7	-7	-8	33	33	25	25	-33	-10	1	25	25	-4	-4	-23	49	22	22	-11	5	-17	13	13	23	3	-19	1	1	-37	-46	14	14	-13	-13	-11	-46	27	16	16	15	15	-9	28	28	-5	1	14	-1	-29	-29	0	0	-15	4	-1	13	13	11	-45	-27	39	23	-66	7	32	32	-33	-33	-22	54	54	12	12	-30	-9	-17	55	-4	-4	-13	-19	-19	-14	-14	-1	-19	-23	-10	18	-71	16	-5	-5	-13	-13	-36	19	13	10	10	10	35	11	-17	-17	-3	5	-4	-9	-7	1	11	-47	4	-34	-10	20	-2	23	-8	-19	36	27	27	4	12	-80	-80	-13	18	8	-3	-3	-20	-20	-19	-1	29	16	16	9	4	3	3	-8	-8	46	-72	-11	-2	-2	10	34	-8	-8	-31	-31	10	-36	-36	39	39	-16	-1	5	12	12	-14	-33	-7	-7	-26	27	-7	14	20	2	2	19	16	3	-20	0	0	29	-12	
-9	-11	-11	11	11	-15	5	5	-6	-6	-3	15	15	-3	-3	-3	6	15	15	0	0	-14	-5	-6	0	0	-6	-6	7	-1	0	0	1	6	1	6	6	-18	-5	-2	-2	-2	-6	-4	-5	-5	6	6	-1	-11	-12	1	1	17	17	-1	6	6	-4	-3	-1	-17	-5	-5	4	4	-6	7	-5	3	3	3	-10	5	-8	-9	-3	4	3	3	-9	-9	3	-2	-2	3	3	-3	-8	-2	0	0	0	1	2	2	-11	-11	-10	-12	-12	-4	-3	-8	8	-2	-2	5	5	-3	-4	4	18	18	18	-2	-11	-8	-5	-2	9	-3	-8	-4	-3	-2	-12	0	-5	-9	4	4	6	-7	0	11	3	3	2	1	-12	-12	-4	8	3	-12	-12	-8	-8	-21	-9	10	17	17	6	13	-2	-2	1	1	2	-15	-6	1	1	0	-1	1	1	8	8	-7	-6	-6	-6	-6	-8	-1	-1	-2	-2	4	-4	-4	-4	-2	6	0	-3	7	1	1	1	-2	2	-9	5	5	-1	-5	
-3	-2	-2	-3	-3	-1	2	2	1	1	6	3	3	-3	-3	-3	4	-8	-8	-2	-2	-1	5	-1	-2	-2	5	5	-6	-20	-3	-3	2	4	-2	3	3	-2	8	-6	-3	-3	0	-2	1	1	0	0	1	-4	-1	-1	-1	-10	-10	5	-3	-3	-2	2	1	5	-2	-2	-4	-4	-3	1	0	4	4	-2	3	-3	0	-2	-7	-5	1	1	-4	-4	-2	13	13	-3	-3	-4	-2	-6	2	-2	-2	-4	0	0	-5	-5	-9	-1	-3	2	2	-3	1	1	1	-14	-14	-3	-1	5	1	1	1	0	6	-1	-5	1	-3	-3	-2	-4	1	2	-5	2	3	0	-1	-2	-4	-2	-1	2	3	3	-3	9	-5	-5	2	0	-2	-2	-2	6	6	-23	-13	11	-7	-7	-1	-9	-13	-13	4	4	4	-6	2	-1	-1	1	-4	8	8	0	0	-7	-3	-3	-9	-9	-8	-3	7	0	0	-1	1	-1	-1	-3	-6	1	2	-3	-4	-4	3	-2	0	-1	3	3	-1	-3	
-6	2	2	3	3	-3	0	0	0	0	2	0	0	-1	-1	-1	0	-3	-3	-2	-2	-2	1	-3	1	1	5	5	-4	-6	-3	-3	0	0	-4	0	0	-4	5	-4	-2	-2	0	-3	0	0	0	0	2	-4	-2	-2	-2	-6	-6	4	-4	-4	0	1	1	-1	2	2	-2	-2	-1	-2	-2	2	2	1	2	-1	1	-4	-5	-4	-2	-2	-3	-3	-1	1	1	-1	-1	0	2	-4	-1	1	1	0	0	0	0	0	-1	2	-3	-2	0	-2	-2	-2	-2	-4	-4	-1	-2	4	-3	-3	-3	-1	3	-1	-4	1	-5	-3	0	-2	-2	2	-1	-2	-4	0	1	-4	-2	-2	0	0	3	3	-2	1	0	0	-4	-1	1	-1	-1	-4	-4	-5	0	5	-5	-5	-1	-6	-1	-1	1	1	-1	-5	2	1	1	-1	-9	-2	-2	2	2	-6	0	0	-5	-5	0	-2	4	-4	-4	-5	0	0	0	-1	0	-1	0	-2	-2	-2	1	-1	0	1	1	1	2	-1	
Trial:8
-2	4	4	6	6	4	-2	-4	-8	-8	3	-5	9	-1	-1	0	-2	-1	-1	-2	-2	0	1	-12	0	0	-2	-2	1	1	3	5	-2	-2	-14	2	2	-5	-5	-1	-1	2	5	9	9	-2	1	1	-3	-3	-8	9	-1	-1	-1	2	-5	13	13	-3	-3	-1	3	4	1	1	5	-6	-5	-5	0	0	1	1	-3	-5	-5	3	2	-2	5	-9	-2	3	-6	-6	-6	3	-1	-1	-1	4	5	5	4	-2	-7	2	2	-10	-1	-1	-1	11	11	-5	-3	1	-4	-4	-1	-1	-5	9	9	-6	-6	-3	-3	-4	-4	-1	-1	11	-3	-3	-3	-3	-4	0	-1	-6	-2	-2	-1	2	-4	-1	-1	-2	-4	4	2	-4	-4	-2	0	0	-3	-3	0	2	-2	-2	0	0	1	-4	-6	-5	-5	-1	-1	0	1	-1	-2	-2	6	6	-2	-2	11	-8	-3	-7	-7	0	-1	0	4	-7	-7	2	2	0	0	0	-7	-1	-1	-4	-4	-1	-1	5	0	8	8	2	
-2	-5	-5	3	3	-5	-11	-2	-1	-1	5	17	1	-3	-3	-7	-4	1	1	0	0	6	6	-7	-9	-9	2	2	4	4	-16	8	-1	-1	6	1	1	1	1	1	1	-3	-1	4	4	0	-2	-2	-4	-4	-4	5	-1	0	0	2	-8	2	2	2	2	3	6	10	-8	-8	-4	5	-5	-5	0	0	-5	-5	-6	-9	-9	5	0	-2	6	-10	-2	0	-6	-6	-6	8	9	-2	-2	7	-3	-3	-4	1	3	-7	-7	7	-4	5	5	-6	-6	-14	-13	-2	-3	-3	7	7	2	2	2	3	3	-11	-11	-2	-2	0	0	7	-11	-11	3	3	2	-5	-10	-13	5	-2	5	3	-5	-2	-2	-1	-2	-1	-3	-3	-3	1	0	0	-5	-5	6	1	-1	-1	-1	-1	-3	-2	-4	-11	-11	-3	-1	1	0	-5	-5	-5	10	10	-3	-3	13	10	-8	-2	-2	2	3	1	5	-7	-7	2	0	2	-12	-12	-1	-3	-8	-7	-7	4	4	4	0	6	6	6	
-1	9	9	1	1	3	-9	-1	-5	-5	-7	9	-2	-6	-6	0	-3	-7	-7	-1	-1	6	-17	-14	2	2	4	4	5	5	11	5	-2	-2	4	-2	-2	-5	-5	-23	-23	-3	2	19	19	-4	-11	-11	-3	-3	-7	1	1	1	1	-5	-5	-17	-17	1	1	5	-4	9	-5	-5	6	4	-1	-1	-1	-1	-5	-5	6	2	2	-19	0	-2	5	-7	2	-12	-1	-1	-1	15	11	-7	-7	-7	3	3	-6	1	-14	0	0	0	-13	-4	-4	-5	-5	0	11	0	5	5	-3	-3	2	3	3	18	18	-9	-9	-4	-4	1	1	-4	5	5	10	10	-5	-6	-1	-8	0	8	-8	-11	-24	7	7	2	4	2	0	0	0	1	-3	-3	-3	-3	-5	6	-3	-3	6	6	5	3	-2	0	0	-3	5	-11	5	-2	2	2	-12	-12	2	2	12	-1	-16	0	0	2	-16	1	2	-6	-6	6	0	0	-2	-2	-16	-11	6	-2	-2	5	5	16	-19	3	3	2	
1	-2	-2	2	2	10	-3	0	-2	-2	-2	-2	0	-3	-3	-2	-5	-8	-8	-3	-3	-2	-2	2	2	2	0	0	0	0	-1	2	-5	-5	12	6	6	7	7	-8	-8	-2	-6	-1	-1	-1	-17	-17	-2	-2	-5	3	3	1	1	4	1	2	2	-3	-3	3	-4	6	-6	-6	5	-2	-5	-5	2	2	2	2	-2	7	7	-13	6	-4	-5	-6	5	2	-4	-4	-4	7	1	1	1	-1	5	5	-5	-6	-12	-5	-5	-5	-7	-1	-1	-5	-5	-1	2	0	6	6	2	2	4	0	0	4	4	-5	-5	-4	-4	2	2	2	-4	-4	0	0	-4	2	2	-9	-2	-12	-5	9	-13	7	7	0	-1	1	-4	-1	-1	0	0	0	11	11	-6	2	-6	-6	3	3	6	1	-15	7	7	-1	4	-12	-2	0	1	1	-3	-3	3	3	0	-7	-5	2	2	-3	-5	0	3	-3	-3	-3	-6	-2	5	5	5	-2	-3	-3	-3	1	1	-1	-5	2	2	2	
7	4	4	16	16	15	-23	4	3	3	27	10	-7	18	18	-47	-1	-2	-2	-15	-15	-30	16	16	-5	-5	-6	-6	-6	-6	-25	-12	17	17	37	31	31	-24	-24	-29	-29	14	-6	5	5	24	-69	-69	13	13	-1	15	11	-17	-17	25	15	18	18	26	26	13	-10	21	-34	-34	-5	5	-27	-27	40	40	1	1	-1	5	5	-32	10	-1	-23	-71	12	22	27	27	27	1	-24	29	29	-41	30	30	9	6	-8	-6	-6	-1	-52	1	1	-20	-20	20	47	-11	-6	-6	-3	-3	18	-9	-9	16	16	-6	-6	-32	-32	32	32	-3	2	2	-5	-5	16	6	-9	-28	-9	18	-29	11	-20	-4	-4	-1	39	22	-16	17	17	-4	-4	-4	25	25	11	-18	-4	-4	-11	-11	15	2	-57	9	9	9	20	-20	-6	13	-23	-23	21	21	-5	-5	3	-25	-51	35	35	0	-29	24	16	-20	-20	13	-31	-21	13	13	29	19	-23	-14	-14	1	1	-26	0	15	15	27	
-6	5	5	1	1	9	2	0	5	5	-2	13	-8	5	5	-14	-7	2	2	-5	-5	-16	2	2	-1	-1	5	5	-8	-8	-2	-4	2	2	14	7	7	1	1	-8	-8	-2	-7	-6	-6	3	-9	-9	2	2	-17	-8	2	-2	-2	-1	8	-5	-5	4	4	8	-8	4	-10	-10	-10	-1	12	12	2	2	-7	-7	-2	-3	-3	-15	0	2	0	-10	4	5	1	1	1	0	2	-1	-1	-11	4	4	-5	2	-8	6	6	-2	-6	-1	-1	-12	-12	3	-3	1	2	2	-6	-6	6	-5	-5	6	6	9	9	-7	-7	0	0	3	-4	-4	0	0	-5	5	-11	-9	13	3	-8	-4	-12	3	3	6	6	-4	-3	0	0	-1	-4	-4	5	5	3	-7	5	5	-3	-3	3	-2	-20	6	6	-3	0	5	-4	-3	7	7	-4	-4	-4	-4	4	-6	-8	3	3	-7	1	-4	-1	-10	-10	-11	-11	-4	8	8	7	1	-2	0	0	3	3	2	3	-4	-4	13	
-8	-5	-5	-2	-2	12	-2	2	-5	-5	-2	-2	1	-5	-5	-1	-4	2	2	-4	-4	-2	1	-3	0	0	-1	-1	-7	-7	-3	2	-2	-2	5	2	2	-3	-3	-2	-2	-2	-3	-2	-2	0	-6	-6	1	1	-3	-5	-1	0	0	1	-1	3	3	-1	-1	2	-9	1	-3	-3	-1	-3	-2	-2	3	3	-5	-5	-2	1	1	-4	-2	-4	-1	0	1	3	-3	-3	-3	-1	3	-1	-1	-1	-1	-1	-1	-1	-4	-3	-3	1	-5	-7	-7	-4	-4	0	-1	0	0	0	-1	-1	2	-4	-4	0	0	2	2	2	2	0	0	9	-1	-1	-4	-4	-2	2	-1	-4	0	-1	-3	-7	-6	-1	-1	-3	1	1	-4	2	2	-2	-1	-1	1	1	-5	-1	-4	-4	0	0	1	1	-4	-1	-1	-3	3	-3	-2	1	2	2	-1	-1	-2	-2	2	-6	-4	-2	-2	-2	1	-1	-1	0	0	-5	-1	-1	4	4	2	-2	-2	-3	-3	5	5	-3	2	2	2	1	
-3	-2	-2	-3	-3	3	1	-2	-5	-5	3	-4	1	-1	-1	1	-1	-2	-2	-3	-3	0	-2	-5	2	2	-1	-1	-3	-3	-3	1	-4	-4	1	1	1	-5	-5	-3	-3	-3	1	0	0	2	-2	-2	0	0	-5	-4	0	-1	-1	2	1	3	3	-2	-2	0	-4	0	-4	-4	-2	-4	0	0	-1	-1	-4	-4	0	2	2	-2	0	-2	-1	-1	-1	2	-4	-4	-4	0	3	-2	-2	0	0	0	-2	-3	-6	-1	-1	-8	-1	-6	-6	2	2	0	-2	0	-2	-2	0	0	-1	-3	-3	1	1	0	0	1	1	1	1	1	-5	-5	-5	-5	0	-1	4	-3	2	-1	-3	-7	-3	-1	-1	1	1	-2	-2	1	1	-1	0	0	-1	-1	-6	1	-3	-3	2	2	1	-1	-2	-1	-1	-3	0	-1	-2	0	-3	-3	-2	-2	-1	-1	3	-7	-3	-4	-4	-1	1	0	-2	1	1	-3	1	-2	4	4	0	-1	-3	-4	-4	1	1	0	1	0	0	1	
Trial:9
-3	-2	-2	-3	5	-4	-4	4	4	-11	5	1	-7	-7	6	-3	-3	-2	-1	-1	-3	-3	-5	-1	-1	4	-13	23	23	-2	-2	-12	5	-5	-8	-8	-1	-2	-4	0	0	4	4	4	-1	-1	-1	5	-1	-1	-1	-1	-3	-3	-5	9	9	9	-4	-4	-5	-3	-3	4	4	-10	-10	-6	-6	-1	-1	-5	-12	-12	13	13	0	5	5	-5	-5	-5	-4	2	2	4	4	1	0	0	-6	-6	-6	-4	-7	-7	-1	-1	-6	4	9	1	1	-3	-13	-2	10	2	2	25	9	13	0	0	5	5	-15	-15	-22	-22	11	11	-5	-5	-5	-7	3	3	-5	-4	1	1	-3	-4	-8	-8	-21	-21	3	13	13	-1	-1	-33	-33	9	9	14	5	1	5	5	-8	-8	-5	11	11	-2	-2	-2	-2	-7	-7	-6	-6	2	2	2	2	7	7	1	0	0	5	5	5	6	-3	-3	-11	-11	9	2	-3	-1	-1	-17	-17	-7	-7	-10	-10	4	-12	1	-11	-11	5	4	
5	-3	-3	-8	18	-4	-4	16	16	-5	5	-6	-10	-10	1	2	2	-12	8	8	-3	-10	-9	-7	-7	3	-31	13	13	-3	-3	-5	0	6	-8	-8	-1	-4	-5	5	5	8	8	8	-2	-2	-2	-3	-8	7	-14	-14	-6	-6	-4	10	10	10	-4	-4	-5	4	4	-2	-2	-9	-9	-5	-5	-5	-5	-5	-2	-2	4	4	7	5	5	-4	-4	-4	8	3	3	-8	-8	2	-9	-9	-8	-8	-8	1	-2	-2	-4	-4	-12	-12	-8	-3	-3	8	4	-4	-11	-24	-24	-10	11	27	13	13	20	15	-1	-1	-22	-22	-2	-2	11	8	8	30	1	12	6	-26	3	-21	3	-11	-16	-16	17	17	0	8	8	-10	-10	-31	-31	3	3	6	3	-7	-1	-1	-7	-7	12	7	7	-18	-18	2	2	-8	-8	3	3	0	10	10	10	2	2	-2	4	4	-15	-15	-4	-5	-17	18	16	16	11	-4	-2	0	0	-3	-3	-6	-6	4	4	-11	-6	5	-14	-14	-1	6	
-1	-1	-1	-11	-9	6	6	-5	-5	-3	-7	-7	4	4	-8	3	3	0	15	15	13	-11	-3	-3	-3	-3	-2	-9	-9	-11	-11	2	-12	-15	-2	-2	0	6	-2	7	7	9	9	9	-6	-6	-6	-8	-7	4	-3	-3	1	1	-4	3	3	3	2	2	-7	-7	-7	-3	-3	1	1	-7	-7	-4	-4	7	-1	-1	2	2	1	-7	-7	-1	-1	-1	-17	11	11	1	1	3	4	4	-4	-4	-4	-3	0	0	3	3	-14	-4	0	-4	-4	0	12	0	-12	-20	-20	-3	-6	-10	11	11	5	-11	-11	-11	-1	-1	-6	-6	3	14	14	9	7	-1	6	-3	-1	-1	9	3	15	15	-16	-16	2	3	3	-7	-7	10	10	-12	-12	-8	9	-2	-3	-3	-4	-4	-8	14	14	-5	-5	0	0	16	16	-1	-1	-10	8	8	8	6	6	0	0	0	-10	-10	-16	5	3	4	-2	-2	-4	-6	0	3	3	-3	-3	0	0	-10	-10	-4	4	3	6	6	-1	2	
1	-1	-1	-10	3	2	2	-6	-6	-11	-7	2	1	1	-7	1	1	3	3	3	3	-3	-5	3	3	6	1	4	4	-5	-5	1	-6	-1	-8	-8	-11	-2	-3	5	5	0	0	0	-2	-2	-2	-6	-7	-1	6	6	2	2	-3	4	4	4	-1	-1	-6	0	0	-7	-7	1	1	-9	-9	0	0	7	3	3	1	1	-2	1	1	-3	-3	-3	4	5	5	-1	-1	-6	7	7	-2	-2	-2	-2	2	2	-7	-7	-8	-1	0	-2	-2	-3	5	-3	-3	-15	-15	-6	-6	-1	-3	-3	-7	-9	-10	-10	6	6	6	6	-1	19	19	3	0	-3	6	-2	-5	-7	13	6	5	5	-19	-19	0	7	7	-4	-4	19	19	-6	-6	0	10	-1	-1	-1	0	0	3	-1	-1	-8	-8	-5	-5	6	6	-2	-2	-5	0	0	0	0	0	1	6	6	-5	-5	-14	9	0	-5	-5	-5	3	1	-2	13	13	-6	-6	-2	-2	0	0	-3	3	-2	3	3	-7	0	
-4	-25	-25	8	19	8	8	-9	-9	-65	-13	37	10	10	11	-7	-7	11	12	12	13	13	-3	7	7	-11	12	11	11	-16	-16	-15	6	-19	-4	-4	-18	0	-28	29	29	12	12	12	13	13	13	-3	2	5	10	10	-6	-6	10	-10	-10	-10	-40	-40	-7	35	35	-5	-5	13	13	-58	-58	21	21	15	11	11	-10	-10	5	18	18	-24	-24	-24	36	-3	-3	7	7	-28	9	9	5	5	5	-50	48	48	-10	-10	5	45	7	8	8	-12	-17	-58	15	15	15	1	22	6	1	1	12	-60	-22	-22	-7	-7	18	18	-4	52	52	-3	-12	6	-2	-23	-15	-23	-4	-20	-6	-6	-40	-40	-46	33	33	17	17	30	30	-6	-6	18	-22	12	6	6	-2	-2	11	-10	-10	-33	-33	-1	-1	-1	-1	2	2	-28	-15	-15	-15	33	33	37	-10	-10	14	14	-35	46	9	-6	8	8	15	-8	7	9	9	-16	-16	-7	-7	10	10	-12	-4	-34	6	6	-12	-12	
-2	1	1	2	1	-1	-1	-1	-1	-15	-1	2	5	5	6	-6	-6	-1	2	2	-5	-3	6	1	1	-1	-6	3	3	-7	-7	11	-5	-14	-1	-1	-19	-1	-3	3	3	2	2	2	-1	-1	-1	1	-7	9	17	17	0	0	-4	-3	-3	-3	2	2	-14	11	11	14	14	-5	-5	-11	-11	-10	-10	9	8	8	-13	-13	10	2	2	-5	-5	-5	1	7	7	-8	-8	-4	1	1	-14	-14	-14	-15	-8	-8	6	6	0	6	10	0	0	24	2	-14	7	-7	-7	-10	-4	1	-16	-16	4	-24	-9	-9	9	9	5	5	-13	4	4	4	-11	1	8	-4	-9	-17	1	11	2	2	-9	-9	-17	8	8	5	5	9	9	-45	-45	9	-2	0	7	7	4	4	1	7	7	-9	-9	3	3	5	5	-13	-13	-18	3	3	3	13	13	3	-1	-1	24	24	-3	2	6	10	-13	-13	-1	-19	-3	5	5	-1	-1	-4	-4	6	6	3	-5	1	5	5	-15	-12	
19	4	4	-8	-1	-2	-2	-6	-6	-16	10	-1	-4	-4	2	-1	-1	5	10	10	8	0	1	-6	-6	0	11	-13	-13	-3	-3	2	1	-5	-15	-15	0	-3	-1	-11	-11	-1	-1	-1	-35	-35	-35	11	0	11	1	1	30	30	7	-4	-4	-4	5	5	3	-5	-5	-23	-23	5	5	-10	-10	-2	-2	-12	-2	-2	6	6	-3	3	3	10	10	10	-13	11	11	-17	-17	6	17	17	6	6	6	-7	-7	-7	2	2	-3	6	-1	3	3	-18	6	18	-1	-7	-7	-5	11	-4	-20	-20	-3	0	19	19	11	11	-13	-13	-14	9	9	0	14	-24	8	-4	7	14	-1	11	6	6	-13	-13	-21	5	5	-14	-14	6	6	-16	-16	6	6	6	3	3	4	4	11	3	3	-1	-1	3	3	2	2	0	0	1	-4	-4	-4	5	5	-6	2	2	-1	-1	0	10	-7	-5	3	3	-22	2	0	9	9	-4	-4	1	1	2	2	-9	1	1	1	1	-1	-5	
0	0	0	-1	1	0	0	6	6	-10	-1	-3	1	1	2	1	1	-2	1	1	-3	1	1	-1	-1	1	-5	-4	-4	-3	-3	-2	3	-4	-6	-6	3	-3	-1	-1	-1	-4	-4	-4	-6	-6	-6	3	-1	-1	2	2	3	3	-2	-1	-1	-1	5	5	1	-5	-5	2	2	-4	-4	-5	-5	-3	-3	-1	-6	-6	4	4	-7	1	1	1	1	1	-2	2	2	1	1	-1	2	2	-4	-4	-4	-3	-5	-5	3	3	4	1	5	-2	-2	-6	-8	3	3	-10	-10	0	7	3	1	1	-3	2	7	7	0	0	-9	-9	-6	3	3	-2	1	-6	-2	-1	0	-1	-5	2	-3	-3	-4	-4	-2	1	1	-4	-4	-8	-8	1	1	-4	3	-1	2	2	0	0	1	3	3	1	1	2	2	-1	-1	0	0	3	-3	-3	-3	-2	-2	-4	1	1	1	1	3	6	-1	-5	0	0	-2	1	-2	2	2	-3	-3	0	0	-4	-4	-1	-5	1	-6	-6	1	-1	
Trial:10
-3	-2	-2	1	-5	-5	-5	-2	-2	-4	-4	1	3	3	-1	-1	-4	1	1	1	1	-3	-6	-6	-3	0	0	-1	8	8	-9	-9	-2	-3	-3	-3	7	9	-5	-7	-7	3	3	-4	-3	-3	-2	-2	2	5	1	-6	-6	-7	-7	-18	-18	11	11	0	-1	-6	6	6	-2	0	3	1	1	5	5	20	20	20	20	-32	-4	-4	3	3	-3	2	-4	-21	-21	4	4	2	7	-2	-2	4	-9	0	0	-3	-6	1	1	-5	-6	-6	-11	-11	2	2	2	2	2	2	6	-4	9	-3	-3	-4	-4	-3	-3	-2	-2	1	3	-12	-12	1	1	3	0	-9	-2	-2	-6	1	-14	1	13	-5	12	-3	-3	11	11	8	-3	-3	-1	-1	1	5	16	-14	-14	2	-15	-17	-17	-7	-7	-4	1	1	10	10	-9	6	-3	6	6	10	-1	-4	-22	4	4	5	8	-2	-2	4	3	3	-12	-12	1	1	6	6	3	16	3	1	1	-2	-16	4	-4	-4	1	1	
5	-19	-19	22	2	-10	-10	4	4	-25	-25	2	-2	-2	10	10	-1	4	4	1	1	7	-10	-10	-2	4	4	2	10	10	-3	-3	-6	-4	-4	-4	1	12	-4	0	0	-1	-1	2	-2	-2	-6	-6	-4	6	8	-4	-4	-24	-24	-3	-3	11	11	5	4	-18	-5	-5	-22	-2	12	-5	-5	14	14	1	1	3	3	-13	-6	2	0	0	9	-3	0	-33	-33	24	24	-3	10	-15	-15	9	-4	6	-4	2	-18	-1	-1	1	-4	-4	3	3	-6	-6	-1	-1	-3	-3	13	3	-1	-6	-6	-1	-1	-10	-10	-12	-12	16	8	-20	-20	6	6	-2	22	2	1	1	2	-9	8	-2	5	6	10	-12	-12	-1	-1	-4	22	-4	3	3	1	-9	13	-10	-10	5	-11	-9	-9	-7	-7	1	-5	-4	5	5	-37	3	1	17	17	3	30	-8	-18	0	0	-8	17	-14	-14	5	-3	-3	-11	-11	2	2	2	2	1	-6	11	-3	-3	0	-21	1	-10	-10	-5	-5	
-2	13	13	15	11	-6	-6	-5	-5	-12	-12	-6	-13	-13	2	2	1	0	0	0	0	3	-1	-1	21	-1	-1	1	-6	-6	-19	-19	7	-2	-2	-2	-3	3	-4	-1	-1	-3	-3	-1	1	1	-8	-8	-1	6	8	0	0	-4	-4	2	2	2	2	-8	-5	-5	6	6	18	-6	-5	-9	-9	2	2	0	0	2	2	0	-3	-7	-8	-8	-5	-2	-16	1	1	-1	-1	5	4	4	4	-3	-6	6	8	-19	-7	5	5	3	-5	-5	-7	-7	-15	-15	7	7	3	3	-4	4	0	-9	-9	-1	-1	3	3	3	3	5	-11	-5	-5	5	5	-2	7	0	-11	-11	7	-18	11	4	-3	-4	4	3	3	-6	-6	-9	-4	-21	1	1	6	14	-1	-1	-1	-16	8	16	16	7	7	-30	-2	-2	4	4	1	1	-3	15	15	-7	-3	1	-18	10	10	0	-7	-6	-6	11	-3	-3	11	11	-4	-4	11	11	-8	-3	0	11	11	-1	-4	-6	-5	-5	5	5	
-3	7	7	12	8	-13	-13	0	0	-1	-1	-2	-9	-9	-8	-8	-2	5	5	0	0	1	-4	-4	4	-2	-2	5	-2	-2	-13	-13	-1	-5	-5	-5	0	1	4	-1	-1	-5	-5	1	2	2	-8	-8	3	-4	-5	3	3	2	2	9	9	3	3	-10	-2	1	-4	-4	12	-13	-2	-5	-5	3	3	2	2	-2	-2	4	-3	-6	-6	-6	-7	0	-4	-2	-2	3	3	8	0	-2	-2	-4	-20	4	7	-9	0	4	4	3	-12	-12	-5	-5	-4	-4	-11	-11	4	4	-4	10	-1	-1	-1	1	1	2	2	-3	-3	6	-2	0	0	-2	-2	0	6	3	2	2	-4	-8	10	-3	2	-13	2	-6	-6	-2	-2	-9	-4	-26	3	3	4	12	-2	0	0	4	10	4	4	6	6	-23	5	-6	-1	-1	7	4	2	10	10	-3	-6	-2	-3	4	4	-1	-14	-6	-6	-8	6	6	8	8	-1	-1	7	7	-6	-11	-1	1	1	2	3	-5	1	1	-5	-5	
-13	1	1	15	-27	-5	-5	-25	-25	23	23	-19	-23	-23	-47	-47	20	29	29	13	13	3	-10	-10	38	-2	-2	9	-9	-9	-3	-3	-6	-5	-5	-5	19	-2	-4	-4	-4	5	5	3	11	11	-16	-16	2	-6	-16	15	15	14	14	57	57	-9	-9	-36	-9	-5	-15	-15	-31	17	6	1	1	9	9	19	19	-34	-34	18	-33	-4	-29	-29	-29	-13	9	5	5	32	32	31	10	-16	-16	-1	-68	27	33	7	16	0	0	50	-23	-23	-11	-11	-16	-16	-68	-68	-10	-10	4	69	3	-23	-23	22	22	26	26	-12	-12	12	36	2	2	-16	-16	18	7	-3	66	66	-9	-20	-14	-2	25	-5	-27	-7	-7	-9	-9	-15	-20	-92	10	10	-3	29	51	-2	-2	32	41	32	32	1	1	-38	-44	-4	-1	-1	-1	28	-45	32	32	-1	-8	18	32	4	4	-11	-50	-31	-31	-64	23	23	6	6	6	6	14	14	-23	9	18	-63	-63	17	2	8	98	98	-25	-25	
-3	-4	-4	2	0	-7	-7	-9	-9	-4	-4	4	-5	-5	-9	-9	-12	12	12	6	6	5	-2	-2	-6	-2	-2	9	-5	-5	-3	-3	0	-12	-12	-12	-9	4	-5	13	13	3	3	-7	4	4	-9	-9	-3	-9	1	4	4	-1	-1	7	7	-15	-15	-6	2	4	5	5	18	-6	-3	-2	-2	-2	-2	3	3	-3	-3	-10	9	-15	-21	-21	-5	-3	8	0	0	14	14	12	19	-2	-2	0	-13	7	3	2	0	-10	-10	7	-8	-8	-5	-5	-4	-4	-11	-11	18	18	-10	11	-7	6	6	-9	-9	-11	-11	-4	-4	13	15	-1	-1	-4	-4	5	7	14	1	1	11	-7	-9	2	3	-11	-3	-6	-6	-6	-6	-3	-4	-25	-5	-5	-1	3	3	-2	-2	-7	9	7	7	-28	-28	-8	13	11	7	7	2	2	4	8	8	-7	-3	-2	5	0	0	3	6	-12	-12	-16	6	6	0	0	-2	-2	-3	-3	1	-1	-14	-2	-2	19	11	-1	18	18	-15	-15	
3	0	0	3	3	-11	-11	9	9	3	3	-4	-7	-7	-1	-1	-6	1	1	1	1	3	2	2	0	-5	-5	0	0	0	1	1	-2	-5	-5	-5	3	-4	12	-6	-6	-4	-4	-6	2	2	-2	-2	4	3	2	-7	-7	-7	-7	-3	-3	0	0	-10	-7	10	-2	-2	2	-6	0	2	2	-4	-4	4	4	-2	-2	-9	9	-10	-1	-1	4	2	2	-6	-6	-2	-2	3	4	4	4	10	-4	-3	-6	-2	-7	2	2	-3	-9	-9	-6	-6	-3	-3	0	0	-3	-3	-4	5	-2	0	0	-4	-4	-4	-4	-2	-2	1	-1	4	4	1	1	1	-10	-4	1	1	4	-2	-7	7	-3	-5	2	1	1	-1	-1	15	-1	-14	-6	-6	-2	3	-2	0	0	-6	-2	-10	-10	7	7	-10	4	-20	7	7	-17	-1	13	6	6	-2	4	-1	5	15	15	3	-7	-2	-2	-4	0	0	-6	-6	-2	-2	-4	-4	0	-7	-2	3	3	3	7	2	-5	-5	1	1	
0	0	0	-4	-1	-1	-1	1	1	2	2	-2	-5	-5	-3	-3	-2	3	3	1	1	1	1	1	1	-2	-2	-1	-5	-5	-4	-4	2	-2	-2	-2	-1	2	0	-4	-4	-2	-2	-3	1	1	3	3	-3	2	-6	1	1	-7	-7	0	0	1	1	-1	1	4	1	1	-4	-5	-1	0	0	-2	-2	-1	-1	5	5	-5	1	-1	-3	-3	-3	0	-3	-4	-4	-2	-2	2	3	2	2	2	-4	0	-2	1	-3	1	1	-2	-5	-5	-3	-3	-2	-2	-1	-1	-2	-2	-2	0	1	2	2	-4	-4	1	1	0	0	-3	-1	0	0	1	1	-1	-2	-3	-2	-2	1	2	-7	-1	1	-2	2	-2	-2	2	2	6	-2	-6	3	3	-2	4	2	-6	-6	-2	-6	-5	-5	1	1	-2	1	-2	-1	-1	-1	2	0	2	2	-1	-3	-2	-1	0	0	2	-3	-1	-1	-3	2	2	-5	-5	-2	-2	-1	-1	1	3	-1	1	1	1	-7	1	-1	-1	-2	-2	
Trial:11
-13	1	-11	-2	-6	-6	-1	-1	-4	-2	-2	2	2	-1	2	1	3	2	2	1	-2	-3	-1	-1	5	5	-8	-8	-4	-4	-5	-1	-1	2	2	3	-6	3	-6	-6	0	9	11	-2	-5	-6	-8	-2	6	-17	-17	-2	-32	5	21	21	2	-2	-9	-9	7	7	-15	-2	-16	-2	-2	5	-14	2	-5	-5	0	-7	-3	-3	-1	-1	1	5	-7	13	13	1	0	-7	-1	-2	-2	0	0	-16	8	8	1	1	-3	13	-1	-1	1	1	2	-6	7	-6	-6	-8	0	-7	-7	0	0	7	0	0	-4	-4	4	0	1	-1	-1	-9	1	0	0	-1	0	0	-10	-10	-4	-4	-10	12	0	4	4	-6	-11	4	4	-3	-3	5	-2	4	-4	-4	4	6	3	-9	-8	-8	2	0	3	-1	-1	0	-2	1	1	9	9	1	1	-4	-2	-2	-5	-5	5	0	0	-9	-9	-7	2	0	0	-6	-6	5	3	3	-8	-8	-4	2	5	0	0	0	9	-2	-1	-1	
-23	7	0	-2	-8	-8	-2	-2	-9	-1	-1	-11	-11	9	5	-3	-4	9	9	-2	-4	-7	-7	-7	6	6	-5	-5	4	4	-8	3	3	-8	-8	5	6	6	-7	-7	-14	-1	21	-5	-5	6	-16	-13	6	-5	-5	-3	-1	13	11	11	-8	22	-3	-3	7	7	-10	-6	-14	5	5	-29	10	4	1	1	1	-11	13	-4	-5	-5	5	11	2	3	3	-7	3	11	-2	-8	-8	-3	-3	0	-3	-3	2	2	-2	8	-7	-7	4	4	-2	4	-4	-3	-3	-6	5	5	5	0	0	-23	3	3	-4	-4	5	0	15	2	2	-11	-6	-2	-2	6	-11	-5	0	0	1	1	-13	-3	-4	-1	-1	-9	-11	-3	-3	3	3	-4	6	-22	8	8	8	12	2	-1	-8	-8	3	-2	3	6	6	5	-10	-1	-1	4	4	0	0	-8	1	1	3	3	-12	5	5	-4	-4	-14	16	2	2	3	3	-1	8	8	-9	-9	-1	-7	-3	-3	-3	-3	0	-5	-12	-12	
6	-3	4	-1	-1	-1	-2	-2	-2	0	0	-3	-3	2	-1	-4	5	5	5	-3	-2	-3	2	2	-2	-2	-4	-4	-4	-4	3	-2	-2	1	1	-3	-4	-3	7	7	-5	-1	7	-1	-7	-4	0	0	-3	-6	-6	0	4	-4	4	4	-6	2	-1	-1	2	2	-4	-6	4	7	7	-12	1	1	0	0	-2	3	3	-2	-4	-4	2	-2	-9	-19	-19	3	-4	-2	-1	1	1	2	2	7	-1	-1	0	0	2	0	-2	-2	1	1	0	1	0	3	3	-4	1	3	3	-6	-6	12	-5	-5	-4	-4	-3	0	13	-10	-10	-7	-5	-2	-2	-5	-1	-5	1	1	-2	-2	-1	24	1	9	9	-1	-3	-6	-6	5	5	-6	6	-6	0	0	-3	9	-2	-6	-4	-4	-1	-1	-4	3	3	-1	5	3	3	3	3	-8	-8	-7	0	0	-8	-8	-2	2	2	0	0	-8	5	2	2	-5	-5	1	1	1	2	2	-4	-5	-1	2	2	2	-3	-7	-21	-21	
7	6	6	1	-3	-3	-10	-10	-5	1	1	-12	-12	5	0	-3	7	-4	-4	4	-6	1	6	6	1	1	-1	-1	-4	-4	0	-4	-4	1	1	-2	-7	-2	9	9	-5	1	1	4	-6	0	2	3	0	-8	-8	3	-1	-5	6	6	-1	0	-1	-1	1	1	-9	-1	6	-3	-3	-2	-2	-1	1	1	-1	4	0	-2	-3	-3	1	-6	-5	-17	-17	1	-3	-3	-2	3	3	-2	-2	1	-1	-1	5	5	2	-1	0	0	0	0	3	-3	-2	1	1	-2	0	5	5	-3	-3	17	-5	-5	-14	-14	0	-4	11	-9	-9	-11	-6	2	2	-5	5	-5	1	1	-3	-3	7	17	-2	9	9	-2	-3	-6	-6	5	5	2	4	-6	-7	-7	-9	2	5	-5	-7	-7	4	-10	-3	-7	-7	5	2	1	1	3	3	-4	-4	-6	-2	-2	-2	-2	-2	-3	-3	3	3	-7	-4	4	4	0	0	-2	1	1	1	1	-2	-6	0	-1	-1	-1	-4	-7	-6	-6	
-7	25	-27	33	-12	-12	-87	-87	-8	11	11	-29	-29	16	4	11	6	-25	-25	46	-19	7	10	10	10	10	5	5	-13	-13	9	-38	-38	29	29	-41	13	7	-8	-8	-24	-3	12	27	32	14	-9	13	20	-16	-16	34	-68	9	-1	-1	30	-6	-8	-8	-2	-2	-75	17	-27	0	0	28	2	20	39	39	7	36	-19	8	1	1	4	6	-9	3	3	4	3	-19	-20	1	1	-10	-10	-7	-6	-6	31	31	-10	-3	-18	-18	-4	-4	0	-75	-9	-1	-1	-4	7	43	43	-1	-1	67	-10	-10	-92	-92	10	5	21	-20	-20	-24	-25	12	12	-6	14	5	9	9	6	6	65	38	-15	-5	-5	-24	-2	6	6	-28	-28	30	1	-14	-56	-56	-23	0	30	-7	-28	-28	14	-57	10	-70	-70	46	1	12	12	0	0	21	21	-64	9	9	51	51	-15	11	11	32	32	-27	-10	-20	-20	11	11	-34	9	9	2	2	19	-15	14	11	11	11	4	-5	-1	-1	
16	7	1	10	2	2	-17	-17	-32	6	6	-3	-3	4	1	7	5	29	29	5	-2	1	8	8	0	0	-18	-18	-14	-14	4	1	1	20	20	-20	-7	4	1	1	-5	-3	-12	12	-5	6	-3	0	-2	1	1	5	-15	-1	1	1	9	-9	8	8	-6	-6	-14	14	2	5	5	-15	6	11	1	1	-8	6	-6	10	0	0	5	-11	2	-9	-9	2	-7	14	-10	-6	-6	-10	-10	-8	-5	-5	-8	-8	5	1	0	0	3	3	2	-1	-6	0	0	8	2	3	3	-3	-3	4	-12	-12	-3	-3	3	-9	7	-6	-6	-21	-13	10	10	-2	11	8	-1	-1	-13	-13	20	9	-6	15	15	-3	2	-3	-3	3	3	2	6	-6	-9	-9	-8	-3	7	-8	-5	-5	-1	-17	1	-10	-10	10	9	0	0	-4	-4	-4	-4	-4	-1	-1	2	2	1	-11	-11	4	4	-10	1	4	4	2	2	-5	1	1	3	3	2	-12	-2	-1	-1	-1	-3	10	-10	-10	
0	-2	-2	-3	6	6	-6	-6	-1	-3	-3	-2	-2	-15	0	4	2	3	3	3	-2	-1	7	7	0	0	-6	-6	-1	-1	-2	0	0	2	2	2	-4	-3	-3	-3	-4	2	0	1	4	1	2	2	-2	-7	-7	0	-1	-5	2	2	2	-12	1	1	11	11	-9	0	5	-12	-12	2	-6	-6	-4	-4	1	-4	1	8	-16	-16	-2	19	-4	3	3	5	-6	-4	-9	4	4	-5	-5	-20	13	13	3	3	0	2	2	2	2	2	8	-3	9	-7	-7	-2	3	-2	-2	-2	-2	6	-8	-8	0	0	1	-3	-6	-4	-4	-28	-25	6	6	-2	1	5	1	1	-1	-1	1	-2	-1	9	9	5	2	5	5	2	2	0	11	-5	-2	-2	5	5	-4	-6	-3	-3	-6	-7	3	-10	-10	-5	1	-2	-2	-13	-13	2	2	7	-1	-1	-2	-2	6	-2	-2	-1	-1	-1	-6	4	4	-2	-2	-5	0	0	0	0	-3	4	-3	-4	-4	-4	-2	-2	-1	-1	
-5	1	-5	-1	-2	-2	-1	-1	0	-3	-3	0	0	-4	1	-1	1	3	3	2	-1	0	3	3	0	0	-7	-7	-2	-2	-1	1	1	2	2	2	-1	-1	-6	-6	0	2	-1	1	-3	-5	2	1	0	-6	-6	1	-3	-2	1	1	5	-8	-3	-3	1	1	-6	0	-5	-1	-1	5	-7	-1	-5	-5	0	-3	-4	-2	-3	-3	-1	4	-3	5	5	2	1	-10	1	1	1	-2	-2	-11	7	7	3	3	-1	3	-1	-1	0	0	-3	-4	6	-5	-5	-1	-1	-4	-4	0	0	2	1	1	0	0	-1	-2	-1	-3	-3	-8	-7	0	0	-4	-1	-1	-5	-5	0	0	1	0	-2	0	0	4	-3	2	2	-3	-3	0	0	-3	-2	-2	0	1	0	-5	-2	-2	3	0	0	-6	-6	-2	-1	-1	-1	3	3	-1	-1	0	-1	-1	-7	-7	2	0	0	0	0	-1	-4	1	1	-2	-2	3	0	0	-4	-4	-6	0	0	-3	-3	-3	-1	-2	0	0	
Trial:12
17	-12	-12	-3	6	6	-20	-20	1	-47	4	4	-9	-9	-4	-1	9	9	-3	-15	13	-3	-3	2	2	-3	-30	-12	2	2	17	3	-1	-2	1	-6	1	-3	-3	-3	6	-5	-15	2	2	-15	-15	0	-5	-2	2	4	-5	-5	-5	6	1	1	-12	-12	-3	14	14	14	-6	-7	-8	-10	-10	-20	-20	4	-2	-2	2	2	-1	-4	-9	-4	5	5	6	-2	2	0	0	7	-1	-4	-3	1	-4	6	-6	0	2	2	-6	-6	9	9	-9	7	3	-18	-16	-1	-1	-4	7	2	2	3	3	4	5	-4	1	1	-9	-2	-12	1	-2	13	-15	6	2	-9	-9	3	3	0	9	9	3	3	3	4	-17	-17	-1	-1	0	4	9	9	4	4	16	-3	-3	3	3	1	0	0	-8	-8	-8	-6	-1	-1	10	10	-3	4	2	2	12	12	-4	-11	-11	-11	0	-2	-13	-13	3	0	0	7	-13	-13	1	1	-1	13	13	-2	-2	-5	2	-11	-11	-4	-4	-1	
20	-28	-28	-1	14	-9	-12	-12	17	-41	-2	-2	-15	-15	3	1	10	10	4	7	22	-7	-7	-14	-14	-1	-2	-3	3	3	-1	-10	9	15	-13	10	-1	-7	-7	-7	16	3	-18	-1	-1	-3	-3	-3	-10	9	-14	9	0	0	0	15	-9	-9	-12	-18	-11	1	1	1	-14	-4	-5	-2	-2	-9	-9	2	-19	-19	14	14	-7	-6	-20	-10	2	2	-3	1	14	10	10	6	-8	1	-13	-8	-7	-7	-21	-8	1	1	-8	-8	17	17	0	4	-1	0	-20	11	11	-7	10	-3	-3	14	14	-7	11	-13	-2	-2	4	9	-10	-7	2	10	-13	-6	13	-38	-38	0	0	4	5	5	9	9	9	7	-10	-10	-11	-11	-4	2	6	6	-3	-3	9	-6	-6	6	6	3	-10	-10	-12	-12	-12	-10	6	6	11	11	2	10	3	3	-3	-3	-9	-9	-9	-9	8	0	9	9	6	-5	-5	10	-4	-4	-8	-8	-3	2	2	-1	-1	-3	-13	-9	-9	-8	-8	-7	
2	-2	-2	-2	3	1	9	9	10	-11	-3	-3	-5	-5	-11	14	-5	-5	-3	1	-2	2	2	-8	-8	1	-17	21	-9	-9	8	5	-4	6	-2	0	0	-25	-25	-25	12	-8	-10	-5	-5	-7	-7	-2	3	0	-2	2	-1	-1	-1	-13	-5	-5	2	-3	2	0	0	0	6	4	2	-10	-10	-13	-13	-3	-1	-1	-9	-9	4	-3	-4	-4	4	4	-13	-5	17	8	8	5	2	-22	7	2	-7	-2	-13	-7	5	5	-3	-3	12	12	4	-13	3	-1	-10	7	7	-4	-4	-7	-7	12	12	-9	-2	-6	3	3	-6	-2	-13	-2	-3	-16	-2	-5	-11	-13	-13	2	2	22	1	1	3	3	3	0	2	2	-30	-30	2	-4	6	6	0	0	7	11	11	0	0	0	-9	-9	1	1	1	0	3	3	-16	-16	2	0	-2	-2	-1	-1	-4	-4	-4	-4	-5	7	11	11	-14	-9	-9	0	0	0	-11	-11	-4	-15	-15	-2	-2	2	-11	-10	-10	0	0	0	
12	2	2	0	12	0	13	13	6	-6	-7	-7	-6	-6	-10	4	-11	-11	-1	-2	-4	4	4	5	5	-4	-20	25	-14	-14	9	1	-6	11	-13	-1	6	-8	-8	-8	-1	-6	11	-4	-4	-11	-11	1	3	-15	-2	11	5	5	5	7	3	3	18	6	-12	0	0	0	20	12	-9	-11	-11	-14	-14	1	-2	-2	1	1	0	-3	-13	-3	-1	-1	-4	11	10	1	1	8	-2	0	7	-4	-9	-14	-11	-8	6	6	-7	-7	7	7	-11	-16	-2	-6	-14	10	10	-1	1	2	2	1	1	3	0	2	16	16	0	6	-7	-5	6	-17	-9	-8	-3	-2	-2	-16	-16	12	5	5	-5	-5	-5	-6	1	1	-2	-2	2	-3	6	6	-7	-7	0	-5	-5	3	3	-7	1	1	11	11	11	-10	2	2	-11	-11	-5	9	-18	-18	8	8	-6	-4	-4	-4	-2	3	2	2	2	-2	-2	-2	9	9	1	1	-15	3	3	-11	-11	-4	-3	1	1	3	3	-4	
29	19	19	-9	-4	-27	-84	-84	31	-32	37	37	-97	-97	35	-27	7	7	3	19	6	18	18	7	7	-31	7	58	-23	-23	10	16	-1	7	-65	8	20	-7	-7	-7	12	-1	-9	4	4	10	10	-5	-27	-10	-7	17	31	31	31	19	-39	-39	14	-4	-67	-6	-6	-6	-23	19	6	-25	-25	20	20	27	-6	-6	50	50	18	-18	-7	4	0	0	-77	19	-4	15	15	48	-53	14	11	-9	-2	-6	-80	31	-3	-3	-33	-33	1	1	-73	11	3	-28	-23	59	59	17	13	-13	-13	0	0	-6	16	-21	17	17	-10	57	-16	-1	38	-29	7	-48	-6	14	14	-2	-2	18	32	32	-41	-41	-41	-33	-32	-32	13	13	7	-16	28	28	-5	-5	-12	3	3	-10	-10	2	-19	-19	21	21	21	-12	17	17	-14	-14	-53	28	-60	-60	56	56	2	11	11	11	14	-25	14	14	-15	0	0	39	33	33	14	14	29	-2	-2	-22	-22	-50	3	23	23	-15	-15	-11	
33	20	20	10	-17	-29	-52	-52	29	45	16	16	-2	-2	10	-21	3	3	-31	-17	0	-2	-2	9	9	4	-6	16	9	9	-58	-10	22	-2	-20	5	17	4	4	4	9	-1	-20	1	1	-5	-5	5	0	-10	-1	9	-44	-44	-44	-5	-20	-20	27	3	-50	22	22	22	9	23	-18	1	1	10	10	-7	-29	-29	17	17	32	-11	4	-19	8	8	-7	-2	-1	14	14	5	-3	13	-1	15	-5	37	-34	7	-39	-39	-18	-18	-11	-11	22	9	-19	-9	-15	8	8	-1	-22	-11	-11	29	29	-2	-67	14	-16	-16	1	15	-20	3	4	-20	5	-25	-10	19	19	-6	-6	5	-2	-2	-42	-42	-42	-9	7	7	-16	-16	9	-3	32	32	8	8	-9	4	4	-14	-14	2	-9	-9	3	3	3	25	0	0	-16	-16	-6	-2	-7	-7	4	4	-4	-4	-4	-4	10	-7	18	18	-9	-12	-12	1	3	3	8	8	19	2	2	-6	-6	-17	24	-10	-10	4	4	-6	
-7	3	3	5	7	12	-20	-20	3	-5	0	0	4	4	0	8	-14	-14	-3	-6	11	-7	-7	8	8	7	-10	-5	5	5	-9	4	12	-15	2	19	5	-6	-6	-6	-7	1	-10	-7	-7	-1	-1	7	-3	-3	0	0	-4	-4	-4	-12	25	25	11	-2	-20	-11	-11	-11	-3	11	2	22	22	-2	-2	-10	3	3	-8	-8	1	3	0	-1	-1	-1	-7	-11	-14	-4	-4	-8	14	7	-10	11	-16	-4	1	-13	5	5	18	18	-8	-8	0	2	-6	7	-17	9	9	-1	0	-2	-2	2	2	5	-13	4	-4	-4	5	3	-5	1	-5	1	1	7	-1	0	0	-5	-5	-2	2	2	3	3	3	-5	-4	-4	-10	-10	-4	-2	4	4	-9	-9	2	-6	-6	6	6	-5	8	8	-8	-8	-8	-22	5	5	7	7	-2	-2	-7	-7	6	6	-2	4	4	4	-1	-1	0	0	1	-6	-6	5	-3	-3	2	2	0	-8	-8	4	4	-3	-5	-1	-1	-1	-1	-10	
-8	39	39	-1	5	0	-6	-6	-6	-28	-3	-3	2	2	0	1	29	29	-17	-12	-7	15	15	-7	-7	-9	-15	-51	17	17	5	9	9	-4	-5	-10	13	-9	-9	-9	7	5	-21	17	17	-1	-1	28	-17	-7	6	-2	9	9	9	-91	-4	-4	-5	-3	13	-12	-12	-12	9	42	-3	18	18	-12	-12	-16	-15	-15	-8	-8	-7	-1	3	-2	-2	-2	-4	-2	-10	-11	-11	-45	36	-1	-26	27	-12	-5	22	-43	11	11	18	18	12	12	4	-1	7	-1	-2	5	5	1	-6	32	32	7	7	-19	4	10	25	25	-6	29	-15	9	-10	-1	-2	43	-1	-5	-5	-5	-5	2	7	7	-2	-2	-2	-3	-10	-10	13	13	-1	12	-3	-3	-32	-32	7	-1	-1	14	14	10	-5	-5	-26	-26	-26	-8	4	4	2	2	4	-25	-1	-1	4	4	-3	6	6	6	-1	-22	-13	-13	6	6	6	7	-4	-4	13	13	14	-23	-23	3	3	0	-17	-43	-43	-7	-7	8	
Trial:13
2	2	14	14	13	13	-8	-8	-15	-2	3	-12	-12	4	1	-12	-7	7	7	-2	-2	-15	-1	-1	1	1	11	-5	-5	-14	4	4	-1	6	6	-3	-3	-4	-3	-28	-28	3	3	-9	7	-10	13	13	18	-3	-3	-8	0	0	3	9	9	3	3	2	9	-15	4	4	4	-2	-5	-5	0	0	0	0	-19	-1	-1	10	10	-5	-23	13	13	14	14	11	-10	-10	-10	1	1	-1	4	4	-5	-11	3	14	4	4	2	-6	-10	-17	-17	5	5	-3	9	9	2	2	-7	-4	8	8	-1	-1	0	-8	-8	9	9	9	-6	-1	-1	-7	-7	27	3	3	-7	-7	8	-7	-13	-13	-3	-3	-7	-3	-3	-3	-9	-9	4	4	4	0	0	5	-4	-4	-4	0	0	2	-1	-1	1	1	2	2	-8	-8	9	9	2	0	-8	3	-1	1	9	-3	-3	1	1	-10	4	-2	14	14	-5	6	7	7	11	11	-9	9	-12	-16	-16	-6	-6	7	-2	8	8	6	
12	12	8	8	4	4	-5	-5	-7	13	0	-4	-4	1	-4	-20	-12	20	20	-5	-5	-3	-13	-13	-1	-1	-2	-10	-10	-11	4	4	8	1	1	20	20	-8	-15	-30	-30	10	10	-37	5	21	10	10	20	-10	-14	17	3	3	1	6	6	-3	-3	17	9	1	-5	-5	-4	0	3	3	-1	-1	-3	-3	-10	-14	-14	2	2	-20	-22	5	5	2	2	2	-4	-4	-4	7	-1	6	-15	-15	-4	4	8	-1	9	9	-10	-7	0	-16	-16	17	17	-5	3	3	5	5	-6	4	11	11	-9	-9	0	-5	-5	6	6	6	-7	-15	-15	3	3	16	-5	-5	-7	-7	6	-2	-2	-2	-3	-3	2	2	2	2	-6	-6	0	-8	-8	-8	-8	1	0	0	0	-2	-2	10	-3	-3	-1	-1	-8	-8	-5	-5	9	9	-9	9	1	6	13	7	-2	-1	-1	0	0	-15	13	-25	17	17	1	9	18	18	20	20	-16	6	-4	-12	-12	-2	-2	-3	-4	23	23	0	
-3	-3	5	5	-8	-8	2	2	-7	4	-1	7	7	-2	5	8	0	-4	-4	-1	-1	1	-10	-10	0	0	-1	-16	-16	-2	3	3	-11	9	9	7	7	8	-10	-3	-3	-1	-1	-2	9	-7	9	9	13	0	-8	9	-1	-1	-3	-2	-2	5	5	6	-1	-1	6	6	7	-9	-15	-15	-10	-10	3	3	1	-9	-9	7	7	3	0	3	3	-5	-5	-3	-7	-7	-7	-2	17	6	-5	-5	0	-2	3	-5	7	7	-1	5	-2	3	3	-5	-5	-6	-2	-2	-2	-2	-2	14	-1	-1	-10	-10	7	-11	-11	-1	-1	-1	-8	-2	-2	-1	-1	11	-2	-2	-3	-3	-4	2	-5	-5	-3	-3	-8	3	3	3	-8	-8	6	-1	-1	-17	-17	3	-2	-2	-2	14	14	6	0	0	2	2	-2	-2	-9	-9	3	3	-23	14	-13	-9	5	-8	11	2	2	19	19	-9	11	5	8	8	-8	-1	20	20	8	8	-10	1	-9	-7	-7	-11	-11	7	-3	10	10	-9	
-9	-9	4	4	2	2	-8	-8	-1	-1	-1	2	2	-4	0	13	-2	-7	-7	-1	-1	-11	-9	-9	-5	-5	4	-17	-17	-6	7	7	0	5	5	4	4	0	-13	1	1	7	7	2	0	-12	4	4	-3	5	-4	-3	1	1	-4	-2	-2	2	2	-1	2	6	-1	-1	2	-7	7	7	-15	-15	6	6	-7	-8	-8	-12	-12	0	13	-7	-7	6	6	-7	2	2	2	-4	-1	-3	3	3	4	-4	-6	-2	-2	-2	7	3	-7	9	9	-2	-2	-2	4	4	1	1	-8	-3	-5	-5	-2	-2	-3	-1	-1	-2	-2	-2	-5	-4	-4	6	6	1	5	5	-3	-3	-2	-1	-5	-5	3	3	-10	-1	-1	-1	0	0	2	4	4	-2	-2	-7	-3	-3	-3	-1	-1	-2	3	3	-6	-6	1	1	-4	-4	5	5	-7	11	-2	-4	-1	-3	9	-9	-9	12	12	-4	1	4	0	0	-9	1	0	0	3	3	-6	-3	6	-8	-8	0	0	-2	7	-1	-1	-6	
-25	-25	8	8	5	5	-14	-14	25	-75	23	-12	-12	4	-18	27	6	-19	-19	-3	-3	-43	-27	-27	3	3	-11	-57	-57	6	15	15	-56	29	29	16	16	9	3	60	60	22	22	22	2	-26	7	7	-9	5	-6	36	-20	-20	-9	-2	-2	-5	-5	15	-7	1	0	0	-22	21	-3	-3	-44	-44	8	8	-3	-19	-19	-6	-6	34	22	9	9	7	7	-7	-10	-10	-10	-5	20	-40	10	10	-12	40	-53	33	17	17	17	7	9	34	34	5	5	-7	23	23	-1	-1	-21	-12	-4	-4	-12	-12	-1	-8	-8	-35	-35	-35	13	-9	-9	71	71	-1	7	7	-9	-9	19	3	-8	-8	-6	-6	-4	-42	-42	-42	19	19	14	1	1	4	4	-25	-10	-10	-10	41	41	6	1	1	-35	-35	1	1	-23	-23	19	19	-23	7	32	6	-14	-3	7	-57	-57	23	23	8	20	1	-15	-15	-26	-5	20	20	36	36	7	3	2	-46	-46	37	37	-13	26	6	6	9	
-6	-6	0	0	-25	-25	-25	-25	21	-19	-10	5	5	-9	-6	13	-19	1	1	8	8	-1	-8	-8	-1	-1	31	-23	-23	-7	11	11	4	1	1	-8	-8	-9	10	3	3	51	51	-14	-25	-3	-9	-9	22	5	-15	-10	-17	-17	6	-4	-4	-75	-75	32	15	15	-6	-6	1	-10	1	1	4	4	14	14	-5	-8	-8	-4	-4	-9	18	5	5	-4	-4	8	-4	-4	-4	13	11	-8	12	12	-3	14	12	1	-13	-13	-32	6	-11	7	7	-11	-11	20	6	6	-18	-18	7	-1	7	7	-5	-5	3	-20	-20	-18	-18	-18	7	5	5	15	15	-1	-7	-7	-5	-5	21	-8	19	19	3	3	1	-6	-6	-6	38	38	-22	4	4	-14	-14	-1	-12	-12	-12	-9	-9	1	5	5	-4	-4	1	1	-12	-12	-4	-4	-1	20	14	-4	-12	-2	15	-31	-31	7	7	17	1	-13	32	32	-6	5	3	3	-19	-19	-15	7	8	-1	-1	24	24	-1	26	-14	-14	4	
-2	-2	24	24	-5	-5	-9	-9	-7	7	-13	1	1	0	-1	9	9	-3	-3	-2	-2	-3	0	0	-6	-6	-2	-6	-6	7	2	2	0	-12	-12	4	4	2	-1	1	1	-2	-2	8	0	-10	2	2	3	2	-6	-1	0	0	2	-8	-8	-1	-1	3	-5	-1	12	12	12	1	0	0	-5	-5	-2	-2	0	-4	-4	-4	-4	-3	3	0	0	8	8	-1	-4	-4	-4	-13	2	0	1	1	3	-2	-5	-4	-6	-6	-3	13	8	-2	-2	19	19	1	-7	-7	-6	-6	7	-7	-3	-3	1	1	-6	-1	-1	-1	-1	-1	-4	-4	-4	4	4	3	-1	-1	-7	-7	4	9	1	1	-4	-4	1	-2	-2	-2	-5	-5	5	-5	-5	-13	-13	1	-3	-3	-3	1	1	4	2	2	-2	-2	5	5	0	0	-2	-2	-3	2	-3	-1	-3	1	3	-8	-8	-1	-1	0	2	5	-3	-3	-3	-4	-1	-1	1	1	-1	3	1	-3	-3	2	2	-5	4	-4	-4	-4	
1	1	6	6	4	4	-7	-7	-4	2	-4	0	0	2	1	-2	-5	2	2	-2	-2	-3	-1	-1	0	0	0	-4	-4	-2	-1	-1	3	-1	-1	-3	-3	-2	-3	-3	-3	-2	-2	2	-1	-3	-1	-1	1	-2	-2	-5	0	0	-2	-1	-1	1	1	-1	-2	-1	4	4	3	0	1	1	-4	-4	0	0	-3	-2	-2	-4	-4	-2	0	1	1	1	1	2	-2	-2	-2	2	-2	-2	-1	-1	2	-1	-4	2	-5	-5	-2	2	2	-6	-6	5	5	-1	1	1	-2	-2	0	-6	3	3	-1	-1	-5	-3	-3	3	3	3	-3	1	1	-3	-3	3	1	1	-5	-5	3	3	-4	-4	-2	-2	-2	0	0	0	-3	-3	0	-2	-2	-1	-1	-1	-3	-3	-3	3	3	1	0	0	-1	-1	3	3	-3	-3	-4	-4	2	1	-3	1	-4	-1	3	-2	-2	1	1	-1	0	-1	-3	-3	-2	0	0	0	6	6	-1	3	-1	-2	-2	-2	-2	-4	-1	-3	-3	-1	
Trial:14
-6	8	10	-11	23	9	-8	9	-9	-9	-19	8	8	8	-2	-5	-9	5	5	-3	-3	3	27	27	-16	-16	0	-3	0	0	-2	6	-18	-14	-14	-14	-2	3	-12	4	4	6	-4	-16	4	4	23	1	-4	-12	2	2	4	0	18	-6	-6	8	-1	-1	-9	-19	-19	-13	-13	11	8	8	6	6	8	4	4	7	7	7	4	-1	-1	-17	-17	-19	3	3	3	8	8	-2	-5	-5	-9	-9	-6	12	12	15	15	-3	-2	-2	8	8	-9	-1	-8	-8	2	2	-1	7	-17	-17	3	3	-4	18	-2	-8	-8	4	-8	3	7	7	7	-5	8	-21	6	6	4	-7	2	3	3	3	3	-1	-1	9	9	-13	-5	6	6	-11	-11	-5	-5	2	-3	-3	4	4	-12	-12	11	11	-5	-5	-2	-7	-2	-2	-3	-3	3	-3	-5	-2	-2	4	-8	-7	6	6	4	4	-3	-3	2	2	-4	-14	16	1	1	1	1	-6	0	-8	13	-11	4	1	3	3	1	-3	
-5	30	13	3	13	-11	0	35	-27	-27	-15	1	3	3	-8	2	4	-1	-1	2	2	-5	24	24	-8	-8	-9	22	54	54	-20	-20	-27	-32	-32	-32	-16	-12	-8	0	0	-1	14	-27	-10	-10	6	20	2	-32	10	10	-43	2	16	10	10	-11	12	12	19	-7	-7	-17	-17	-19	6	6	11	11	14	7	7	2	2	2	9	2	2	-15	-15	-16	6	6	6	-7	-7	2	21	21	-14	-14	-12	7	7	7	7	-4	13	13	-6	-6	-6	-11	-4	-4	-14	-14	21	-3	-11	-11	-12	-12	-13	3	-15	-2	-2	17	-5	13	7	7	7	1	-14	-13	3	3	-1	-6	2	-2	-2	-1	-1	-7	-7	2	2	4	-14	6	6	-16	-16	-8	-8	0	1	1	15	15	-4	-4	3	3	-5	-5	3	-5	-3	-3	-4	-4	-6	-4	-16	-8	-8	8	6	-4	4	4	-3	-3	-8	-8	13	13	9	-4	1	-1	-1	-4	7	6	-16	1	9	-8	4	-3	-9	-9	3	-12	
-14	-5	-7	-10	12	-9	-9	16	2	2	-9	5	5	5	4	-9	-7	10	10	-2	-2	-3	-16	-16	1	1	7	-1	-5	-5	4	-2	1	-36	-36	-36	10	-16	-1	-14	-14	10	-4	-9	-1	-1	0	12	3	5	12	12	0	-11	-9	18	18	-19	1	1	9	-16	-16	-2	-2	6	-18	-18	9	9	7	7	7	-6	-6	-6	-14	-5	-5	-4	-4	-20	3	3	3	6	6	5	5	5	5	5	-3	1	1	10	10	8	-8	-8	0	0	7	-4	0	0	-11	-11	-8	19	-7	-7	0	0	-12	-1	0	0	0	-5	-2	-1	-2	-2	-2	-3	-3	8	3	3	1	-3	2	-8	-8	-1	-1	-3	-3	-8	-8	1	-16	3	3	0	0	-5	-5	9	-2	-2	-4	-4	-7	-7	5	5	-14	-14	16	-2	1	1	-13	-13	-21	-14	6	0	0	8	-4	13	0	0	10	10	3	3	-3	-3	-7	-8	-7	-1	-1	1	4	-16	2	4	-2	-2	-5	2	2	2	4	7	
-6	-12	-8	-15	8	-4	-2	9	2	2	-12	0	6	6	7	-4	-9	7	7	-4	-4	-2	-2	-2	-7	-7	8	-5	-3	-3	3	-1	-2	-5	-5	-5	-6	-8	-6	-10	-10	13	-9	1	-4	-4	5	-1	1	2	2	2	-2	2	-7	12	12	-7	0	0	7	-6	-6	-3	-3	2	-7	-7	6	6	-4	-6	-6	5	5	5	0	-1	-1	0	0	-8	-4	-4	-4	3	3	0	-7	-7	4	4	-5	8	8	1	1	5	-6	-6	3	3	3	-7	0	0	-8	-8	7	-6	4	4	-5	-5	-7	8	-3	4	4	-10	-9	-1	3	3	3	-4	-4	-7	-1	-1	0	-10	2	0	0	-6	-6	-2	-2	2	2	7	-3	2	2	3	3	-2	-2	0	-2	-2	2	2	-4	-4	4	4	-4	-4	-3	-2	1	1	-12	-12	-5	-8	-3	-2	-2	5	-6	5	4	4	-4	-4	2	2	2	2	-9	-6	3	1	1	2	-2	2	5	0	-2	-6	2	5	2	2	-7	-1	
23	-11	24	-13	20	-17	-8	17	-15	-15	19	6	-12	-12	-21	8	6	-20	-20	-2	-2	-12	0	0	-20	-20	0	10	9	9	-22	-15	17	-4	-4	-4	-19	8	8	-1	-1	-2	16	13	9	9	8	-4	3	-3	7	7	1	14	-2	7	7	-6	-3	-3	-6	-15	-15	-38	-38	2	8	8	4	4	7	-27	-27	26	26	26	-3	9	9	21	21	-18	9	9	9	7	7	-7	-38	-38	18	18	9	13	13	-3	-3	36	55	55	7	7	8	-36	-23	-23	-16	-16	28	-19	-13	-13	-8	-8	-17	43	-19	-13	-13	-17	-26	-53	21	21	21	13	0	4	-3	-3	35	-17	-3	-29	-29	-10	-10	2	2	-17	-17	20	-12	2	2	7	7	-10	-10	5	4	4	-14	-14	0	0	9	9	-3	-3	-55	0	29	29	10	10	-15	-26	25	19	19	-24	-11	6	-1	-1	14	14	17	17	22	22	-68	3	22	-12	-12	-12	12	-5	12	12	0	60	1	-14	-1	-1	-16	-18	
1	-6	9	-21	-8	1	20	-18	-16	-16	-22	8	12	12	-5	10	-13	1	1	35	35	-2	-1	-1	1	1	-11	17	-9	-9	-1	12	9	-6	-6	-6	7	-8	-42	4	4	15	18	5	-17	-17	13	8	16	-6	18	18	-12	-2	9	10	10	0	4	4	-20	-4	-4	19	19	-33	11	11	2	2	-5	5	5	11	11	11	13	-9	-9	-8	-8	-7	1	1	1	-5	-5	5	-9	-9	-2	-2	-7	-12	-12	-1	-1	11	7	7	25	25	-9	-5	-2	-2	-13	-13	6	-54	-18	-18	-14	-14	0	36	-12	-1	-1	9	21	-10	13	13	13	-7	9	-10	6	6	12	18	3	-4	-4	-7	-7	-8	-8	9	9	14	-10	10	10	-18	-18	-6	-6	-4	0	0	2	2	-37	-37	38	38	-13	-13	-4	-11	15	15	3	3	-8	-10	-17	-9	-9	-4	1	6	2	2	7	7	9	9	21	21	-8	-4	0	-3	-3	-7	-5	-5	-4	-10	10	4	3	-1	-2	-2	7	-6	
2	1	6	-46	6	20	-8	0	0	0	-7	7	3	3	4	-17	-4	3	3	4	4	-5	-11	-11	-11	-11	17	-18	-9	-9	16	0	0	-2	-2	-2	5	0	-17	4	4	7	-11	4	-14	-14	4	8	2	10	5	5	-8	-22	6	-6	-6	2	13	13	0	-2	-2	1	1	-5	14	14	-1	-1	-11	1	1	2	2	2	-10	-6	-6	8	8	-2	-3	-3	-3	3	3	-5	2	2	1	1	-2	-1	-1	-27	-27	14	-3	-3	5	5	-4	2	5	5	2	2	-2	-1	-11	-11	-5	-5	-6	18	6	1	1	-9	3	15	-3	-3	-3	-4	-6	-5	-18	-18	8	-7	8	-35	-35	12	12	3	3	4	4	5	-3	6	6	-23	-23	1	1	13	0	0	2	2	2	2	4	4	8	8	-5	-7	1	1	-7	-7	-6	0	-12	2	2	1	-4	-1	1	1	2	2	-3	-3	0	0	15	0	3	-8	-8	-14	3	9	-6	0	3	-3	-2	-10	-1	-1	-3	12	
-2	-3	3	-13	2	6	-1	-4	0	0	0	8	-1	-1	1	-3	-7	2	2	3	3	0	-1	-1	-5	-5	0	-6	-9	-9	5	2	-1	0	0	0	-4	-2	-6	3	3	3	-2	-1	-2	-2	4	2	4	-3	3	3	-6	-2	2	-3	-3	0	-3	-3	1	-3	-3	-1	-1	0	0	0	-1	-1	-3	-1	-1	3	3	3	-1	-1	-1	-1	-1	-4	-2	-2	-2	4	4	-4	-1	-1	0	0	-7	1	1	-5	-5	5	-3	-3	3	3	0	2	-2	-2	-1	-1	-2	0	-5	-5	-4	-4	0	4	0	1	1	-3	-4	2	-3	-3	-3	-5	1	-2	-1	-1	3	-4	2	-5	-5	2	2	-1	-1	4	4	0	-1	-2	-2	-6	-6	-2	-2	-2	1	1	-4	-4	1	1	3	3	0	0	1	-2	1	1	-5	-5	-2	-1	-4	-4	-4	2	1	-4	-1	-1	1	1	0	0	1	1	-2	-1	3	-1	-1	-1	-2	0	2	-1	3	-3	-1	-1	1	1	0	0	
Trial:15
-1	-3	-3	2	3	-4	-9	-2	1	-5	8	8	-7	-7	3	3	-2	-2	-1	-1	0	-5	-3	2	2	-9	-2	0	0	7	7	-4	-3	0	1	1	-8	-8	1	-4	-4	0	0	0	-8	3	3	3	3	-5	-6	5	5	-1	-1	-5	-2	-2	-4	-4	6	-1	-8	-2	-2	3	3	-4	-4	0	0	9	-3	-6	-8	-8	-2	6	0	-2	-2	1	1	-6	-6	-2	-2	-2	3	3	-2	-2	3	-3	-6	4	9	-5	-8	-2	-2	3	3	3	5	-3	2	2	-6	-6	5	5	7	7	-2	0	1	-1	-1	-9	-9	-5	-2	-2	-11	-11	3	3	7	7	-3	-3	5	1	1	-5	-5	-4	-4	-2	4	4	-4	-7	-3	3	3	-1	-1	-5	-5	-1	-1	-1	1	3	-6	-6	7	-3	-2	-2	0	0	-3	0	-2	3	3	-4	2	-2	-1	-1	-4	-2	0	-5	-5	3	3	1	1	1	1	-3	-3	2	-2	-2	0	7	3	-8	-2	-2	-3	-10	-3	-10	
-1	32	32	3	1	-11	-10	-11	2	2	10	-6	-6	-6	-6	-6	2	2	-4	-4	-10	-4	1	27	27	0	-4	-5	-5	-3	-3	-1	-3	15	1	1	-25	-25	-6	-9	-9	-1	-1	-1	-11	7	7	3	3	-9	-6	1	1	0	0	-4	5	5	10	10	-3	-3	14	8	8	-3	-3	-22	-22	-12	-12	4	-5	-7	-8	-8	1	19	-4	-3	-3	0	0	-12	-12	1	1	0	1	6	-2	-2	-7	-10	-4	10	5	-4	2	-4	-4	-10	-10	3	-3	-3	0	0	-38	-38	16	16	17	17	-32	2	5	15	15	-4	-4	-8	10	10	-26	-26	8	8	12	12	-1	-1	-7	3	3	-12	-12	3	3	-3	11	11	-11	-21	4	3	3	3	3	-5	-5	-2	-2	21	-13	-1	-2	-2	-8	-11	0	0	0	0	-3	8	-2	8	8	19	0	-9	-4	-4	-10	-5	-2	-13	-13	1	1	3	3	-4	-4	1	-5	-3	1	1	-11	14	-2	0	0	0	-8	-8	-10	-8	
2	16	16	-1	-4	-7	-5	-6	-5	-3	2	-3	-3	-3	9	9	-6	-6	4	4	-12	1	-6	1	1	14	-12	3	3	-6	-6	2	-9	-6	-6	-6	3	3	-5	4	4	2	2	2	-5	16	16	-1	-1	-3	-5	5	5	-11	-11	0	0	0	-5	-5	-5	-8	7	-4	-4	2	2	-1	-1	2	2	-2	9	-5	-6	-6	-8	0	0	-13	6	-11	2	-6	-6	-1	-1	0	2	-3	1	1	-21	1	-1	2	18	-23	2	-8	-8	-14	-14	-2	0	-2	-6	-6	6	6	7	7	12	12	-19	15	-6	2	2	-10	-10	-5	-17	-17	-9	-9	-4	-4	13	13	1	1	-6	-3	-3	2	2	4	4	-1	5	5	-15	21	-3	4	4	-1	-1	4	4	5	5	-5	-3	-11	11	11	-2	0	-2	-2	-2	-2	-5	7	6	6	6	-3	3	-8	-8	-8	1	-16	6	-14	-14	5	5	5	5	-15	-15	-1	-7	6	-3	-3	-14	14	-12	-6	-1	-1	-1	9	7	-18	
1	6	6	-4	-7	-1	-3	-3	-2	-6	10	1	-2	-2	-5	-5	-7	-7	4	4	-8	-8	0	-1	-1	1	-3	7	7	-9	-9	-3	-12	-1	1	1	2	2	-7	1	1	-1	-1	-1	-4	-3	-3	2	2	0	-6	6	6	8	8	-1	-5	-5	-3	-3	-11	3	0	2	2	1	1	-1	-1	3	3	-1	5	2	-4	-4	-2	3	1	-6	-8	-1	-2	-6	-6	2	2	3	1	0	-6	-6	-9	-7	1	-7	6	-9	5	-6	-6	-4	-4	-5	-2	7	-9	-9	0	0	1	1	9	9	-10	0	-4	0	0	-5	-5	-5	-1	-1	-7	-7	-6	-6	12	12	-4	-4	-10	-1	-1	4	4	-5	-5	-6	9	9	-9	8	0	3	3	3	3	-9	-9	6	6	-5	3	-7	11	11	-4	-1	1	1	2	2	-6	5	5	2	2	6	0	-5	0	0	-3	-2	4	-10	-10	-10	-10	2	2	-3	-3	-4	-3	2	1	1	-14	6	-2	-3	-3	-3	-2	5	0	-9	
17	-34	-34	-16	8	36	-18	30	-27	-7	27	-5	22	22	-10	-10	-10	-10	15	15	4	-35	7	-16	-16	10	20	11	11	-62	-62	11	12	-54	37	37	13	13	-5	-4	-4	14	14	14	-44	10	10	-2	-2	7	-21	15	15	6	6	-4	-11	-11	29	29	-25	-9	-2	-9	-9	-42	-42	23	23	21	21	18	-30	9	-5	-5	4	16	15	-1	-47	-20	16	-8	-8	9	9	4	33	13	-3	-3	-25	-31	-6	22	-15	2	0	-14	-14	-12	-12	-44	1	18	-32	-32	26	26	7	7	19	19	-8	5	13	-38	-38	53	53	10	-2	-2	7	7	-8	-8	-2	-2	-3	-3	-35	11	11	20	20	-6	-6	1	9	9	-24	12	5	0	0	29	29	-31	-31	18	18	5	14	-25	52	52	12	-2	-5	-5	-15	-15	-43	-1	13	-3	-3	36	7	7	-1	-1	-14	-1	-2	-8	-8	3	3	-14	-14	3	3	-7	-15	7	-15	-15	-3	18	7	-3	-3	-3	-15	-12	-48	8	
2	-4	-4	-6	-2	8	-6	8	2	-5	5	-4	-2	-2	-1	-1	-9	-9	-1	-1	1	-3	5	-3	-3	-5	-2	2	2	-11	-11	0	-1	-8	4	4	12	12	-8	-2	-2	-5	-5	-5	3	4	4	-25	-25	1	-8	7	7	9	9	1	-4	-4	-2	-2	-6	-2	-3	3	3	-4	-4	-1	-1	2	2	-2	6	1	7	7	-2	0	-9	-6	-13	-8	2	-11	-11	4	4	-1	3	6	0	0	-4	-10	7	5	-7	1	-1	-1	-1	-8	-8	5	-3	14	11	11	-24	-24	-14	-14	2	2	-1	2	2	-16	-16	12	12	0	-4	-4	-2	-2	-2	-2	7	7	-10	-10	-12	8	8	7	7	-4	-4	-12	22	22	-4	2	-3	7	7	10	10	7	7	-1	-1	-9	-6	-10	6	6	-5	3	-7	-7	6	6	-13	0	5	-9	-9	-1	7	-6	4	4	-7	-9	0	3	3	-5	-5	-4	-4	-1	-1	3	-9	-2	3	3	-8	-2	4	3	6	6	-9	-3	10	-15	
-1	2	2	-1	-2	-7	-1	-1	-14	-12	6	0	6	6	-3	-3	-6	-6	12	12	9	7	-9	1	1	2	-8	-4	-4	-5	-5	-5	-5	-4	-4	-4	9	9	-7	-2	-2	-4	-4	-4	-2	-1	-1	-2	-2	3	0	5	5	0	0	-5	-1	-1	-6	-6	-6	13	4	-5	-5	0	0	-5	-5	1	1	1	0	-1	-3	-3	7	-8	-1	6	-6	2	6	-8	-8	-1	-1	-1	-6	-1	-19	-19	5	-6	10	0	-2	3	-2	1	1	1	1	4	-1	11	-22	-22	-10	-10	3	3	1	1	5	-2	1	1	1	1	1	-10	-3	-3	-4	-4	-16	-16	7	7	3	3	5	2	2	-1	-1	-1	-1	-6	-1	-1	-1	-1	2	2	2	-1	-1	-5	-5	3	3	-2	1	-3	1	1	-3	2	-2	-2	-3	-3	-1	-18	1	0	0	2	5	-1	5	5	-5	0	0	-1	-1	-3	-3	-1	-1	-21	-21	9	1	-1	0	0	-1	3	4	-2	-1	-1	-5	-4	6	-4	
0	-8	-8	1	4	0	2	2	-3	-5	1	2	-2	-2	2	2	-1	-1	0	0	2	-3	-3	-6	-6	-3	-3	0	0	0	0	-1	-4	1	-1	-1	1	1	-1	-1	-1	-2	-2	-2	-3	-1	-1	0	0	1	-3	1	1	-1	-1	0	-4	-4	-4	-4	0	0	-5	0	0	0	0	1	1	0	0	1	0	-1	-2	-2	-2	0	-2	2	0	-2	-2	-3	-3	-1	-1	1	3	-3	-4	-4	-1	-5	0	0	0	-2	0	-2	-2	-1	-1	0	2	2	-3	-3	-4	-4	2	2	2	2	7	0	-1	-2	-2	-2	-2	-4	-5	-5	-4	-4	-4	-4	0	0	-1	-1	5	1	1	-2	-2	0	0	-5	-1	-1	1	4	-2	2	2	1	1	-3	-3	-1	-1	-3	0	0	1	1	-2	0	-2	-2	-2	-2	1	-4	-3	2	2	-2	0	2	-1	-1	-4	-1	0	-5	-5	1	1	-1	-1	1	1	2	1	0	-2	-2	0	0	2	-3	1	1	-1	-4	-1	-4	
Trial:16
-3	-3	-5	2	2	-1	-1	-15	-1	-6	-6	-4	-4	3	-11	5	-10	-10	4	0	2	2	-7	-7	-1	3	0	1	1	-3	-1	5	5	-15	-15	7	-5	1	5	5	3	-1	-7	-1	-1	1	1	4	4	-5	-5	1	0	1	-4	-4	-3	-3	1	0	0	0	0	-2	-2	-4	-4	3	1	-10	5	5	-9	-7	-2	-1	-4	-4	1	1	-2	1	1	1	-1	-1	3	5	5	-4	-4	2	6	6	0	0	1	-11	-1	-1	4	4	-1	-3	-3	-1	-1	-3	-3	7	7	-2	-2	8	-2	-2	-14	-14	-1	-3	-3	-5	0	5	-8	1	1	-1	-1	9	9	-2	1	1	-3	3	-2	-13	-13	-13	-11	-4	4	1	1	3	-2	-3	3	3	-1	1	-12	-6	13	13	1	-5	-2	-4	-4	1	1	-4	-4	-1	-1	1	1	3	0	0	-12	-12	-1	0	0	-2	-2	-2	7	-4	-4	11	11	1	-7	-2	-2	-2	-7	0	0	3	2	2	0	3	-1	-1	
-1	-1	-19	-4	-4	-4	-4	-19	-4	-3	-3	16	16	0	-2	1	7	7	-2	2	1	1	-41	-41	8	1	1	8	8	3	-2	3	3	21	21	2	-16	-7	-25	-25	5	2	-12	1	1	12	12	2	2	-8	-8	1	-11	-13	6	6	9	9	-15	0	0	4	4	-13	-13	4	4	4	-17	2	0	0	-5	-13	0	0	-12	-12	-1	-1	5	12	12	12	4	4	-10	-6	-6	3	3	0	26	26	15	15	2	-20	4	4	5	5	-6	0	0	-5	-5	-14	-14	10	10	-7	-7	-2	-2	-2	-6	-6	2	0	0	-8	-11	2	-4	-1	-1	5	5	7	7	-5	-1	-1	0	5	1	-34	-34	-34	17	-3	2	-1	-1	4	-6	-5	6	6	-10	1	-18	-10	1	1	3	-2	-6	0	0	-7	-7	8	8	-3	-3	-4	-4	0	1	1	-7	-7	-6	3	3	-2	-2	2	30	-1	-1	15	15	-8	-13	0	3	3	-23	-8	8	-5	8	8	-4	-1	2	9	
4	4	6	-8	-8	-3	-3	19	-4	3	3	11	11	-18	-26	0	1	1	-6	10	1	1	-13	-13	1	4	5	-4	-4	5	-20	-13	-13	4	4	3	-4	-4	-12	-12	1	0	4	-1	-1	6	6	8	8	-11	-11	3	-15	4	-4	-4	11	11	-10	1	1	0	0	0	0	-5	-5	-19	2	5	0	0	4	-3	-6	-10	3	3	0	0	2	-6	-6	-6	3	3	3	-16	-16	-7	-7	6	3	3	11	11	3	16	-5	-5	2	2	-5	-1	-1	-4	-4	4	4	-11	-11	-7	-7	-12	5	5	10	10	1	-8	-8	11	-16	1	21	-9	-9	-1	-1	5	5	-2	-3	-3	-6	3	-2	-1	-1	-1	7	-2	-2	-4	-4	0	3	-5	10	10	-11	-5	-9	1	-11	-11	-3	-11	-16	8	8	-5	-5	5	5	-11	-11	7	7	2	7	7	0	0	-2	1	1	9	9	-4	23	0	0	2	2	-5	-1	1	-2	-2	-9	12	3	-25	-2	-2	-12	6	10	-2	
4	4	6	-11	-11	-5	-5	14	-1	0	0	-2	-2	-1	-2	7	5	5	-5	10	7	7	-1	-1	-13	2	0	-2	-2	-2	-5	-3	-3	-5	-5	-2	-4	-5	-13	-13	1	-5	5	-1	-1	5	5	5	5	0	0	2	-9	3	-7	-7	6	6	-8	-2	-2	-4	-4	6	6	-7	-7	2	7	-6	3	3	3	4	-6	-4	-5	-5	-9	-9	-1	3	3	3	2	2	4	-4	-4	-2	-2	-2	-4	-4	10	10	9	-4	-7	-7	-5	-5	0	-1	-1	-4	-4	2	2	-14	-14	-2	-2	6	2	2	11	11	1	-8	-8	-6	6	2	8	-8	-8	-7	-7	-6	-6	-1	0	0	-2	1	1	-16	-16	-16	4	2	-2	-6	-6	7	2	-5	5	5	-9	5	-8	1	-5	-5	-1	4	-7	4	4	-7	-7	2	2	-2	-2	7	7	-2	0	0	-2	-2	0	3	3	2	2	-4	38	-5	-5	-4	-4	-8	2	2	3	3	5	15	-5	-25	-4	-4	-6	6	10	0	
0	0	-25	29	29	-22	-22	22	-8	-80	-80	24	24	10	1	1	74	74	43	8	29	29	-29	-29	-34	16	-23	-3	-3	9	11	0	0	-9	-9	-10	-55	-29	-8	-8	-6	25	15	7	7	-5	-5	0	0	-4	-4	17	7	5	-35	-35	35	35	2	-49	-49	-35	-35	26	26	32	32	24	30	29	28	28	-33	-4	-14	-2	-4	-4	-68	-68	8	12	12	12	33	33	-20	-5	-5	2	2	-18	-15	-15	6	6	8	5	-42	-42	-25	-25	34	5	5	-24	-24	12	12	-25	-25	17	17	23	12	12	1	1	-4	-22	-22	-41	26	25	33	-8	-8	-63	-63	5	5	21	14	14	-4	-7	-3	-84	-84	-84	30	8	-45	-68	-68	40	0	19	11	11	4	31	-23	-6	21	21	11	19	0	25	25	-6	-6	7	7	-3	-3	-7	-7	-17	1	1	6	6	1	8	8	-47	-47	25	56	-7	-7	-6	-6	-12	13	-4	19	19	0	52	-12	0	-52	-52	24	-11	52	11	
11	11	3	4	4	-14	-14	8	-7	-25	-25	1	1	2	4	4	4	4	5	1	7	7	-5	-5	-15	5	1	3	3	3	-2	3	3	-8	-8	2	-14	-11	7	7	2	8	1	-1	-1	4	4	-2	-2	4	4	0	-8	4	-11	-11	12	12	-4	-17	-17	-8	-8	3	3	5	5	5	-1	3	-9	-9	5	2	1	-1	-7	-7	-16	-16	4	1	1	1	6	6	-2	6	6	-2	-2	-5	-6	-6	7	7	-4	2	-12	-12	-7	-7	7	0	0	-6	-6	-1	-1	-11	-11	3	3	5	3	3	5	5	-5	-2	-2	3	7	8	-4	-1	-1	-4	-4	-8	-8	1	10	10	-4	1	-2	-7	-7	-7	4	6	-11	-6	-6	2	0	-2	9	9	-4	5	-5	-3	-3	-3	-3	-2	-4	-4	-4	-7	-7	4	4	-1	-1	-7	-7	8	-6	-6	-1	-1	-2	6	6	-1	-1	9	13	-6	-6	-8	-8	-8	1	7	3	3	-3	11	-3	-3	-18	-18	3	2	11	-1	
2	2	20	2	2	-2	-2	0	-1	-6	-6	-9	-9	-8	25	-2	-4	-4	-17	4	10	10	0	0	-5	-8	2	12	12	4	-5	5	5	-11	-11	-4	-1	-5	-7	-7	-3	5	11	-5	-5	-1	-1	2	2	1	1	4	7	0	-1	-1	-12	-12	-5	-6	-6	-4	-4	8	8	-18	-18	13	-23	-12	-1	-1	-2	5	3	-6	-5	-5	-4	-4	4	4	4	4	11	11	-1	11	11	-5	-5	-4	4	4	1	1	-10	9	-5	-5	-9	-9	4	-20	-20	-2	-2	-7	-7	-5	-5	-12	-12	6	-3	-3	3	3	-14	7	7	1	12	15	-11	14	14	0	0	3	3	7	-5	-5	-3	14	-1	-29	-29	-29	3	-5	1	3	3	4	6	-3	10	10	3	-12	2	2	4	4	2	-2	3	1	1	-38	-38	9	9	17	17	5	5	6	-5	-5	-7	-7	-2	2	2	2	2	-6	27	-2	-2	4	4	-10	1	3	-17	-17	7	1	-28	-6	9	9	0	5	11	1	
3	3	0	1	1	2	2	-6	-3	-2	-2	-3	-3	0	0	0	-8	-8	3	1	5	5	-2	-2	-4	-2	1	-2	-2	1	2	0	0	-13	-13	1	-1	0	0	0	-1	0	1	0	0	0	0	4	4	-1	-1	0	-1	2	-4	-4	-6	-6	0	-4	-4	-1	-1	1	1	-6	-6	4	-2	-9	-1	-1	-3	-1	0	-1	-1	-1	-3	-3	2	0	0	0	1	1	3	1	1	-5	-5	-1	0	0	2	2	-2	-1	-1	-1	-2	-2	0	-3	-3	0	0	-2	-2	3	3	-4	-4	1	-2	-2	-5	-5	-2	-2	-2	-4	3	1	-11	1	1	1	1	6	6	-1	3	3	-2	0	-2	-8	-8	-8	-5	-1	1	0	0	1	2	-3	0	0	0	-2	-4	-1	9	9	0	-6	0	-3	-3	-5	-5	-1	-1	2	2	-2	-2	2	-2	-2	-8	-8	2	-3	-3	1	1	-2	-2	-2	-2	5	5	0	1	-1	-4	-4	-3	2	-6	-2	3	3	-3	0	-2	1	
Trial:17
-3	-10	-2	-2	2	2	4	-8	0	-4	-4	5	-4	-1	3	0	-4	-4	-2	-2	5	5	3	-6	-2	0	-1	-2	1	7	-2	0	0	5	-2	-3	-3	-3	-3	-5	4	-4	-6	-6	-5	-5	5	5	-1	-1	3	4	-4	-2	-2	-9	-5	-2	1	0	0	-4	-4	-1	-1	4	-7	6	2	-7	0	0	-6	-6	-10	3	3	4	4	3	-1	-1	4	4	-1	-1	1	-3	-3	0	0	-10	-10	-3	-3	5	5	1	-4	-4	-4	5	-1	-1	-3	-3	4	-5	5	0	0	3	-1	-7	-2	-2	10	-2	-5	1	-4	-4	-1	-2	-9	4	4	-8	4	2	2	-4	-3	-3	-4	-4	7	7	-3	1	1	5	5	-1	-1	4	4	0	0	3	-3	-15	4	4	3	3	1	-7	-7	-1	-1	-5	-5	2	2	-3	-3	8	-1	-3	6	6	-8	-8	-9	-9	0	0	5	-1	-5	-15	-15	-4	-14	2	-13	-13	8	-3	19	19	16	16	-2	-11	-13	-6	-6	8	
-1	-17	-6	-6	-4	-4	8	-11	0	-1	-1	2	-5	3	-11	2	-14	-14	7	7	6	6	1	-12	-1	-1	-6	3	-1	10	-4	-1	-1	-9	2	8	8	1	1	1	3	23	-12	-12	-7	-7	11	11	-12	-12	5	-7	-2	-8	-8	-17	2	16	-2	-8	-8	-5	-11	-3	-3	3	3	2	15	-10	1	1	0	0	-18	9	9	5	5	0	6	6	5	5	8	8	-1	-6	-6	3	3	-41	-41	-14	-14	2	2	-2	-4	-4	13	1	8	8	-4	-4	2	4	5	2	2	11	3	-15	-11	-11	10	4	-8	4	-6	-6	-3	-4	-3	-1	-1	-11	4	3	3	-3	-1	-1	-4	-4	6	6	-7	-2	-2	11	11	3	3	-4	-4	-3	-3	12	-8	-12	-5	-5	2	2	-1	-2	-2	-12	-12	-5	-5	11	11	4	4	2	-4	-5	1	1	-14	-14	-4	-4	2	2	7	4	-10	-19	-19	-8	-3	14	-16	-16	26	-15	21	21	30	30	14	21	-2	-21	-21	-11	
4	-7	-4	-4	0	0	0	0	-3	0	0	1	-1	-8	1	2	1	1	-8	-8	1	1	0	19	-1	-5	0	4	0	-3	-3	1	1	0	1	6	6	-1	-1	-1	-8	-5	-5	-5	-16	-16	15	15	-5	-5	-3	-4	4	6	6	5	-2	3	-22	4	4	2	3	-3	-3	2	7	11	6	0	0	0	4	4	6	-5	-5	4	4	-5	7	7	-7	-7	3	3	3	-5	-5	2	2	-13	-13	-14	-14	-10	-10	-2	-4	-4	12	-6	-7	-7	5	5	5	8	0	-1	-1	-12	-17	-2	16	16	-2	-1	0	4	-6	-6	-6	-3	-6	2	2	-1	3	-4	-4	-2	-1	-1	0	0	-1	-1	-8	-4	-4	-1	-1	3	3	-6	-6	-2	-2	9	2	-5	-2	-2	-11	-11	-2	3	3	5	5	0	0	6	6	-13	-13	-4	3	1	4	4	-9	-9	4	4	0	0	11	12	-11	-11	-11	-17	-3	7	10	10	-9	2	13	13	3	3	-6	36	-7	3	3	-24	
4	-7	-2	-2	2	2	1	4	-6	1	1	1	-7	-10	3	3	0	0	-4	-4	4	4	-3	18	-1	-3	4	2	-9	-1	1	5	5	1	5	2	2	-3	-3	1	-6	-2	-2	-2	-4	-4	5	5	-9	-9	-4	-1	-9	4	4	4	0	4	-2	-6	-6	-1	2	-2	-2	5	0	-11	2	1	4	4	10	10	5	-5	-5	4	4	-2	12	12	-6	-6	-3	-3	2	-6	-6	4	4	-4	-4	-4	-4	-13	-13	1	-3	-3	2	-3	-6	-6	4	4	-1	5	-1	4	4	-7	-3	2	5	5	0	-9	3	-3	1	1	-1	-12	-6	5	5	-2	7	-2	-2	2	-6	-6	1	1	6	6	-12	-5	-5	1	1	2	2	-10	-10	-1	-1	3	-3	2	-1	-1	-4	-4	-1	-3	-3	-2	-2	-1	-1	4	4	-9	-9	-2	-2	6	8	8	-6	-6	2	2	-4	-4	9	0	-8	-7	-7	-11	2	5	11	11	-5	5	8	8	5	5	-7	34	-8	-12	-12	-23	
0	-21	-23	-23	3	3	15	16	-3	12	12	-21	-59	-1	-53	23	6	6	1	1	26	26	-20	2	-5	-1	33	-39	-54	15	12	6	6	19	-9	-13	-13	-13	-13	17	0	9	-30	-30	-9	-9	-1	-1	-13	-13	7	-17	-13	44	44	-15	-23	12	5	-6	-6	9	-4	-8	-8	17	-38	31	-29	-6	-2	-2	14	14	-28	-18	-18	22	22	-22	37	37	-34	-34	-77	-77	10	0	0	2	2	26	26	18	18	-14	-14	1	-9	-9	7	-8	-52	-52	8	8	-8	17	21	55	55	-14	-17	2	-5	-5	0	-46	12	-9	30	30	-7	-17	-48	-11	-11	17	24	-4	-4	35	0	0	5	5	-7	-7	-6	-3	-3	15	15	35	35	-59	-59	27	27	-21	5	38	-11	-11	-12	-12	3	4	4	-31	-31	3	3	-5	-5	-8	-8	3	-10	35	28	28	-6	-6	-24	-24	2	2	-5	-1	-20	-31	-31	-7	-62	-1	10	10	11	1	18	18	24	24	6	14	-16	-51	-51	-18	
6	-1	3	3	2	2	-4	4	-10	10	10	-1	-12	-10	-14	1	-5	-5	-1	-1	6	6	-9	8	1	-3	-2	4	-2	6	-2	4	4	0	-5	0	0	1	1	3	-2	-5	-11	-11	-4	-4	2	2	-4	-4	4	-5	1	11	11	-4	-2	6	-6	-2	-2	-7	3	-1	-1	1	1	-8	5	0	3	3	9	9	-3	-2	-2	15	15	-7	-1	-1	-4	-4	-16	-16	1	4	4	0	0	2	2	-8	-8	-13	-13	6	5	5	1	-2	-6	-6	3	3	4	2	1	3	3	-3	-8	-1	-6	-6	1	-8	8	-7	14	14	-4	-7	-7	-3	-3	0	5	-2	-2	5	-10	-10	3	3	2	2	-4	-8	-8	2	2	1	1	-10	-10	1	1	-6	-1	0	4	4	-2	-2	4	-5	-5	-14	-14	8	8	11	11	-14	-14	-1	-3	6	9	9	-8	-8	-8	-8	1	1	3	2	-4	-2	-2	-6	3	-1	5	5	3	-3	8	8	-2	-2	-5	10	0	-12	-12	-10	
-2	-5	-3	-3	0	0	0	1	-2	0	0	-24	0	4	-3	7	1	1	-10	-10	8	8	-3	3	2	1	-12	-4	6	-1	6	3	3	-2	4	0	0	-1	-1	4	-2	-10	-4	-4	0	0	1	1	1	1	-5	-4	-1	2	2	0	0	5	-8	3	3	-4	0	1	1	8	-19	-2	-3	5	-1	-1	-1	-1	-2	-5	-5	5	5	7	-2	-2	-3	-3	-4	-4	-4	5	5	-5	-5	-3	-3	-6	-6	-4	-4	1	0	0	-1	-2	-3	-3	-4	-4	1	1	-6	1	1	-3	0	-1	2	2	9	-6	4	6	1	1	-4	-1	-3	1	1	0	5	-2	-2	-1	-3	-3	1	1	2	2	-2	0	0	2	2	-6	-6	-6	-6	-3	-3	0	5	-13	3	3	4	4	3	-8	-8	-2	-2	-1	-1	-9	-9	0	0	1	-4	0	12	12	-1	-1	4	4	-3	-3	0	-4	-4	-4	-4	-4	5	-1	0	0	2	-2	4	4	0	0	-1	-5	0	-2	-2	-2	
-4	-1	-2	-2	-1	-1	0	-2	-1	-2	-2	-2	0	-2	-5	0	-3	-3	-2	-2	2	2	0	0	-2	0	0	0	0	0	-2	-1	-1	3	-3	-3	-3	-1	-1	1	3	-8	-1	-1	-3	-3	0	0	0	0	-1	-2	-2	-1	-1	-2	-2	0	-2	1	1	-1	-2	0	0	4	-6	2	1	-1	-5	-5	-3	-3	-2	1	1	-1	-1	0	-3	-3	1	1	0	0	0	-1	-1	-4	-4	-2	-2	-2	-2	4	4	-1	-2	-2	-3	-4	-3	-3	-2	-2	5	-2	-3	-2	-2	-2	1	0	1	1	2	-3	-1	1	-1	-1	-3	0	-4	2	2	-1	1	-4	-4	1	-4	-4	0	0	1	1	1	1	1	2	2	-1	-1	-4	-4	-2	-2	1	1	-8	0	0	2	2	1	-2	-2	-2	-2	-2	-2	-1	-1	-4	-4	2	1	1	6	6	-5	-5	0	0	0	0	0	-4	-2	-7	-7	-4	-2	-3	-2	-2	3	-3	5	5	4	4	2	-8	-1	-7	-7	1	
Trial:18
-1	0	0	0	0	0	3	0	0	-3	-3	-4	-3	0	-6	-8	2	-3	-2	-2	4	4	1	2	-1	1	1	-3	-3	-1	-1	6	6	-12	-9	2	-7	-7	4	2	-8	-6	11	-14	-3	6	6	2	2	4	0	1	-1	-1	8	1	-2	-6	0	0	-7	-12	-7	-8	-8	2	2	-3	3	-1	-1	-4	-4	-4	1	1	2	2	-2	-2	3	3	-3	-3	1	-2	6	-2	-2	-4	-4	1	1	4	4	-6	-5	-5	3	3	-2	2	-1	-1	-1	-1	1	1	0	0	3	-1	-5	-5	2	2	-2	7	0	-4	-4	0	-7	-3	1	-2	2	-2	2	-4	3	3	-4	-4	2	2	1	1	-5	-1	-1	4	4	-1	-9	-2	-1	-3	-3	1	1	-3	-5	-5	-4	-4	-1	-3	-3	-2	5	-3	-3	4	4	-11	-11	5	2	2	0	0	0	2	4	4	-7	-7	-4	-7	-7	-7	-6	-6	-2	-7	-7	7	7	4	-2	-2	-2	-1	4	-5	1	1	2	2	
23	-15	0	0	-15	-15	5	-5	-5	-3	-3	1	-11	-3	-16	-4	6	39	-6	-6	5	5	-14	-2	-11	-11	-11	-7	-7	-7	-7	30	30	-21	-1	-6	-7	-7	0	-3	6	-5	32	-3	-8	-6	-9	3	3	-1	1	-6	-1	-1	3	-6	11	-13	1	1	-19	-11	-8	-12	-12	0	0	-3	5	-28	-28	14	14	2	6	6	-2	-2	21	21	-3	-3	-2	-2	13	1	15	-9	-9	-9	-9	-5	-5	-6	-6	-10	0	0	1	1	-5	9	6	-2	-2	-6	2	1	2	2	-3	-1	-5	-5	1	1	-6	12	8	-3	-3	1	-4	2	-6	10	1	-5	0	-3	6	6	-8	-8	-1	-1	-8	-8	-2	-8	-15	7	7	2	-5	3	0	1	1	12	12	8	-13	-13	-10	-10	5	14	14	6	-5	-2	-2	-3	-3	-13	-13	3	5	5	-7	-7	-7	-2	11	11	-8	-8	-2	-11	-11	-11	-14	-14	15	-18	-18	6	6	6	6	6	-1	-29	8	4	4	4	3	3	
1	-12	-3	-3	1	1	2	-6	-6	2	2	2	0	-7	-15	0	2	-17	4	4	7	7	-5	-1	-4	-5	-5	-2	-2	4	4	5	5	-4	7	-4	-4	-4	11	-3	-8	1	-8	-2	-1	3	-2	11	11	-4	-4	-10	9	9	-7	-16	9	4	-2	-2	-6	-21	6	-1	-1	4	4	4	-10	-6	-6	-2	-2	1	5	5	4	4	-10	-10	10	10	-5	-5	7	0	3	-6	-6	-1	-1	-12	-12	0	0	1	-10	-10	11	11	-4	5	3	-4	-4	4	3	-11	3	3	-3	8	-18	-18	5	5	16	-5	-16	-6	-6	-2	5	10	3	12	3	-6	10	0	-4	-4	-9	-9	1	1	0	0	-7	-2	7	1	1	-8	2	2	-7	2	2	0	0	6	4	4	-3	-3	1	4	4	-18	-8	-16	-16	4	4	14	14	-8	9	9	1	1	1	2	-15	-15	-10	-10	5	-1	-1	-1	-1	-1	12	-7	-7	-9	-9	2	5	5	4	5	5	-2	-6	-6	-9	-9	
1	-13	-7	-7	2	2	-4	-1	-1	1	1	5	0	-1	-10	1	6	-8	-4	-4	13	13	-5	0	-4	-4	-4	-2	-2	-3	-3	4	4	-9	16	3	-11	-11	10	-3	-7	-9	-9	2	1	3	0	4	4	-4	-2	1	13	13	-1	1	0	-2	-6	-6	-11	-10	6	-4	-4	8	8	-3	-2	6	6	-3	-3	-1	2	2	3	3	-6	-6	-7	-7	-5	-5	5	6	5	-2	-2	-9	-9	-11	-11	-2	-2	6	-5	-5	-5	-5	8	-3	-5	-2	-2	-2	6	-17	13	13	-6	13	-12	-12	-1	-1	-1	-11	-1	-6	-6	-3	3	-1	2	-1	1	-11	-2	8	-5	-5	5	5	2	2	-4	-4	2	0	1	-1	-1	-9	6	0	-5	-2	-2	-7	-7	1	0	0	1	1	1	0	0	-10	-2	-4	-4	-9	-9	13	13	-5	1	1	3	3	3	5	-7	-7	-5	-5	6	4	4	4	-1	-1	-4	-5	-5	-4	-4	-2	-6	-6	9	7	-5	1	-6	-6	-6	-6	
-4	-42	11	11	12	12	22	11	11	-21	-21	-2	-8	18	0	-11	2	28	-37	-37	-18	-18	4	6	-29	-65	-65	16	16	45	45	20	20	-48	54	9	-59	-59	-6	-30	13	16	-42	12	13	-9	7	5	5	27	-50	52	45	45	31	64	34	-14	-28	-28	-42	-22	24	0	0	74	74	-7	-4	-8	-8	22	22	-31	-51	-51	9	9	-43	-43	-67	-67	49	49	13	-11	33	-1	-1	-27	-27	-9	-9	-1	-1	58	-24	-24	-28	-28	9	-13	-7	3	3	-26	33	-9	20	20	33	49	-20	-20	-13	-13	-37	-18	9	8	8	-37	-4	6	6	-2	-3	-35	-47	16	17	17	7	7	0	0	-61	-61	23	-18	39	18	18	-19	2	32	3	-3	-3	-13	-13	-38	-6	-6	18	18	-6	-3	-3	-22	-5	-2	-2	-39	-39	35	35	-1	-40	-40	59	59	59	3	17	17	-10	-10	-11	29	29	29	45	45	-22	-5	-5	2	2	-30	-10	-10	10	28	-47	-6	-11	-11	-9	-9	
-5	-12	-5	-5	6	6	-1	2	2	2	2	-3	-2	0	-6	12	4	-9	-11	-11	8	8	-4	8	-13	11	11	-1	-1	-4	-4	2	2	-12	26	5	-11	-11	18	-10	-5	-12	3	-6	0	-9	-2	-3	-3	-6	-2	0	16	16	-14	9	-11	-12	-7	-7	-16	-12	-7	5	5	13	13	-8	2	8	8	-14	-14	-4	-15	-15	-3	-3	1	1	-16	-16	14	14	8	0	4	-6	-6	1	1	-5	-5	-5	-5	2	-1	-1	-1	-1	8	-13	-9	-1	-1	-13	8	0	13	13	1	25	-16	-16	-5	-5	-15	-5	4	-2	-2	-4	-6	4	-3	-2	-2	-19	-11	5	0	0	5	5	1	1	-3	-3	3	1	-4	2	2	-1	-1	3	-5	-4	-4	-3	-3	0	0	0	9	9	4	-3	-3	-18	3	-3	-3	-5	-5	4	4	1	-11	-11	6	6	6	2	-16	-16	1	1	-5	2	2	2	3	3	-2	-4	-4	5	5	7	-4	-4	5	-6	-9	-20	5	5	-4	-4	
-4	8	-8	-8	0	0	-6	16	16	-21	-21	-1	-2	-1	-1	0	-5	0	-14	-14	17	17	-3	19	-3	6	6	4	4	-3	-3	27	27	-9	5	-6	-15	-15	9	-22	-7	1	0	-1	-6	4	-14	5	5	2	-2	4	2	2	5	5	5	-1	-7	-7	-16	-14	2	-1	-1	6	6	-13	6	1	1	-10	-10	-20	0	0	-3	-3	1	1	3	3	-1	-1	2	13	1	4	4	-20	-20	5	5	5	5	-3	2	2	-8	-8	-4	3	9	8	8	21	-1	0	-3	-3	-4	-2	-11	-11	-10	-10	20	-2	-5	-6	-6	-10	-7	-2	-4	3	-6	-3	-3	2	-2	-2	10	10	7	7	-6	-6	-3	3	-11	-11	-11	7	-13	10	-2	-4	-4	-5	-5	1	-5	-5	-7	-7	8	9	9	-1	3	-5	-5	-2	-2	-1	-1	-4	-6	-6	-4	-4	-4	-2	-14	-14	0	0	-2	7	7	7	-2	-2	-3	-2	-2	5	5	2	0	0	6	0	12	-5	5	5	0	0	
-4	0	-3	-3	4	4	-1	1	1	-3	-3	-1	-1	-2	-4	-3	1	-5	0	0	7	7	-3	6	-3	2	2	-3	-3	1	1	3	3	-6	-5	2	-6	-6	5	0	-4	-5	-1	-7	-2	3	-1	11	11	1	-3	-1	-5	-5	0	0	2	-1	-4	-4	-4	-4	-2	-2	-2	0	0	-7	0	2	2	-2	-2	-3	-4	-4	-4	-4	-1	-1	4	4	-3	-3	2	0	0	-2	-2	-6	-6	2	2	0	0	-1	0	0	1	1	-2	-4	-2	1	1	3	1	-1	-1	-1	-1	1	-6	-6	-3	-3	4	2	-2	-5	-5	-4	-4	-2	-2	-4	-1	-1	-3	0	-1	-1	2	2	2	2	2	2	-3	2	-3	0	0	0	-3	-2	0	-3	-3	-4	-4	1	-2	-2	-4	-4	4	-1	-1	-2	2	0	0	-1	-1	-3	-3	-2	-4	-4	0	0	0	3	-5	-5	-1	-1	2	-2	-2	-2	-1	-1	-4	-3	-3	4	4	-1	-2	-2	-2	0	2	-1	1	1	-4	-4	
Trial:19
4	-1	7	3	3	-7	-7	2	2	-1	0	-7	-7	6	6	-3	-9	-9	-3	-3	0	-4	-4	-6	-6	-6	5	3	3	-3	-3	-3	0	0	-4	-4	0	0	-9	-9	-16	-16	0	2	2	24	24	0	-2	-2	-2	-2	-18	-8	-8	1	-8	7	-14	13	13	27	27	4	-7	-5	-11	-11	6	-6	-11	-2	-2	-7	-7	-2	-2	2	2	2	0	-5	17	17	6	6	-9	-9	4	-3	-1	-1	4	2	2	-4	-4	-2	-13	-13	5	-6	-6	9	-3	5	2	2	-5	-5	3	3	10	10	-26	1	0	6	10	10	-5	1	6	-3	-3	12	12	5	5	-2	-2	-11	7	-3	-5	-5	-1	-2	13	-1	0	0	-7	7	-3	-1	-1	-1	-5	-1	3	-2	-2	-4	-1	-4	-4	-2	-3	6	-2	-24	8	8	6	2	5	0	0	3	-6	6	-7	-8	4	4	0	3	-13	-13	-7	-7	2	13	13	10	10	-10	0	-4	5	5	-4	11	-7	-7	-3	-2	-10	6	
7	-14	-10	13	0	-5	-5	2	2	-7	1	14	14	0	0	1	4	4	-6	-6	-3	-3	-3	-21	-21	-21	2	16	16	-1	-1	-1	-3	-3	8	8	6	15	-26	-26	7	7	-6	-2	-2	9	9	-13	-14	-14	6	6	-9	11	11	-14	-11	18	-8	9	9	22	22	4	4	-14	-4	-4	-3	-2	-17	5	5	-8	-8	0	0	-6	-6	7	15	-5	-6	-6	11	11	-5	-5	0	4	20	20	9	-17	-17	21	21	-6	-11	-11	-9	10	10	6	-5	4	5	5	-20	-20	-12	-12	3	3	-37	-8	2	-7	5	5	7	-10	8	-10	-10	15	15	19	19	-3	-3	-7	1	-11	-6	-6	1	-5	24	7	-3	-3	-16	20	-1	-8	-8	-6	0	-1	26	-7	-7	-5	-9	-5	-5	0	4	-2	1	-16	-3	-3	4	-7	45	-3	-3	-5	-17	-6	-1	-13	0	0	-10	2	-12	-12	-1	-1	6	-3	-3	-6	-6	1	5	-13	6	6	-2	-9	7	7	2	1	-3	4	
3	-1	-1	-2	-2	-6	-6	-6	-6	20	-36	-1	-1	-6	-6	5	-31	-31	2	2	-12	7	7	15	15	15	-5	5	5	3	3	3	-5	-5	2	2	-8	12	2	2	1	1	0	4	4	-2	-2	-12	4	4	2	2	-6	-3	-3	-1	-6	-12	-12	-1	-1	-4	-4	8	-2	0	3	3	-2	-11	-9	6	6	-8	-8	1	1	4	4	-3	-5	-22	7	7	0	0	12	12	-1	-14	10	10	-8	2	2	8	8	-4	16	16	-9	-2	-2	-5	-6	3	-2	-2	4	4	-17	-17	3	3	1	1	12	-13	-3	-3	2	-3	1	-16	-16	-2	-2	-1	-1	2	2	5	4	-4	-4	-4	2	-4	4	-1	-1	-1	-5	-6	1	-11	-11	-4	3	2	-2	2	2	2	4	1	1	-4	-5	-2	2	-5	3	3	-5	-10	10	-9	-9	1	-3	5	-1	-6	-4	-4	3	5	-9	-9	-7	-7	9	8	8	0	0	-4	0	-7	-3	-3	-8	6	2	2	-2	0	-6	3	
12	-2	-3	-12	-2	-2	-2	-6	-6	1	-8	-11	-11	4	4	8	-26	-26	9	9	-7	7	7	19	19	19	-5	2	2	2	2	2	-1	-1	3	3	-3	4	6	6	-12	-12	-7	2	2	2	2	-6	1	1	5	5	-16	-4	-4	-2	-8	-2	-4	-3	-3	1	1	10	2	5	0	0	-2	7	2	7	7	1	1	-3	-3	-3	-3	-4	-8	-7	2	2	0	0	8	8	-2	-10	-7	-7	6	-1	-1	2	2	-7	4	4	-5	-4	-4	0	-8	5	1	1	2	2	-6	-6	-6	-6	2	-1	7	-3	-15	-15	3	-10	5	-3	-3	7	7	-5	-5	9	9	-5	3	1	-5	-5	5	1	1	-2	-19	-19	0	-12	-7	2	2	-2	3	-5	18	-1	-1	-1	1	4	4	-8	-3	-4	-6	1	2	2	-3	-3	-4	-10	-10	2	8	5	-3	-1	-14	-14	2	-2	-2	-2	-6	-6	6	2	2	1	1	2	-5	0	-12	-12	-1	2	-2	-2	-3	5	-6	4	
9	-5	-12	-48	4	10	10	4	4	1	24	-19	-19	44	44	5	-84	-84	34	34	-17	-8	-8	49	49	49	14	11	11	20	20	20	13	13	15	15	1	12	28	28	-20	-20	-27	22	22	-23	-23	-3	1	1	20	20	-55	-13	-13	-12	0	-22	-42	-6	-6	45	45	-3	3	61	3	3	13	12	-32	3	3	4	4	3	3	-40	-40	21	3	-10	21	21	-5	-5	16	16	1	-7	-32	-32	-17	36	36	18	18	-23	3	3	23	-16	-16	19	-4	3	-6	-6	4	4	-50	-50	-13	-13	-18	1	-9	18	-23	-23	40	1	42	7	7	15	15	-5	-5	22	22	-34	18	-6	-17	-17	14	7	-69	8	-51	-51	30	15	-65	6	6	13	20	-40	26	1	1	51	-8	25	25	-19	39	-48	19	16	-16	-16	-6	-29	11	-28	-28	28	42	20	16	-23	-9	-9	-1	-34	26	26	-30	-30	6	-9	-9	-12	-12	27	0	12	-14	-14	-2	12	22	22	-9	36	-8	16	
3	-4	1	-10	5	-5	-5	-6	-6	-2	0	-9	-9	20	20	-5	-24	-24	5	5	-11	-2	-2	16	16	16	-5	1	1	7	7	7	-3	-3	2	2	-6	-3	7	7	-6	-6	-13	9	9	-2	-2	-6	0	0	2	2	-24	4	4	-6	-10	-3	-3	-5	-5	-4	-4	12	-5	10	7	7	-8	1	0	10	10	-6	-6	9	9	8	8	-10	3	-7	0	0	2	2	0	0	-10	-8	-8	-8	-1	16	16	9	9	-5	-13	-13	-8	-9	-9	3	6	6	-12	-12	1	1	-17	-17	3	3	2	0	0	-1	-14	-14	5	-13	3	-1	-1	6	6	-8	-8	-4	-4	-1	1	0	3	3	2	6	-10	9	-15	-15	7	-9	-22	-4	-4	3	1	1	13	3	3	-8	1	-1	-1	-3	-2	-2	-4	0	-3	-3	4	-7	-6	1	1	-1	11	7	2	5	-7	-7	0	-1	7	7	-8	-8	1	-19	-19	-2	-2	3	-5	-2	-12	-12	10	5	0	0	6	8	-15	7	
1	4	6	-6	0	-2	-2	1	1	-4	-23	6	6	-1	-1	-2	-14	-14	-16	-16	2	-10	-10	11	11	11	12	-4	-4	-2	-2	-2	-5	-5	4	4	2	-4	6	6	-3	-3	0	1	1	-6	-6	2	-4	-4	-2	-2	-6	1	1	1	0	-1	-4	-3	-3	4	4	8	-28	5	-8	-8	6	16	-10	2	2	6	6	-3	-3	-4	-4	-3	-2	-2	-4	-4	-5	-5	-8	-8	-1	4	-1	-1	0	6	6	0	0	1	-32	-32	-1	4	4	0	3	14	-6	-6	9	9	-3	-3	-6	-6	9	7	-8	-5	-2	-2	-3	-1	1	-8	-8	8	8	-3	-3	4	4	-1	6	-1	5	5	-3	-1	-1	-4	0	0	-3	-3	-1	-25	-25	4	13	6	3	-5	-5	0	2	1	1	-4	1	-3	-1	-2	11	11	-1	3	-4	-3	-3	0	11	-2	5	2	-2	-2	5	7	3	3	-9	-9	1	-6	-6	-5	-5	3	-5	-3	-10	-10	0	2	-1	-1	3	6	-11	3	
0	2	2	-4	2	-3	-3	1	1	-3	-5	-2	-2	2	2	0	-9	-9	-1	-1	0	-7	-7	-1	-1	-1	4	-2	-2	1	1	1	3	3	0	0	0	-7	-1	-1	-1	-1	-2	-1	-1	-4	-4	0	-2	-2	0	0	-5	-5	-5	6	-4	-1	-1	5	5	2	2	-1	-4	2	-3	-3	-1	6	-3	1	1	3	3	-1	-1	-4	-4	0	-3	-1	1	1	-1	-1	-6	-6	0	-1	0	0	-1	2	2	-2	-2	0	-5	-5	0	-2	-2	-2	0	1	-1	-1	1	1	-5	-5	4	4	-2	0	-4	1	0	0	-6	0	1	1	1	1	1	-1	-1	1	1	-2	2	-1	1	1	1	-1	-4	-3	0	0	-3	-2	0	-3	-3	2	2	3	-2	0	0	-2	2	-2	-2	-1	-1	-2	-1	-5	2	2	0	-1	-1	-3	-3	0	1	1	-2	-3	-1	-1	1	2	-2	-2	-5	-5	0	1	1	2	2	0	-1	-4	-2	-2	-1	2	-2	-2	-4	3	-3	2	
