2020/5/20 8:25:21
Sampling rate: 100
Measure time: 2
Trial:0
0	1	78	22	22	35	15	-63	-6	-6	-55	9	24	90	90	-18	19	7	-47	-32	-32	-15	-15	-26	80	80	0	0	14	2	2	29	29	-28	14	-3	-3	34	-19	0	33	33	69	69	-64	33	33	-97	-97	-48	-122	3	3	-60	21	-35	31	31	49	49	1	3	3	-2	-2	71	-74	-16	-17	-17	46	14	-14	-14	-45	-45	-17	-72	13	-21	-21	18	14	66	-30	-30	59	-29	13	-29	-31	-31	-26	-26	-16	-16	-46	-46	5	-66	-22	-6	-6	15	15	11	0	0	14	14	10	10	-4	-4	9	9	106	58	-32	-3	42	-15	26	-21	-21	-97	-98	-23	-14	-14	30	30	-25	5	30	110	110	-37	-24	47	47	-50	-50	-17	2	2	-7	-7	-9	-2	-6	-18	-18	43	20	-128	-78	-18	2	2	-68	21	48	48	48	10	-41	-23	-23	-5	-3	54	54	-8	-8	8	-16	-7	69	69	-7	79	-42	-8	-8	-52	30	-48	-48	-3	-3	99	99	-12	24	24	-42	-42	9	-32	
-5	-8	11	3	3	-1	-4	-8	2	2	0	-7	4	3	3	-2	2	-5	-2	-14	-14	1	1	1	0	0	6	6	4	7	7	1	1	-8	-1	-3	-3	-1	-15	3	-2	-2	-9	-9	0	4	4	-3	-3	3	-15	0	0	-10	0	-2	8	8	-4	-4	-2	1	1	2	2	0	-4	-4	-2	-2	5	-5	3	3	-5	-5	1	-9	-1	2	2	0	3	1	1	1	1	-8	-2	-3	1	1	-3	-3	-7	-7	-3	-3	1	0	0	-1	-1	-1	-1	3	-1	-1	0	0	1	1	-3	-3	0	0	9	6	-4	-2	-5	-4	10	-3	-6	-10	-13	-6	3	3	-4	-4	-5	-2	0	7	7	-6	-6	4	4	-6	-6	0	3	3	4	4	-3	-8	0	0	0	-1	-4	-9	-5	-9	-4	2	-4	-7	12	12	12	2	-1	-2	-2	-4	2	-4	-4	-2	-2	2	-9	-4	4	4	6	3	-10	-3	-3	-9	-2	0	0	-1	-1	9	9	1	-14	-14	-1	-1	-1	-3	
3	-8	2	-2	-2	2	1	-7	1	1	7	-5	6	-5	-5	-1	10	-2	-2	-12	-12	1	1	6	6	6	1	1	5	-6	-6	0	0	-9	5	-10	-10	0	-8	4	-4	-4	-8	-8	4	4	4	-4	-4	4	-11	-3	-3	1	-9	0	5	5	-9	-9	5	-1	-1	5	5	-1	0	-2	-6	-6	-2	-5	2	2	0	0	4	-3	2	2	2	-7	-1	0	3	3	1	-9	-1	0	0	0	-3	-3	-8	-8	2	2	3	3	1	-4	-4	-5	-5	3	2	2	2	2	0	0	-6	-6	-2	-2	0	-2	-5	3	-5	-2	6	4	-3	-7	-8	-1	3	3	-5	-5	-2	-9	-2	-7	-7	5	-5	-2	-2	-4	-4	2	-2	-2	5	5	-4	-6	0	2	2	-2	3	-6	-2	1	-4	1	0	-11	7	7	7	-1	-5	6	6	-8	2	-6	-6	-1	-1	-2	-3	-8	5	5	4	3	-13	-1	-1	-6	-4	1	1	5	5	3	3	0	-4	-4	-2	-2	-2	-5	
-1	-9	-2	-27	-27	1	-25	-24	0	0	19	-8	7	2	2	-1	43	7	-1	0	0	-24	-24	8	-11	-11	10	10	18	-5	-5	-1	-1	0	12	-1	-1	7	-3	4	-21	-21	-30	-30	20	11	11	1	1	4	-11	-17	-17	13	-46	17	20	20	-24	-24	27	23	23	3	3	16	-2	-20	-5	-5	-7	-42	-3	-3	21	21	-10	9	15	3	3	7	-6	-9	20	20	4	-26	5	-2	-17	-17	6	6	-17	-17	3	3	9	-10	2	-4	-4	-5	-5	1	11	11	0	0	-8	-8	-2	-2	5	5	5	-8	-15	11	-6	6	14	18	-5	0	-22	-10	21	21	-17	-17	-9	-31	-5	-2	-2	-1	-6	-22	-22	-1	-1	13	-7	-7	3	3	-5	-16	-16	12	12	15	-5	-20	-8	-2	0	20	-7	-30	27	27	27	-1	-13	-26	-26	-19	16	-16	-16	15	15	-5	-13	0	-6	-6	16	15	-29	5	5	-32	10	16	16	9	9	-9	-9	13	6	6	-16	-16	9	-5	
19	31	69	-68	-68	20	-64	-92	-57	-57	14	-36	46	13	13	34	112	18	68	71	71	-105	-105	-85	-16	-16	72	72	-47	-28	-28	59	59	13	49	92	92	111	26	-25	-94	-94	-112	-112	-101	91	91	93	93	-22	45	-40	-40	58	-39	-1	42	42	-48	-48	41	111	111	13	13	30	50	12	-95	-95	52	-79	-85	-85	47	47	5	-8	115	22	22	-38	-39	29	14	14	11	-60	8	-63	-54	-54	89	89	-8	-8	35	35	5	-30	11	33	33	61	61	-39	-1	-1	-29	-29	-27	-27	42	42	12	12	-32	-67	-21	20	25	53	3	11	53	57	-112	-54	55	55	-110	-110	56	-93	69	-27	-27	-44	12	-21	-21	43	43	74	-94	-94	-41	-41	-12	-26	-48	14	14	126	19	-61	26	54	18	39	-43	-128	27	27	27	-11	-19	-38	-38	40	33	-84	-84	81	81	91	-23	3	-46	-46	31	92	-14	11	11	1	27	64	64	-60	-60	10	10	51	106	106	-8	-8	25	-12	
0	11	25	2	2	15	-30	-24	18	18	22	12	-19	-5	-5	40	55	2	29	13	13	-23	-23	23	17	17	33	33	1	8	8	-34	-34	-63	17	-17	-17	23	29	28	-30	-30	-18	-18	1	27	27	-19	-19	23	-26	-5	-5	8	2	-19	-30	-30	2	2	-1	9	9	19	19	-2	-15	-11	9	9	8	-8	-12	-12	12	12	21	2	40	-9	-9	-6	-7	-13	21	21	19	-27	-6	-23	0	0	-3	-3	-11	-11	-5	-5	0	-12	7	2	2	10	10	-11	15	15	3	3	-17	-17	-12	-12	-7	-7	-5	-11	-26	24	-2	5	13	6	-26	22	-4	11	3	3	-3	-3	-34	13	1	-6	-6	-17	-44	28	28	11	11	2	10	10	3	3	-3	-18	-5	-1	-1	0	1	-17	-5	-31	10	25	-4	-36	51	51	51	18	-8	-5	-5	-24	13	-2	-2	-10	-10	14	-18	-23	9	9	10	18	-12	-5	-5	-1	1	6	6	25	25	1	1	1	6	6	-22	-22	-15	-5	
-8	-1	2	6	6	2	-28	0	-20	-20	9	10	2	-6	-6	4	2	1	0	-10	-10	4	4	9	16	16	4	4	4	-9	-9	-12	-12	-7	0	-26	-26	13	-16	7	-4	-4	2	2	-6	11	11	-1	-1	9	-9	-8	-8	2	-9	-9	12	12	-2	-2	-7	-2	-2	20	20	-7	0	-8	-19	-19	-14	0	4	4	-1	-1	-18	15	20	-6	-6	-24	6	-2	8	8	1	-2	2	16	6	6	14	14	-8	-8	-13	-13	5	-4	20	-3	-3	8	8	-1	-2	-2	-5	-5	-3	-3	-22	-22	0	0	5	-10	-2	-2	-5	-6	6	-9	-1	-10	5	0	1	1	4	4	1	-17	4	-20	-20	-6	1	2	2	-24	-24	6	8	8	7	7	-5	-19	17	-2	-2	9	6	0	7	-10	-6	1	-5	-14	19	19	19	-2	-9	13	13	-9	3	-9	-9	-2	-2	1	-10	-6	11	11	8	-1	-19	2	2	4	-17	-8	-8	12	12	-14	-14	7	1	1	4	4	-15	1	
-19	-15	19	28	28	15	-52	-15	-64	-64	14	52	-6	89	89	-6	-48	-15	10	11	11	18	18	-22	36	36	-7	-7	-12	-18	-18	-30	-30	-3	36	-48	-48	25	-19	-16	-10	-10	-26	-26	-55	48	48	-11	-11	16	23	10	10	26	-14	-5	-1	-1	14	14	-15	5	5	47	47	6	-7	-11	-43	-43	-11	9	4	4	25	25	-53	16	18	-47	-47	-40	-7	24	-21	-21	10	17	1	40	19	19	46	46	-19	-19	-53	-53	35	-29	44	-7	-7	18	18	6	-22	-22	-15	-15	-1	-1	-15	-15	3	3	65	-5	-29	-7	-29	-9	58	-19	25	-19	-12	-39	20	20	16	16	10	-56	4	-26	-26	-27	-40	9	9	-61	-61	67	9	9	23	23	-11	-65	31	-18	-18	7	54	-2	-8	-40	-19	10	-24	-13	47	47	47	3	-3	53	53	3	-19	-17	-17	-31	-31	9	-76	-60	57	57	16	12	-33	8	8	12	-26	-10	-10	37	37	-73	-73	17	64	64	17	17	-35	-4	
Trial:1
-74	13	111	111	-3	-3	-17	-17	-20	-20	-20	25	75	35	35	35	-18	44	-75	-43	-43	47	-48	-69	82	67	67	-56	-56	-26	26	26	32	32	-19	37	37	37	37	-19	-19	44	44	-32	-32	-16	42	42	-3	-3	-3	1	-16	-16	-37	-37	-27	-16	-16	-53	34	34	-128	-128	-69	29	29	-13	-80	-80	-80	36	36	35	-6	-6	-64	-64	27	-18	-5	56	-44	-44	61	31	-93	72	72	32	-92	-23	28	28	-2	59	-58	-58	89	89	6	-34	-54	-13	-13	48	-62	-62	-20	-20	-20	-20	-24	12	-48	59	59	25	-2	-3	-3	15	15	17	25	-30	86	52	-34	-14	-112	-112	5	5	3	7	22	17	-18	-52	96	-7	-7	61	61	-35	-6	-24	-22	-22	47	81	-70	21	2	3	54	5	-2	-28	-28	-22	62	62	-17	-17	-35	-35	-4	-4	100	100	-35	12	11	-20	-20	94	-15	-39	-41	-41	-27	-15	68	68	-37	-37	-6	-16	-24	-14	-14	-14	-14	4	-26	-26	-13	-13	
-8	-6	-1	-1	-4	-4	-17	-17	9	9	9	5	-3	5	5	5	-6	5	-5	6	6	4	-16	-10	16	-1	-1	0	0	-3	3	3	-1	-1	-7	6	6	6	6	2	2	-2	-2	0	0	-3	9	9	-8	-8	-8	-5	-5	-5	-8	-8	-8	-4	-4	13	14	14	-9	-9	0	-3	-3	-1	-7	-7	-7	2	2	6	8	8	-4	-4	-3	-10	-4	13	-3	-3	4	3	-6	-3	-3	-4	-7	-3	4	4	-1	7	-13	-13	5	5	-3	-7	1	-6	-6	-4	0	0	-2	-2	1	1	-5	2	-3	2	2	-1	4	-5	-5	1	1	7	1	-7	15	-3	-4	1	-9	-9	-1	-1	5	-1	2	1	-1	-5	-2	-3	-3	-4	-4	-6	-1	-2	2	2	1	8	5	-3	7	-4	0	-9	2	-4	-4	1	1	1	-1	-1	-7	-7	-3	-3	12	12	-3	-5	3	-5	-5	3	-2	-5	-2	-2	-7	-1	3	3	-6	-6	-3	3	-7	-7	-7	2	2	-1	-1	-1	-1	-1	
9	2	-27	-27	10	10	-6	-6	6	6	6	0	-1	6	6	6	-7	3	-10	12	12	1	-17	-7	16	-2	-2	2	2	5	-9	-9	1	1	0	-2	-2	-2	-2	5	5	-9	-9	-2	-2	2	-4	-4	-1	-1	-1	7	-5	-5	-12	-12	-2	-3	-3	4	3	3	-14	-14	9	-2	-2	1	-1	-1	-1	-2	-2	9	3	3	-2	-2	-5	-9	-1	5	-1	-1	-4	-5	8	-3	-3	-8	1	1	4	4	-1	8	-10	-10	5	5	-4	-4	1	-5	-5	-6	-2	16	-6	-6	7	7	-8	3	-7	-1	-1	-2	5	-9	-9	4	4	10	-6	-12	8	-5	-2	2	-8	-8	-2	-2	3	0	0	15	-9	-2	-5	-1	-1	-7	-7	-3	-9	-6	7	7	-4	-4	8	0	4	-1	8	-8	3	0	0	-16	-3	-3	3	3	-1	-1	-4	-4	11	11	2	-8	9	-5	-5	0	-9	-4	0	0	-5	4	7	7	-9	-9	-2	2	-3	-13	-13	-9	-9	0	0	0	5	5	
-19	12	-38	-38	13	13	-24	-24	15	15	15	16	-16	-3	-3	-3	-14	-8	45	17	17	-3	-41	-18	6	-14	-14	-16	-16	30	-24	-24	7	7	22	0	0	0	0	9	9	-71	-71	10	10	-10	-7	-7	2	2	2	15	10	10	-41	-41	3	-6	-6	-5	11	11	-26	-26	-5	5	5	-12	10	10	10	4	4	17	-10	-10	7	7	-8	-23	10	-4	15	15	-17	20	4	9	9	-8	4	7	-1	-1	-5	20	-27	-27	7	7	-7	-21	23	4	4	-38	-24	31	-6	-6	11	11	-12	-10	-22	8	8	0	-8	11	11	25	25	-3	-5	-24	20	7	6	1	-10	-10	-6	-6	1	1	-18	9	-2	-6	-6	8	8	-14	-14	13	0	5	4	4	5	-6	-8	5	4	-4	11	-12	8	-11	-11	-2	0	0	2	2	1	1	-10	-10	6	6	10	-13	2	-16	-16	2	12	-1	10	10	1	11	2	2	-8	-8	1	0	-3	-17	-17	-1	-1	17	8	8	-2	-2	
31	53	-8	-8	-39	-39	-94	-94	59	59	59	-5	-104	-13	-13	-13	68	-42	89	37	37	-29	-103	63	-124	36	36	-91	-91	74	-116	-116	88	88	112	15	15	15	15	-61	-61	-122	-122	-26	-26	-72	25	25	88	88	88	17	23	23	-108	-108	30	-13	-13	-73	21	21	19	19	-101	-22	-22	-24	8	8	8	62	62	-77	-10	-10	-23	-23	-17	-17	47	25	80	80	-83	58	-31	80	80	-10	3	-6	75	75	34	120	-63	-63	-16	-16	5	-34	88	13	13	-13	-106	23	53	53	-3	-3	-23	7	-64	34	34	36	-85	43	43	106	106	-3	-100	-55	101	40	54	-58	-48	-48	-78	-78	-20	-49	-41	-51	123	-12	-1	42	42	-18	-18	92	49	42	-30	-30	86	26	-68	-1	-31	75	68	13	-6	-111	-111	50	18	18	23	23	-65	-65	8	8	7	7	64	-14	-40	-39	-39	23	101	-25	-80	-80	62	24	-1	-1	56	56	6	-34	34	87	87	-4	-4	-17	90	90	-17	-17	
36	7	-14	-14	-3	-3	-101	-101	12	12	12	-17	3	-15	-15	-15	-72	-18	52	4	4	-5	-94	-10	59	21	21	-5	-5	27	2	2	-14	-14	21	-8	-8	-8	-8	-16	-16	-36	-36	-41	-41	2	0	0	22	22	22	35	3	3	-74	-74	11	-1	-1	15	-12	-12	9	9	32	-18	-18	-16	-4	-4	-4	12	12	13	-18	-18	13	13	43	-10	11	14	19	19	-51	18	7	-13	-13	-1	-21	-12	31	31	-33	13	5	5	-7	-7	-5	-20	-10	50	50	-18	-12	-2	-18	-18	-24	-24	-1	21	-17	-4	-4	-16	-14	27	27	8	8	11	-67	-17	35	-17	-20	3	-19	-19	-27	-27	-2	21	3	16	39	29	21	4	4	-27	-27	19	-7	-7	-3	-3	11	-5	12	15	-10	24	21	-17	-37	-1	-1	15	-4	-4	10	10	-5	-5	-30	-30	-24	-24	1	-3	3	-13	-13	29	-27	6	-1	-1	6	-11	1	1	7	7	2	25	-15	-9	-9	5	5	-5	11	11	8	8	
7	-1	-7	-7	-7	-7	-6	-6	32	32	32	5	6	-7	-7	-7	-6	2	4	0	0	-11	-63	6	3	-6	-6	-2	-2	6	-4	-4	-3	-3	-13	5	5	5	5	-25	-25	9	9	4	4	17	-12	-12	13	13	13	4	1	1	-20	-20	4	-2	-2	5	5	5	-21	-21	7	-21	-21	0	16	16	16	-2	-2	-15	-3	-3	-2	-2	-3	-13	12	32	4	4	-17	9	7	14	14	-14	-7	3	1	1	-29	-11	11	11	5	5	-14	-4	7	12	12	-5	-1	7	-14	-14	-1	-1	-17	10	0	4	4	6	0	3	3	5	5	7	-7	-6	10	-5	-10	3	6	6	-12	-12	1	-3	-4	-6	2	12	-14	-7	-7	-13	-13	7	4	-3	-4	-4	-1	-11	16	8	-19	16	18	1	6	-4	-4	11	5	5	1	1	-15	-15	-4	-4	-4	-4	8	-6	3	-7	-7	0	-8	-14	0	0	-7	-3	1	1	-5	-5	1	3	0	-4	-4	5	5	9	8	8	2	2	
48	7	-3	-3	-58	-58	31	31	52	52	52	44	35	20	20	20	-15	10	-15	-2	-2	-78	-116	18	-21	21	21	-1	-1	-56	66	66	-41	-41	-79	47	47	47	47	-68	-68	96	96	26	26	47	-22	-22	-9	-9	-9	-61	28	28	-50	-50	1	8	8	41	-1	-1	-17	-17	-23	-38	-38	6	1	1	1	44	44	-41	23	23	33	33	-10	11	-24	40	42	42	-40	30	19	11	11	32	-46	-5	-7	-7	-95	-38	17	17	-8	-8	-37	20	28	46	46	2	17	-9	-32	-32	-17	-17	-25	12	-18	62	62	7	-14	7	7	20	20	-10	-21	12	49	-10	0	12	22	22	-12	-12	-14	19	-6	2	-19	-4	-62	-43	-43	11	11	-36	-15	25	-25	-25	-30	-44	45	38	-27	55	58	28	27	15	15	60	9	9	-10	-10	-90	-90	4	4	16	16	25	-3	23	-13	-13	-19	-19	-49	14	14	-30	-3	25	25	-43	-43	27	19	11	18	18	-8	-8	29	1	1	2	2	
Trial:2
-6	-6	-22	-22	50	50	46	7	-28	-45	-45	70	77	-18	-18	-66	-66	29	91	-3	11	11	-19	-103	34	-67	-85	-85	13	61	-106	-73	-73	-49	-14	-25	25	25	60	-73	-73	115	65	65	-70	17	-48	0	0	-3	28	-23	-4	-4	-61	-61	18	41	41	3	65	17	17	51	51	56	56	-88	-87	-87	-95	-95	-88	8	64	20	48	48	-15	-29	-29	24	24	18	-36	-44	13	31	-17	0	0	6	-16	-16	-25	71	-11	-11	-22	-22	15	20	30	-28	-28	-1	-27	-9	-2	-2	50	-41	-45	-45	7	7	28	38	9	6	6	-10	39	-50	-50	53	53	-51	-15	-3	-30	-30	18	6	76	-7	-40	111	-4	-33	-1	-58	-58	-62	-62	86	6	6	48	48	-52	-22	15	46	9	9	-34	-32	38	-24	-24	-77	-77	-94	-94	-6	-6	22	3	46	-17	78	2	17	-12	-12	-40	47	-14	18	18	-14	-14	40	-8	-11	24	24	-13	-8	-8	69	-70	-70	-8	10	2	-113	-113	35	
-4	-4	2	2	9	9	-8	-2	-2	4	4	0	3	1	1	-7	-7	-5	15	6	-2	-2	-3	2	1	2	-5	-5	-2	2	3	-6	-6	-3	6	-6	-8	-8	6	-7	-7	8	5	5	-8	3	-8	0	0	5	3	1	-1	-1	0	0	-3	-2	-2	-3	4	-2	-2	3	3	3	3	-7	-6	-6	-1	-1	-5	-5	5	3	7	7	0	-4	-4	8	8	-7	-1	-5	-5	-1	-3	-2	-2	-3	-7	-7	-2	10	7	7	2	2	3	1	1	-10	-10	-4	0	0	3	3	2	2	-11	-11	-3	-3	1	6	0	2	2	-5	-6	-3	-3	3	3	0	-1	1	-6	-6	-1	3	2	5	0	2	0	-3	-2	-8	-8	1	1	-11	5	5	3	3	-6	-4	2	-3	1	1	-1	3	8	-4	-4	-5	-5	-13	-13	-3	-3	-1	-2	8	-4	5	-6	5	-6	-6	-5	-3	6	-6	-6	3	3	-2	-1	-1	6	6	-6	-2	-2	7	-7	-7	-3	5	-6	-3	-3	0	
0	0	-7	-7	3	3	-10	4	-11	16	16	-4	-8	-1	-1	-3	-3	-19	1	11	-5	-5	-2	10	8	-6	4	4	2	-2	1	-12	-12	-7	8	-15	0	0	9	-5	-5	7	1	1	9	-4	-7	1	1	-7	0	0	17	17	-1	-1	-8	1	1	-3	-2	-7	-7	-2	-2	-4	-4	-4	-24	-24	3	3	-2	-1	1	2	13	13	3	0	0	-2	-2	3	5	3	-2	-6	-6	0	0	-2	-10	-10	2	-6	0	0	0	0	-1	-11	1	1	1	-3	3	-3	3	3	-22	10	2	2	1	1	4	2	1	4	4	-1	-7	-3	-3	0	0	-3	-3	2	4	4	-6	10	1	10	-12	-14	7	-3	1	2	2	-7	-7	3	2	2	-5	-5	-22	-3	10	-12	8	8	-1	4	-3	0	0	5	5	-4	-4	-4	-4	-11	4	5	-4	-5	-5	7	0	0	-6	-9	2	-4	-4	-8	-8	-2	3	5	4	4	4	-1	-1	-4	-2	-2	0	13	-2	-2	-2	-2	
-5	-5	-4	-4	10	10	-35	2	0	11	11	-15	-11	-2	-2	-22	-22	17	-20	12	1	1	-13	28	12	9	0	0	35	-13	-14	-13	-13	-17	15	-3	-14	-14	22	-8	-8	5	9	9	-4	-10	-2	3	3	-6	4	-12	9	9	-29	-29	-11	-4	-4	21	-4	21	21	3	3	-16	-16	12	-6	-6	-4	-4	-1	-8	-6	4	10	10	-6	-6	-6	-17	-17	10	-26	-2	-3	9	-6	-9	-9	4	-1	-1	-2	-11	-6	-6	2	2	14	7	10	8	8	1	-13	-13	14	14	-11	9	1	1	-30	-30	0	16	0	26	26	-13	-11	7	7	3	3	11	13	-11	-1	-1	-8	28	1	8	-6	-25	3	-27	4	0	0	0	0	-4	-1	-1	-23	-23	-9	-4	7	-38	21	21	2	13	-1	-11	-11	12	12	-11	-11	-7	-7	-12	4	19	-15	-15	-4	12	3	3	-7	-17	0	-4	-4	-18	-18	4	19	17	7	7	2	-1	-1	-6	-14	-14	2	11	-2	15	15	-9	
-63	-63	-57	-57	98	98	-29	16	-11	69	69	-103	-54	-16	-16	-54	-54	97	-19	23	44	44	-21	11	-92	33	56	56	86	-75	-43	38	38	58	-23	-12	-26	-26	15	-42	-42	-22	18	18	21	-18	48	-11	-11	-75	-51	-106	68	68	-52	-52	-1	54	54	81	-32	82	82	-91	-91	-46	-46	43	-24	-24	13	13	-49	6	-9	-39	18	18	-2	-49	-49	30	30	38	-79	34	-34	54	-68	36	36	-105	60	60	-20	70	-75	-75	-54	-54	-18	-31	29	48	48	37	-53	-11	66	66	-25	72	-30	-30	-61	-61	-41	-14	34	71	71	-50	-76	112	112	-50	-50	40	103	-5	-40	-40	-6	32	19	30	-13	-32	23	-87	11	-8	-8	2	2	65	-25	-25	17	17	-51	17	23	-48	15	15	32	11	18	59	59	65	65	-51	-51	34	34	-74	40	-10	48	-33	97	21	-42	-42	20	28	-12	39	39	-70	-70	12	75	56	-38	-38	12	31	31	-38	-42	-42	6	42	43	100	100	-16	
-19	-19	-23	-23	27	27	-9	0	4	9	9	-16	-47	-2	-2	-29	-29	0	16	12	8	8	11	18	-18	8	-21	-21	17	0	18	-6	-6	5	36	11	-26	-26	32	6	6	14	15	15	-29	-7	-11	-11	-11	-12	-11	-25	18	18	55	55	-49	1	1	18	-2	8	8	-18	-18	-46	-46	7	19	19	-8	-8	18	2	-3	13	-19	-19	22	12	12	5	5	-12	4	2	-11	-5	5	-19	-19	-2	14	14	-11	2	-44	-44	22	22	3	-35	-1	-1	-1	14	9	-37	29	29	4	8	-22	-22	14	14	34	22	-14	2	2	-11	-29	14	14	-10	-10	4	-4	-1	2	2	-3	-12	-10	10	10	-33	-4	11	-17	8	8	7	7	-74	28	28	6	6	2	-13	-8	-39	6	6	-10	1	9	15	15	4	4	21	21	8	8	-30	-5	8	-14	-51	-7	21	-6	-6	-16	-42	25	13	13	-9	-9	-17	8	4	-3	-3	3	-7	-7	6	-5	-5	1	9	10	27	27	-24	
-2	-2	-4	-4	10	10	-16	-6	10	2	2	0	-4	0	0	-24	-24	2	-4	8	-10	-10	7	11	-6	-3	-2	-2	2	-18	-1	-4	-4	-2	12	6	-11	-11	21	-1	-1	-8	2	2	5	-4	-8	4	4	-10	3	-6	2	2	9	9	-10	-8	-8	2	-5	-5	-5	7	7	-12	-12	-1	16	16	-1	-1	6	3	-18	4	-15	-15	16	13	13	11	11	-4	3	-9	-1	-2	5	-4	-4	4	3	3	8	-13	3	3	-7	-7	-5	-2	-3	-5	-5	2	9	-10	-1	-1	-16	5	0	0	1	1	5	20	-7	24	24	-5	-2	0	0	-8	-8	3	-3	0	15	15	-6	-5	-2	1	0	-19	-6	0	-11	8	8	-5	-5	-9	13	13	-9	-9	5	-4	-2	-16	7	7	-2	11	0	0	0	-5	-5	13	13	12	12	-2	0	2	-12	-12	-9	-3	-7	-7	2	-15	-5	-7	-7	-3	-3	-7	4	-2	-7	-7	8	-9	-9	-1	4	4	-8	1	6	15	15	-18	
-3	-3	-15	-15	23	23	19	-6	13	-11	-11	68	-11	0	0	-45	-45	-1	0	-13	-84	-84	25	15	2	20	16	16	2	-37	-36	-3	-3	13	10	15	-6	-6	39	17	17	-18	14	14	-1	-14	20	-2	-2	-15	12	-45	9	9	14	14	-8	-23	-23	-24	59	2	2	30	30	-51	-51	-45	14	14	5	5	4	3	-36	-4	-39	-39	19	47	47	46	46	-37	14	-8	-19	13	34	-5	-5	-3	12	12	17	-6	-8	-8	-5	-5	-2	10	-39	20	20	58	4	-47	7	7	-52	23	54	54	-1	-1	7	37	-13	75	75	-13	3	-7	-7	-62	-62	-12	2	-7	59	59	5	-37	4	-39	-5	4	-49	3	-7	21	21	-2	-2	0	6	6	-22	-22	19	-2	-3	-16	6	6	38	1	-2	-9	-9	-9	-9	18	18	39	39	-2	-14	-6	-38	-59	6	21	8	8	-5	40	-57	-42	-42	2	2	13	14	-14	-17	-17	30	-11	-11	13	9	9	-9	28	31	5	5	-52	
Trial:3
-28	-28	-35	65	-24	-84	-11	-11	-22	-22	-18	-26	-31	-75	-75	-5	-15	-12	-12	-44	-44	69	-9	12	4	4	-21	9	-10	-19	-26	-26	33	-29	8	67	67	38	8	-33	-42	-42	4	4	-39	-39	66	66	-65	19	-29	-65	-65	31	13	18	63	21	-27	-61	-21	20	-2	-2	37	89	18	18	48	55	-57	-64	29	-32	-32	28	-21	17	17	-28	-28	-49	-49	38	93	-69	121	121	-34	-34	-7	109	-101	82	25	31	31	-49	-49	-87	-26	-31	77	77	-3	-28	56	56	-54	68	96	10	10	40	40	-31	38	-29	77	77	-45	-45	-28	-28	-81	74	-35	30	12	42	42	10	46	78	24	24	-3	6	-26	-56	-56	6	-43	-64	-11	-60	60	-21	-21	26	35	35	20	20	-6	-6	-54	-54	6	6	26	27	27	-22	-22	66	66	25	25	-106	-106	-14	-58	-58	43	43	-10	-5	-5	7	7	7	-92	-13	-13	24	24	34	-24	-24	90	90	79	12	-44	-44	-4	-4	0	-116	
0	0	-2	-2	-1	-15	3	3	-3	-3	-2	-5	3	-3	-3	2	1	-7	-7	-8	-8	7	7	-7	5	5	0	2	3	-7	-6	-6	1	-5	3	-1	-1	9	0	-6	-10	-10	2	2	-7	-7	3	3	-11	1	-3	3	3	5	-1	-2	9	1	0	-3	0	0	-7	-7	5	-2	9	9	0	3	0	-8	-2	0	0	0	5	-8	-8	-2	-2	-6	-6	4	13	-10	19	19	-11	-11	-1	2	-8	4	3	-10	-10	-4	-4	-3	-7	2	-8	-8	2	-5	12	12	-1	-1	5	-11	-11	3	3	-2	1	5	-7	-7	4	4	-3	-3	-5	17	-2	5	3	10	10	-11	0	4	3	3	1	3	0	-2	-2	2	0	-3	0	0	-2	-5	-5	-5	8	8	4	4	-5	-5	-11	-11	2	2	-1	-2	-2	-5	-5	7	7	-3	-3	-12	-12	7	5	5	10	10	-1	-4	-4	-2	-2	-2	-8	-4	-4	1	1	-1	-4	-4	5	5	8	1	-9	-9	5	5	-5	-7	
5	5	-4	-6	4	-14	-1	-1	-5	-5	-1	-8	14	11	11	0	10	0	0	-7	-7	-6	2	-4	1	1	-4	1	-3	-2	-6	-6	0	-5	-5	1	1	14	-2	2	-6	-6	2	2	-9	-9	1	1	-14	-5	2	2	2	1	-3	0	1	-7	5	2	-1	-2	0	0	6	-3	2	2	0	-2	1	-4	0	3	3	-18	-3	-2	-2	-5	-5	3	3	-1	6	0	2	2	3	3	5	-5	-14	0	6	-9	-9	0	0	9	-7	2	-15	-15	-1	-3	3	3	-1	3	2	-5	-5	1	1	1	2	7	-4	-4	7	7	-8	-8	-4	9	5	3	0	-1	-1	-28	3	5	3	3	-2	2	-2	2	2	0	1	4	-1	7	-5	-11	-11	-2	-2	-2	-6	-6	5	5	-9	-9	1	1	6	5	5	-2	-2	-1	-1	-6	-6	-9	-9	3	20	20	-1	-1	5	-5	-5	-8	-8	-8	8	5	5	0	0	-11	1	1	7	7	0	7	-8	-8	1	1	-7	-4	
20	20	-8	-5	0	-39	21	21	5	5	-11	-26	14	-3	-3	6	8	5	5	0	0	2	8	10	-5	-5	0	27	1	8	-10	-10	-1	-10	-36	9	9	6	7	-8	13	13	12	12	-8	-8	-2	-2	-23	7	16	14	14	4	3	0	11	0	7	9	-28	1	5	5	-17	11	6	6	4	3	6	30	7	-5	-5	-16	3	-26	-26	-10	-10	-2	-2	9	16	5	2	2	9	9	5	-2	-49	27	33	-13	-13	-21	-21	40	7	-10	-23	-23	-6	-19	12	12	-1	16	-1	-11	-11	12	12	-14	2	14	7	7	6	6	10	10	-2	19	10	6	-1	10	10	-32	16	8	-15	-15	-5	16	-21	9	9	10	13	9	4	21	3	-47	-47	-11	-5	-5	11	11	12	12	-30	-30	1	1	5	-9	-9	7	7	10	10	5	5	-20	-20	-3	13	13	14	14	14	15	15	-13	-13	-13	-21	38	38	2	2	-4	12	12	4	4	1	14	-31	-31	8	8	-19	9	
103	103	11	1	17	-123	58	58	76	76	-43	-13	-24	12	12	-25	55	15	15	45	45	3	26	95	6	6	-76	72	55	30	-89	-89	-3	3	-63	-55	-55	17	-26	-17	79	79	17	17	65	65	-5	-5	-90	-17	90	90	90	26	-12	-90	83	-19	57	36	-40	-24	96	96	-69	47	75	75	-78	60	20	119	68	13	13	-39	-17	-87	-87	-32	-32	-79	-79	8	127	38	57	57	-30	-30	40	-12	-11	127	94	68	68	-111	-111	87	126	-128	-77	-77	-78	-75	115	115	-32	50	88	6	6	17	17	-51	71	34	-13	-13	-13	-13	71	71	67	-58	-38	-13	-28	83	83	-95	20	58	-56	-56	12	27	-53	33	33	-28	84	4	-64	121	-25	-50	-50	-112	91	91	32	32	25	25	-62	-62	77	77	-75	-19	-19	48	48	14	14	-4	-4	-67	-67	14	-3	-3	20	20	25	52	52	14	14	14	-92	86	86	102	102	-69	61	61	89	89	78	-10	-105	-105	-16	-16	-54	63	
-1	-1	-9	8	-8	-76	13	13	14	14	8	-1	15	-12	-12	-17	19	7	7	-7	-7	4	9	19	-13	-13	-11	-39	-3	26	-3	-3	11	-15	-20	-3	-3	-4	2	1	31	31	-2	-2	-19	-19	-3	-3	-13	22	-6	34	34	8	-9	-9	-18	2	22	6	-20	10	-2	-2	-15	-7	6	6	3	19	-8	11	-7	25	25	2	-15	-13	-13	-26	-26	-3	-3	3	6	2	-9	-9	-8	-8	28	-47	-5	32	1	-19	-19	-10	-10	35	0	-19	-20	-20	-6	-8	28	28	-11	19	-50	-7	-7	13	13	4	0	7	11	11	7	7	24	24	-26	-20	5	-23	12	-38	-38	-3	46	1	1	1	-28	18	14	5	5	32	37	-9	13	29	-2	-58	-58	-24	-57	-57	36	36	16	16	-18	-18	-19	-19	23	33	33	12	12	-2	-2	19	19	-42	-42	7	6	6	33	33	21	11	11	-4	-4	-4	-36	40	40	13	13	3	21	21	25	25	14	25	-5	-5	17	17	-44	-5	
4	4	-4	-30	2	-3	5	5	-2	-2	-1	-19	9	-1	-1	11	-9	12	12	-11	-11	-2	-1	-3	4	4	-2	8	5	5	-5	-5	-4	-40	-15	15	15	1	9	-2	2	2	0	0	-11	-11	7	7	-1	8	-12	12	12	0	-3	-2	-12	2	-2	5	-6	-1	-1	-1	-4	-13	14	14	1	-18	0	1	2	-15	-15	-5	-11	-8	-8	-16	-16	4	4	5	12	5	1	1	-10	-10	-1	6	-1	2	4	-28	-28	0	0	7	4	0	-13	-13	8	-7	24	24	1	4	-6	-8	-8	-4	-4	-1	9	0	5	5	6	6	6	6	-7	11	11	1	-12	-5	-5	-7	2	2	9	9	-4	8	-4	-5	-5	21	4	1	4	-2	-5	-16	-16	-9	-7	-7	3	3	-13	-13	-14	-14	10	10	9	4	4	-4	-4	-15	-15	3	3	-6	-6	-5	2	2	14	14	-6	2	2	-30	-30	-30	0	21	21	-1	-1	0	12	12	-9	-9	3	11	-1	-1	-2	-2	-13	7	
-13	-13	-32	-63	-10	40	11	11	21	21	-12	-16	-12	-25	-25	3	-20	30	30	-21	-21	5	-9	-1	-10	-10	17	51	6	20	-15	-15	-29	-91	-10	25	25	13	15	-5	5	5	-12	-12	-12	-12	13	13	2	-28	-4	-16	-16	12	-7	7	-19	14	-27	13	-13	-31	2	2	-5	-24	38	38	-28	-66	16	-7	1	-22	-22	-29	-27	-20	-20	7	7	15	15	28	32	-19	59	59	-10	-10	9	32	-12	-30	-13	-68	-68	8	8	-1	-3	-12	-30	-30	33	-46	36	36	-6	10	4	-7	-7	-10	-10	24	20	-16	25	25	-1	-1	11	11	-15	36	-12	0	-33	-3	-3	7	-21	15	60	60	-14	-29	-15	-14	-14	47	-6	1	-6	3	-5	-11	-11	-16	-15	-15	-10	-10	-21	-21	-17	-17	-24	-24	22	-10	-10	-15	-15	-13	-13	21	21	53	53	-26	-65	-65	33	33	-2	-10	-10	-83	-83	-83	5	45	45	7	7	-6	3	3	-54	-54	24	16	25	25	13	13	-14	51	
Trial:4
-2	-2	-29	-29	0	0	13	29	27	-22	-22	-15	50	10	10	-6	-6	47	-20	-4	56	56	-29	-29	-5	-5	-14	-14	-14	-14	24	-18	-18	-11	-11	-39	-39	-10	10	10	-14	6	27	13	-28	30	30	33	33	-26	-26	5	-75	-25	28	28	77	-15	-60	-25	-25	6	-33	55	12	25	25	-41	-41	-22	68	68	-8	8	43	43	-47	-47	21	21	-97	-34	-34	42	42	14	14	-18	-18	23	23	-7	-43	-43	17	17	17	51	87	87	61	61	1	58	58	-51	-4	-4	-125	-58	-58	-38	-38	-5	23	23	40	40	-52	-52	-19	-19	-15	-15	-61	-28	-28	-29	-29	104	104	-8	-8	-17	-17	-1	-31	-31	17	17	-57	-27	32	32	-17	-17	34	11	11	49	49	-20	-20	-8	-8	27	27	22	23	-35	40	40	-2	6	-33	2	2	2	28	28	9	-68	-68	36	-56	6	-9	-9	-24	-2	14	14	-18	-18	9	9	8	8	-2	85	85	-18	0	-18	-41	-2	-7	-7	-115	-115	
-8	-8	-1	-1	0	0	-5	-2	1	-2	-2	-2	2	2	2	0	0	7	-10	3	8	8	-4	-4	-2	-2	2	2	-2	-2	4	-5	-5	-5	-5	-4	-4	6	-8	-8	-5	6	2	-8	-10	2	2	1	1	-2	-2	-2	-8	-5	5	5	-4	0	1	-3	-3	1	-1	0	3	2	2	-10	-10	2	5	5	-6	-9	-1	-1	0	0	-7	-7	-11	-3	-3	5	5	6	6	-6	-6	-2	-2	7	-1	-1	8	8	8	1	7	7	-4	-4	-9	4	4	2	4	4	-2	-1	-1	-5	-5	-8	5	5	1	1	-6	-6	-14	-14	5	5	-5	-9	-9	1	1	19	19	-5	-5	5	5	-3	-12	-12	-7	-7	-2	-2	-4	-4	-1	-1	11	-1	-1	-11	-11	-1	-1	4	4	-2	-2	5	-5	-1	-3	-3	-3	3	1	-7	-7	-7	3	3	0	1	1	-3	2	1	2	2	1	-4	4	4	-4	-4	-5	-5	1	1	1	4	4	-5	-3	-3	4	-7	0	0	-5	-5	
-8	-8	0	0	5	5	-5	-1	-6	-2	-2	-1	0	8	8	-3	-3	3	-12	1	17	17	-2	-2	-1	-1	5	5	-8	-8	8	-8	-8	-6	-6	-9	-9	12	-5	-5	-8	-5	2	-2	-12	2	2	-2	-2	1	1	-5	-3	-4	-1	-1	-6	-8	11	-5	-5	-7	1	-8	5	7	7	-18	-18	5	2	2	1	-6	-9	-9	1	1	-12	-12	-8	-9	-9	9	9	5	5	-7	-7	-4	-4	16	1	1	-1	-1	-1	6	13	13	9	9	-9	0	0	8	-5	-5	2	1	1	-6	-6	-4	0	0	-7	-7	-20	-20	0	0	1	1	3	2	2	1	1	1	1	-1	-1	14	14	7	-3	-3	4	4	-6	10	-21	-21	-3	-3	-3	-7	-7	-9	-9	-4	-4	9	9	-1	-1	-9	-2	11	-5	-5	2	5	12	-18	-18	-18	4	4	1	9	9	7	-9	-1	-6	-6	12	-1	6	6	-5	-5	-7	-7	-3	-3	-7	8	8	-15	-1	-3	26	4	1	1	-4	-4	
-3	-3	3	3	3	3	-17	11	-17	8	8	0	-4	10	10	3	3	23	-32	0	15	15	3	3	-1	-1	12	12	1	1	1	-2	-2	-22	-22	5	5	15	-20	-20	-11	-6	5	14	-25	2	2	-11	-11	17	17	3	14	-5	12	12	2	-16	33	7	7	-14	6	7	1	-5	-5	-29	-29	-7	7	7	-20	-33	-24	-24	-16	-16	-16	-16	1	-20	-20	30	30	28	28	14	14	-31	-31	26	-9	-9	11	11	11	-4	9	9	12	12	-10	-7	-7	13	-16	-16	10	17	17	-5	-5	-10	4	4	2	2	-7	-7	16	16	-31	-31	11	1	1	1	1	-19	-19	12	12	16	16	-26	4	4	11	11	-6	24	3	3	-2	-2	-13	-18	-18	1	1	-5	-5	24	24	1	1	2	21	4	-7	-7	-23	-8	3	-10	-10	-10	1	1	2	12	12	14	-22	0	6	6	-5	9	14	14	-17	-17	-13	-13	0	0	2	10	10	-16	-13	-23	7	7	9	9	8	8	
23	23	38	38	105	105	-25	-29	31	-4	-4	-80	-17	-13	-13	-12	-12	52	-76	-15	116	116	-38	-38	-25	-25	-14	-14	38	38	16	4	4	-73	-73	-3	-3	-19	-68	-68	119	13	9	49	-40	9	9	-10	-10	-3	-3	-3	73	62	52	52	-18	-118	90	-37	-37	-47	82	47	-40	13	13	-95	-95	32	-1	-1	-84	-124	43	43	-126	-126	19	19	-11	18	18	83	83	69	69	77	77	-128	-128	68	-46	-46	93	93	93	-4	5	5	90	90	-22	-58	-58	11	-30	-30	48	119	119	-59	-59	54	78	78	71	71	-114	-114	18	18	-38	-38	-37	-26	-26	-37	-37	-45	-45	-11	-11	69	69	67	-2	-2	-34	-34	-43	60	95	95	-10	-10	-59	-62	-62	-36	-36	28	28	82	82	-16	-16	9	13	-1	10	10	-55	-5	46	-21	-21	-21	-20	-20	4	21	21	39	-18	31	51	51	-58	75	21	21	-128	-128	76	76	-43	-43	68	46	46	-84	-52	-78	10	53	-62	-62	1	1	
25	25	1	1	1	1	-41	-25	12	11	11	26	1	2	2	-6	-6	11	-40	12	5	5	17	17	2	2	-6	-6	8	8	-11	3	3	-8	-8	12	12	-3	-17	-17	4	15	11	18	-42	16	16	-9	-9	23	23	4	-4	2	-5	-5	-22	-15	7	2	2	9	11	32	13	-19	-19	-33	-33	6	43	43	-38	33	11	11	-1	-1	5	5	-39	-3	-3	5	5	2	2	25	25	-64	-64	34	-27	-27	9	9	9	41	13	13	2	2	-9	10	10	-11	26	26	-21	5	5	-57	-57	26	7	7	15	15	18	18	-10	-10	-29	-29	-6	20	20	34	34	-24	-24	-45	-45	7	7	-9	-6	-6	-26	-26	13	19	23	23	-31	-31	-3	21	21	19	19	10	10	26	26	-28	-28	15	15	5	0	0	-36	-10	-2	-13	-13	-13	-4	-4	-8	0	0	5	2	10	-6	-6	12	38	7	7	-18	-18	-14	-14	3	3	-4	6	6	-19	3	7	-35	-7	-20	-20	19	19	
19	19	-3	-3	-1	-1	-13	6	6	-13	-13	2	7	8	8	-5	-5	6	-20	7	-2	-2	2	2	-5	-5	1	1	3	3	-3	6	6	-7	-7	-6	-6	9	-6	-6	-3	-2	7	0	-22	-3	-3	5	5	-5	-5	-12	5	0	-2	-2	-8	-6	-20	3	3	9	25	-1	14	0	0	-12	-12	-6	1	1	-8	1	3	3	20	20	5	5	-6	-8	-8	9	9	-5	-5	4	4	-12	-12	13	-15	-15	5	5	5	18	-2	-2	-19	-19	-1	-4	-4	2	14	14	-4	6	6	0	0	-9	-6	-6	-14	-14	-3	-3	16	16	-2	-2	-11	-1	-1	0	0	-6	-6	-17	-17	-7	-7	12	5	5	11	11	4	19	-12	-12	-7	-7	3	2	2	3	3	-2	-2	7	7	8	8	12	-16	5	-10	-10	0	2	-4	-11	-11	-11	-11	-11	-3	6	6	9	-6	-8	-6	-6	0	5	3	3	2	2	-5	-5	1	1	0	0	0	-7	14	-9	3	-7	-10	-10	14	14	
16	16	-11	-11	2	2	-19	29	41	-14	-14	-1	21	12	12	-16	-16	1	-37	2	-17	-17	2	2	-11	-11	-2	-2	-72	-72	17	19	19	-2	-2	17	17	9	13	13	-19	3	40	-63	-17	-21	-21	23	23	-52	-52	-50	1	17	8	8	-4	-4	-44	28	28	10	-6	11	35	23	23	-11	-11	-39	-6	-6	3	2	15	15	41	41	48	48	-3	-30	-30	32	32	-8	-8	-6	-6	-16	-16	17	-22	-22	-7	-7	-7	16	-48	-48	-49	-49	35	-7	-7	2	46	46	1	-10	-10	27	27	-6	20	20	-21	-21	-47	-47	34	34	7	7	-46	-12	-12	-30	-30	7	7	-40	-40	14	14	48	8	8	-11	-11	14	-13	-43	-43	18	18	24	11	11	-10	-10	7	7	-17	-17	5	5	46	-61	6	-58	-58	23	8	-3	-55	-55	-55	1	1	20	11	11	15	-20	-6	-10	-10	2	-16	10	10	13	13	59	59	-5	-5	-13	-13	-13	-18	56	-18	8	-23	-15	-15	45	45	
Trial:5
4	49	-47	-40	-40	64	38	38	-21	-21	-22	-22	-24	-16	-104	94	-46	-46	-33	66	-21	0	0	0	-19	49	-22	109	53	-59	41	-19	-19	-19	10	10	30	-73	66	-27	-27	-30	14	66	66	61	61	-86	56	-47	-47	2	2	-119	-40	-40	-22	-22	-18	-22	-13	51	51	93	12	-11	14	-29	-29	10	126	-41	73	73	-33	-15	-44	24	24	-8	19	15	15	-38	-38	-86	-5	-16	10	10	60	-45	1	19	19	-17	-9	-22	-22	-15	-15	-27	17	21	7	7	76	-11	-69	55	-3	12	-2	7	-49	-56	-56	52	111	14	-1	-1	30	30	40	-21	13	-38	-38	-22	-26	-79	-79	4	4	-13	16	16	-21	-21	127	14	14	-4	-21	30	-17	-29	-29	-28	11	11	24	11	11	-32	-32	13	-39	94	-4	-4	-42	19	7	33	-52	-52	-87	-36	-13	20	20	20	20	7	-20	-20	-37	3	44	44	-5	-5	10	105	-26	-7	-7	26	-128	-21	15	15	-56	-56	-12	23	1	-24	
-9	-13	1	-5	-5	6	6	6	-6	2	4	4	-5	-1	-6	8	0	0	-6	2	-6	3	3	1	-2	4	-3	13	15	-4	-6	-5	0	0	-3	-3	0	1	11	-4	-4	-7	-12	-4	-4	17	17	-9	7	-2	-2	-2	-2	-3	-10	-10	0	0	6	-15	1	5	5	3	4	-1	-2	-4	-4	-5	3	-6	-2	-2	-6	-1	-4	18	18	-6	2	-4	-4	-12	-12	-10	-5	2	0	0	-1	0	1	6	6	3	-2	-12	-12	-3	-3	-2	1	2	-5	-5	1	-3	-5	9	5	0	-2	-2	-4	-1	-1	3	7	7	3	3	3	3	1	4	-2	-4	-4	0	-5	-12	-12	0	0	4	-3	-3	-5	-5	4	-1	-1	3	5	5	-6	3	3	4	-2	-2	-10	2	2	-2	-2	1	-4	-1	4	4	-8	3	-6	-2	2	2	-5	-3	-1	0	0	-1	-1	-1	-4	-4	5	-4	5	5	1	1	-3	4	-2	-1	-1	-4	-7	4	-4	-4	-2	-2	-2	3	-5	1	
-17	3	5	1	1	12	-9	-9	7	-3	8	8	-12	1	-1	6	2	2	2	8	-1	4	4	-6	-2	2	-1	4	-2	-6	-3	0	14	14	-6	-6	2	8	-1	-1	-1	6	3	-8	-8	21	21	-9	-3	0	0	2	2	-5	-6	-6	-10	-10	15	-2	9	0	0	0	-3	-3	-6	-2	-2	-2	-11	-5	3	3	-7	4	0	1	1	-6	3	-8	-8	-10	-10	4	-8	-13	8	8	-5	0	3	1	1	14	0	-5	-5	-7	-7	-1	-4	0	-3	-3	-4	1	-3	1	8	-9	-2	7	0	1	1	-1	-6	1	-24	-24	7	7	2	8	0	2	2	-7	-4	4	4	-1	-1	3	-3	-3	-3	-3	-2	2	2	-3	7	-3	-10	8	8	2	-4	-4	-9	4	4	-3	-3	-28	-1	-1	4	4	1	0	-3	-29	16	16	-3	-2	-2	18	18	-6	-6	4	-4	-4	8	-8	-22	-22	5	5	-2	2	0	5	5	2	-2	3	-6	-6	-10	-10	4	1	-2	0	
11	15	-18	20	20	-4	5	5	-18	9	17	17	-36	-4	2	7	18	18	-9	-6	-5	6	6	-8	4	-3	-6	-3	6	4	-6	13	6	6	-5	-5	-17	12	-2	-4	-4	29	-13	10	10	34	34	-28	1	-3	-3	-8	-8	7	-12	-12	-8	-8	25	19	5	-12	-12	-11	1	-10	-16	18	18	5	-21	6	-2	-2	2	6	-9	-3	-3	12	8	-10	-10	-13	-13	24	-9	-11	-6	-6	-2	-5	-2	-15	-15	10	14	-7	-7	4	4	4	0	6	-8	-8	-2	-17	-26	21	23	-30	0	-12	-27	20	20	12	10	12	-8	-8	7	7	1	12	3	-4	-4	5	3	-10	-10	-18	-18	-9	-15	-15	-6	-6	3	-8	-8	0	4	-4	-13	14	14	0	-15	-15	-23	6	6	1	1	-11	1	-14	12	12	3	-14	-19	-7	13	13	-6	3	14	18	18	5	5	-1	-16	-16	13	-6	2	2	6	6	-13	-4	6	1	1	-11	20	-2	9	9	-14	-14	2	-5	-8	-13	
127	96	-36	60	60	33	32	32	6	-14	35	35	-102	-5	22	2	78	78	-9	-18	21	69	69	-58	-38	-28	6	-30	44	10	-28	18	-16	-16	-18	-18	-6	32	-76	14	14	20	-20	28	28	36	36	-72	20	-62	-62	-45	-45	80	-40	-40	-27	-27	51	102	80	-26	-26	-26	-26	65	24	106	106	52	-64	29	-74	-74	22	31	-57	-28	-28	79	44	-47	-47	71	71	7	-13	-108	-25	-25	27	-50	-74	-47	-47	17	18	-17	-17	97	97	67	25	15	77	77	-11	-33	-116	58	15	-14	-7	-23	-28	78	78	-7	76	86	-22	-22	11	11	-63	74	20	-18	-18	53	32	7	7	-31	-31	-90	-21	-21	-17	-17	17	-50	-50	28	19	17	20	-7	-7	-82	-39	-39	-63	-7	-7	28	28	18	-65	-2	55	55	-1	-7	-8	32	-2	-2	5	4	36	1	1	6	6	-44	-35	-35	47	-23	44	44	-39	-39	-86	-9	31	88	88	-26	127	-8	72	72	-104	-104	51	3	-6	-41	
9	-37	-23	16	16	10	-24	-24	-4	36	-12	-12	-17	9	14	6	57	57	14	-3	8	14	14	-27	25	-13	26	-21	24	-6	46	11	-6	-6	-5	-5	4	34	-1	-8	-8	24	-73	-43	-43	72	72	-35	-4	-5	-5	10	10	2	-24	-24	-2	-2	12	26	-17	14	14	20	-6	9	12	19	19	12	29	-11	5	5	-4	13	-7	-14	-14	20	-30	45	45	-25	-25	-8	13	12	30	30	-44	7	-25	-4	-4	-39	15	-1	-1	9	9	0	16	23	-21	-21	-4	-4	3	4	34	-23	-3	-77	20	37	37	12	9	15	22	22	-18	-18	-11	42	25	-8	-8	-13	-30	-14	-14	-8	-8	11	-1	-1	-6	-6	12	-2	-2	-3	2	23	7	5	5	-35	-16	-16	-12	-9	-9	-6	-6	2	-20	-13	23	23	-38	2	9	-28	49	49	-11	-11	-17	4	4	11	11	4	-1	-1	-4	-12	10	10	-11	-11	-10	-5	-11	-37	-37	25	12	-19	-10	-10	0	0	12	7	3	-49	
0	-14	5	-6	-6	-5	-26	-26	2	4	16	16	-12	-1	10	-6	16	16	14	1	2	-5	-5	-2	1	-5	-4	-17	1	3	-6	2	5	5	3	3	3	38	13	13	13	-16	-16	-36	-36	26	26	-12	-9	7	7	-2	-2	-1	3	3	-18	-18	18	-7	4	14	14	-10	-2	-10	-4	2	2	3	4	-8	13	13	-8	5	4	-2	-2	5	-6	10	10	-5	-5	-13	3	6	-6	-6	-6	1	-3	1	1	4	5	-2	-2	-8	-8	2	8	-3	-13	-13	0	11	22	-9	-8	-10	-6	-7	4	-3	-3	4	-4	6	-2	-2	12	12	-12	-6	-1	-7	-7	-5	6	-5	-5	5	5	-4	8	8	7	7	-4	1	1	-3	1	5	-3	2	2	-11	-10	-10	-6	2	2	1	1	-10	-7	-25	14	14	-2	3	-5	-8	12	12	-3	-4	-1	4	4	1	1	3	17	17	7	-5	-20	-20	2	2	-3	10	-3	1	1	1	5	-7	-6	-6	-2	-2	-2	-13	0	6	
12	-19	39	-56	-56	16	-34	-34	12	1	74	74	-26	12	-9	-9	11	11	-53	-45	1	-48	-48	17	-3	20	-8	-57	18	24	-11	31	25	25	14	14	19	68	17	70	70	-32	-15	-30	-30	12	12	-41	-13	6	6	6	6	-11	8	8	-48	-48	20	-15	3	1	1	-68	18	56	-19	18	18	22	23	-21	29	29	-7	22	-12	15	15	-13	55	20	20	3	3	-99	19	23	-13	-13	57	-40	10	17	17	-16	19	-23	-23	0	0	-11	12	10	10	10	-8	14	26	-10	-3	11	-7	5	-12	-7	-7	-5	-22	0	46	46	24	24	-9	-49	-6	-3	-3	34	35	-7	-7	-19	-19	-2	-2	-2	22	22	5	-2	-2	7	-12	7	-12	-21	-21	-51	0	0	-20	2	2	-10	-10	-2	7	-21	8	8	9	14	-14	3	2	2	-22	-13	-16	-1	-1	21	21	17	35	35	2	4	-37	-37	0	0	49	8	-16	-42	-42	13	-6	-26	-10	-10	37	37	-12	-22	-4	39	
Trial:6
4	104	104	104	-99	61	-77	-5	-19	-27	7	11	-32	-32	17	17	-34	-51	-51	1	1	-15	5	-1	39	39	-2	-5	-19	-73	-73	20	-9	9	9	-11	-11	15	-63	-20	16	9	17	-10	-59	-59	100	100	-21	38	14	-33	-33	50	-13	-12	11	11	-37	-37	5	5	-63	-4	-4	40	3	-4	-4	-28	-28	18	46	46	-14	-14	-29	-29	24	24	-32	-32	6	16	-31	11	11	-6	17	50	53	53	-17	19	-42	-62	4	4	-52	102	30	-38	-9	-9	-4	-4	61	-32	-32	46	-33	-12	-29	-29	41	-13	-8	16	-4	-4	-18	27	51	-39	-39	-30	-30	-17	-30	12	12	-23	-14	4	-49	-49	-27	-27	52	52	13	13	12	10	-46	-28	-28	-22	-22	31	31	16	16	58	58	-36	18	18	-29	-29	-22	-3	-3	-29	-29	-29	12	-3	-3	-10	-10	123	-37	-37	35	52	52	-9	-11	-11	41	41	-43	-83	-83	-47	75	75	-24	-38	-38	-17	-17	-37	20	-9	-9	102	102	-2	
-1	3	3	3	-8	3	-8	2	0	-3	0	-8	-5	-5	6	6	2	-2	-2	-3	-3	0	-2	0	5	5	-4	1	-7	-2	-2	-1	6	4	4	-1	-1	3	-4	-6	4	2	-6	-9	0	0	4	4	0	3	0	1	1	7	6	-2	-4	-4	-1	-1	0	0	-4	-4	-4	3	-5	1	1	-8	-8	1	5	5	-6	-6	-4	-4	-3	-3	-2	-2	-4	-4	0	1	1	-5	3	-6	6	6	-12	-1	-4	3	-2	-2	-2	6	0	1	-7	-7	0	0	9	1	1	2	-6	-2	0	0	0	-3	0	-2	5	5	-4	1	-4	-1	-1	-14	-14	1	4	-3	-3	6	-8	0	1	1	3	3	2	2	-1	-1	-4	8	-7	0	0	-3	-3	1	1	-5	-5	2	2	-2	-1	-1	-6	-6	0	-2	-2	2	2	2	-1	0	0	1	1	11	-5	-5	4	1	1	5	-9	-9	0	0	-2	-10	-10	-6	6	6	-3	-3	-3	4	4	-3	1	-9	-9	2	2	-3	
7	-16	-16	-16	-10	1	-7	3	4	0	-3	4	-6	-6	12	12	3	-3	-3	-15	-15	5	-4	-4	5	5	9	3	-22	-1	-1	-5	5	5	5	0	0	11	-8	-8	14	6	-3	-12	-4	-4	-2	-2	3	-2	-2	-5	-5	4	14	-8	-1	-1	-4	-4	4	4	3	0	0	-9	-4	5	5	-11	-11	5	6	6	-2	-2	-9	-9	-9	-9	10	10	7	-2	-1	-3	-3	-12	4	-3	-10	-10	0	6	1	-5	-1	-1	5	-13	2	17	-13	-13	0	0	-4	2	2	-12	-11	-2	2	2	0	0	5	-3	14	14	-1	-5	-10	2	2	-5	-5	9	-6	-7	-7	9	-13	0	9	9	-12	-12	12	12	-5	-5	-5	11	-5	4	4	-3	-3	5	5	-1	-1	3	3	-14	-1	-1	-1	-1	1	3	3	19	19	19	-3	3	3	-8	-8	-5	-10	-10	-7	3	3	3	-9	-9	-3	-3	0	-4	-4	-2	-3	-3	4	3	3	6	6	-14	0	-10	-10	0	0	-2	
6	-19	-19	-19	16	1	6	-7	2	3	5	-29	-16	-16	1	1	17	3	3	9	9	1	-1	-7	7	7	9	-6	-35	-2	-2	-7	10	20	20	-1	-1	17	-23	-15	6	2	5	-39	3	3	-3	-3	0	10	4	-1	-1	7	22	-6	-9	-9	-16	-16	-2	-2	12	-5	-5	9	-12	3	3	-9	-9	8	9	9	4	4	-11	-11	-29	-29	21	21	1	-17	-1	-3	-3	-20	4	8	-1	-1	-5	8	13	1	4	4	-1	-1	-7	-1	1	1	-14	-14	12	1	1	-4	-10	8	6	6	8	-1	-4	-14	11	11	-9	8	-2	-4	-4	-14	-14	-9	-1	4	4	2	-6	-7	4	4	2	2	13	13	8	8	-17	1	-23	-5	-5	1	1	3	3	-26	-26	20	20	-21	10	10	6	6	-1	0	0	28	28	28	8	1	1	-5	-5	-20	-11	-11	7	16	16	1	-13	-13	16	16	-16	3	3	4	-1	-1	1	14	14	-11	-11	-13	-7	-9	-9	1	1	-4	
-26	-72	-72	-72	57	24	55	-79	-6	17	33	-42	27	27	-24	-24	73	-53	-53	127	127	-43	63	30	-76	-76	56	-4	-91	10	10	-16	-6	87	87	5	5	61	-19	-63	-15	-37	1	-51	-41	-41	51	51	76	-69	-47	-11	-11	104	52	3	-56	-56	-9	-9	-112	-112	8	-22	-22	59	56	20	20	54	54	67	-45	-45	60	60	0	0	-79	-79	34	34	-18	-82	-7	-12	-12	-102	-11	71	31	31	-25	73	127	5	30	30	-115	36	73	-11	-16	-16	-61	-61	74	-8	-8	-73	-34	-47	53	53	-42	49	-13	-35	-34	-34	57	14	-38	17	17	-42	-42	-19	-19	12	12	11	-27	-41	8	8	37	37	32	32	103	103	-48	-7	-55	23	23	5	5	-42	-42	-99	-99	76	76	-81	127	127	39	39	-50	49	49	0	0	0	74	0	0	-80	-80	-90	-38	-38	-70	34	34	2	-30	-30	32	32	30	-28	-28	32	100	100	22	3	3	-43	-43	-68	77	-24	-24	31	31	24	
-11	-52	-52	-52	-1	13	14	-3	-42	28	-17	-27	14	14	-18	-18	15	8	8	-45	-45	23	-4	-21	-4	-4	3	-6	-15	-5	-5	-17	-4	36	36	-1	-1	16	-6	-14	6	-11	-12	-7	-4	-4	47	47	36	25	-2	1	1	-16	9	7	-22	-22	-5	-5	-13	-13	4	2	2	36	-6	-6	-6	10	10	5	-7	-7	17	17	2	2	-76	-76	6	6	24	-19	21	0	0	-24	22	-6	-29	-29	5	41	44	9	29	29	17	-25	20	12	-23	-23	2	2	15	-7	-7	-26	12	12	3	3	-16	-3	2	-49	-35	-35	0	22	1	-18	-18	-53	-53	-36	20	9	9	47	4	-6	46	46	-7	-7	-26	-26	14	14	-18	-4	-22	30	30	-7	-7	-6	-6	5	5	-7	-7	-47	41	41	-6	-6	-9	26	26	-12	-12	-12	3	-6	-6	2	2	-8	12	12	9	8	8	2	-38	-38	29	29	9	-49	-49	-7	16	16	30	2	2	7	7	-30	-2	5	5	-18	-18	19	
1	-19	-19	-19	11	-4	0	-2	2	5	-6	-11	0	0	-3	-3	4	2	2	-9	-9	9	16	-9	-1	-1	-4	-5	-19	0	0	-6	0	8	8	-3	-3	8	-28	-1	-7	-4	2	-15	1	1	-15	-15	3	6	8	-15	-15	12	-9	6	0	0	-7	-7	0	0	-7	3	3	2	-6	2	2	3	3	-4	5	5	1	1	-9	-9	-5	-5	-5	-5	4	-9	15	-1	-1	-23	15	10	3	3	-4	-21	-2	6	3	3	-16	-10	9	3	-2	-2	-6	-6	7	15	15	-3	-2	0	3	3	-1	-3	-2	-12	6	6	-19	9	6	-6	-6	-6	-6	7	18	-1	-1	2	-17	-7	10	10	10	10	-5	-5	-8	-8	-13	10	-7	3	3	-15	-15	-2	-2	9	9	-4	-4	-12	16	16	4	4	7	0	0	0	0	0	9	-2	-2	-5	-5	6	16	16	-7	-16	-16	-3	-13	-13	4	4	-4	-8	-8	-11	8	8	4	-1	-1	7	7	-17	-9	-8	-8	9	9	-2	
1	-37	-37	-37	13	29	-4	-1	9	-12	14	3	38	38	-12	-12	22	7	7	-28	-28	26	43	13	-16	-16	-13	-18	-29	-18	-18	-6	9	9	9	-11	-11	27	-72	-2	1	-9	-2	-7	-14	-14	-77	-77	22	13	11	-69	-69	80	-54	22	2	2	7	7	8	8	-46	20	20	-37	-31	10	10	12	12	-21	50	50	11	11	-15	-15	-11	-11	-3	-3	-22	2	20	-3	-3	-27	81	12	35	35	-17	-60	-80	17	-11	-11	-66	-7	10	5	9	9	13	13	77	27	27	-11	-19	-14	-23	-23	-4	-15	2	13	4	4	-51	10	15	-20	-20	30	30	23	70	13	13	-25	-7	-22	39	39	-4	-4	34	34	-34	-34	-28	5	-15	7	7	-48	-48	14	14	-5	-5	-36	-36	-23	34	34	40	40	6	-9	-9	-3	-3	-3	-3	63	63	-22	-22	19	10	10	-57	-6	-6	-24	20	20	42	42	-21	-11	-11	-4	9	9	-23	-43	-43	41	41	-5	-10	-17	-17	63	63	-7	
Trial:7
-16	15	-56	-56	5	5	-29	-76	9	9	-58	-58	22	31	31	6	6	53	-19	-19	-19	50	50	5	-1	-1	-75	-75	53	-20	-20	-20	-22	-31	-31	7	7	30	30	-59	34	34	12	12	-31	-31	57	57	-83	-83	0	-8	-8	62	62	-42	-18	-23	-44	2	2	-46	4	57	57	57	3	3	-79	-1	-50	-50	2	50	-93	59	59	11	-9	-27	8	8	103	-14	18	18	-36	-36	2	2	-60	-60	23	20	20	-42	-42	-20	16	-51	42	-33	59	-31	-3	-3	23	-42	-57	-57	-2	-2	18	41	85	49	3	103	-15	-57	-57	-1	1	-31	18	18	-34	-34	4	-5	45	29	0	-83	-27	-47	-47	-6	-6	6	30	19	-65	-65	20	-15	13	-105	-105	-39	-39	10	45	-17	-17	87	4	46	-24	-24	6	-45	-27	100	-31	-31	-14	-14	-26	-32	-32	50	50	-26	-26	74	74	45	45	-33	-1	-20	78	-40	-40	23	-40	-40	-47	-47	-34	63	15	5	5	6	6	5	5	1	
-5	-8	8	8	-4	-4	-2	-5	2	2	-5	-5	-2	2	2	9	9	-1	-6	-6	-6	6	6	-1	-12	-12	-2	-2	5	-4	-4	-4	2	-8	-8	0	0	0	0	0	1	1	0	0	1	1	-2	-2	-10	-10	-8	1	1	5	5	-2	3	-2	-9	1	1	3	-7	1	4	4	-3	-3	-2	-4	-10	-10	-5	1	-6	1	1	7	-4	2	1	1	7	0	-4	-4	-20	-20	0	0	-5	-5	4	-6	-6	-1	1	-1	1	9	-5	2	4	0	-10	-10	9	-2	-4	-4	0	0	-7	-3	10	3	-2	7	-5	-3	-3	-5	5	-3	-3	-3	-1	-1	-4	8	0	2	-1	-5	-2	-2	-2	-3	-3	4	4	7	0	0	-4	-4	-4	-11	-11	-6	-6	-2	-2	0	0	2	2	-3	0	0	-2	-1	-2	5	-8	-8	-6	2	-1	2	2	1	1	-7	-7	-5	-5	11	11	0	6	4	-1	1	1	-1	3	3	-5	-5	-5	4	0	1	1	0	0	-4	-4	-1	
-1	-1	7	7	-4	-4	-7	-1	-2	-2	1	1	-14	0	0	3	3	3	-5	-5	-5	2	2	-4	4	4	4	4	-3	-9	-9	-9	11	-8	-8	3	3	7	7	5	2	2	-1	-1	-4	-4	-5	-5	-4	-4	-9	5	5	0	0	-2	-3	3	-9	-2	-2	15	-20	-6	4	4	-11	-11	-13	3	-9	-9	-4	-2	-5	-5	-5	10	3	-20	12	12	-5	7	-7	-7	1	1	6	6	-4	-4	-4	-5	-5	0	-5	2	3	-3	-4	6	4	6	-6	-6	15	14	-22	-22	2	2	1	-3	0	0	0	2	-3	3	3	-20	6	-4	-5	-5	-3	-3	3	2	1	-7	9	0	4	-2	-2	-2	-2	4	0	1	-5	-5	-17	-5	1	-5	-5	5	5	-10	-1	11	11	-3	-3	-6	-5	-5	4	5	0	-2	-3	-3	-7	-5	4	0	0	-10	-10	8	8	-6	-6	-6	-6	2	-3	3	-6	2	2	3	4	4	4	4	-2	11	-3	1	1	-3	-3	-5	-5	2	
21	-10	7	7	2	2	0	9	-18	-18	11	11	0	-5	-5	-8	-8	21	-34	-34	-34	-5	-5	4	11	11	11	11	-28	-2	-2	-2	28	8	8	9	9	9	9	-10	-4	-4	6	6	-20	-20	4	4	-6	-6	9	-26	-26	24	24	-42	6	7	-10	6	6	22	-45	-19	6	6	-17	-17	-4	4	8	8	-13	28	-12	9	9	-2	13	-14	51	51	-3	-13	16	16	-17	-17	11	11	-31	-31	9	-34	-34	-1	-8	5	-13	-1	-2	1	1	15	-27	-27	16	2	-8	-8	10	10	-2	6	-1	-9	-6	13	-1	9	9	-7	5	-15	24	24	-16	-16	6	-25	2	-16	-6	4	17	-6	-6	12	12	18	14	11	-27	-27	-13	-18	-8	-11	-11	9	9	-30	-18	-17	-17	6	-12	4	5	5	0	15	10	-10	-6	-6	-19	1	3	13	13	-26	-26	24	24	-8	-8	-4	-4	7	8	-6	-24	-1	-1	17	3	3	15	15	-23	15	-7	-6	-6	-7	-7	1	1	17	
74	3	-13	-13	-24	-24	12	-16	-60	-60	10	10	-18	46	46	-24	-24	51	-61	-61	-61	36	36	61	58	58	31	31	-27	12	12	12	51	-32	-32	34	34	37	37	10	4	4	-6	-6	-105	-105	-1	-1	-71	-71	17	-85	-85	111	111	-109	67	31	10	-49	-49	9	-126	34	2	2	-30	-30	-6	13	76	76	19	126	-9	-53	-53	-91	-28	29	127	127	53	-27	94	94	-90	-90	16	16	-125	-125	92	-87	-87	-79	49	110	-85	-18	33	-71	-16	104	-103	-103	9	-68	15	15	61	61	37	74	0	-20	-30	65	78	48	48	81	-41	-28	56	56	14	14	-39	-79	10	-66	-51	32	93	-73	-73	1	1	16	62	23	-8	-8	-39	-43	-66	90	90	53	53	-44	-105	-40	-40	51	-34	9	33	33	10	49	54	-57	26	26	14	29	-54	-55	-55	-84	-84	-10	-10	-61	-61	77	77	29	39	16	-117	4	4	17	-10	-10	104	104	-34	-24	-27	-19	-19	45	45	20	20	24	
0	27	34	34	28	28	-46	-30	-61	-61	30	30	20	15	15	-13	-13	8	-58	-58	-58	15	15	5	22	22	37	37	-27	14	14	14	9	-19	-19	17	17	21	21	11	5	5	12	12	-17	-17	5	5	10	10	15	1	1	-18	-18	-22	11	13	-24	-31	-31	10	-42	-4	9	9	-10	-10	-35	14	-2	-2	4	5	-18	-13	-13	8	8	-10	9	9	-27	-5	31	31	-11	-11	-15	-15	-48	-48	21	-21	-21	-15	17	15	-23	9	-15	26	6	4	-71	-71	14	1	32	32	6	6	25	13	12	-8	-8	3	20	0	0	-17	11	16	11	11	-15	-15	13	-24	29	-9	12	-2	3	-43	-43	-11	-11	-9	12	12	-20	-20	1	2	-49	28	28	8	8	-11	-27	-5	-5	25	-22	1	8	8	22	13	39	-35	6	6	-35	-1	-3	19	19	-9	-9	-6	-6	11	11	-34	-34	25	15	13	-5	-6	-6	16	8	8	-65	-65	3	-4	-7	9	9	12	12	38	38	-3	
1	-2	10	10	5	5	-11	-2	1	1	6	6	-1	-7	-7	-6	-6	6	-5	-5	-5	10	10	2	-1	-1	14	14	0	-2	-2	-2	9	-5	-5	0	0	-6	-6	9	-1	-1	9	9	-10	-10	-14	-14	-1	-1	-1	13	13	3	3	-2	-1	2	-10	-12	-12	8	-13	-6	2	2	-2	-2	1	5	6	6	5	12	-13	-15	-15	-15	0	7	-4	-4	-18	2	-2	-2	6	6	-2	-2	-15	-15	3	-4	-4	-9	11	10	-2	-5	-8	8	-19	6	-1	-1	5	2	6	6	-1	-1	4	-11	-3	-2	1	6	8	-2	-2	-1	0	-7	4	4	-26	-26	7	10	2	-5	7	-4	0	2	2	-12	-12	2	1	6	-15	-15	7	-8	-6	3	3	-3	-3	-2	-4	5	5	7	-4	-12	-2	-2	2	8	-11	4	-3	-3	-3	-7	-9	-12	-12	8	8	-1	-1	-8	-8	-11	-11	20	-6	5	-9	6	6	1	-23	-23	-5	-5	6	7	-1	11	11	-9	-9	-7	-7	1	
-13	-44	39	39	9	9	2	-12	-11	-11	18	18	-5	-28	-28	15	15	3	11	11	11	34	34	15	46	46	35	35	6	-32	-32	-32	14	-2	-2	-5	-5	-16	-16	-6	-14	-14	10	10	-14	-14	37	37	21	21	-19	14	14	17	17	16	-17	-24	-28	-27	-27	-19	-26	-15	-11	-11	15	15	-9	25	17	17	-27	37	-17	2	2	-1	-18	-2	-17	-17	-13	3	1	1	11	11	-1	-1	-25	-25	8	-21	-21	11	43	40	-9	-36	-11	-7	-31	5	36	36	-7	-1	-15	-15	-8	-8	21	-41	-7	11	-8	5	22	-26	-26	-12	-7	-5	20	20	-65	-65	58	-2	-4	8	23	16	3	1	1	-25	-25	-40	16	13	-68	-68	37	12	13	3	3	18	18	26	24	-1	-1	7	-21	-12	50	50	-25	3	-45	50	-27	-27	-31	-29	-60	4	4	30	30	-25	-25	7	7	22	22	36	-4	-9	35	-13	-13	0	-36	-36	10	10	4	0	1	9	9	-36	-36	-9	-9	8	
Trial:8
0	0	0	-28	13	13	115	115	1	-81	-81	-8	-8	-123	-25	-25	-25	33	33	61	-27	-27	-32	-32	11	24	24	24	-56	-56	48	-60	-60	127	127	12	-19	-19	-9	-9	-44	96	-74	-74	0	0	-6	-34	74	-26	-26	-21	-35	-3	-38	-38	12	12	-3	-3	6	6	0	27	-23	-18	-18	45	65	-21	0	0	17	2	-14	31	-9	-9	-4	-22	-8	3	3	44	44	-23	-21	-21	36	36	12	1	-48	17	1	-3	23	-15	-15	30	30	-48	-13	-18	-75	72	-16	23	24	3	-33	-33	-16	-21	-23	-33	22	14	-8	-39	-39	-13	-13	90	33	-9	-33	-33	17	17	-4	-5	-59	-20	-18	-31	8	12	12	-19	-2	-23	5	5	29	57	-11	-19	1	-30	88	5	-14	-34	-34	-19	-19	-76	-6	30	30	-44	-44	83	22	22	-34	-34	-25	-3	-3	-16	-16	-12	12	12	0	0	17	21	21	-57	-57	-33	-1	-24	-24	-9	-9	14	12	37	-8	-8	-1	37	52	52	-55	-55	
-1	-1	-1	0	-3	-3	3	3	1	-11	-11	0	0	-6	7	7	7	-7	-7	11	-9	-9	1	1	5	-2	-2	-2	-1	-1	1	-9	-9	5	5	-1	-4	-4	-6	-6	3	5	-2	-2	5	5	-5	-8	-3	5	5	-2	-2	-2	-7	-7	-8	-8	0	0	2	2	3	1	1	-2	-2	3	0	0	-4	-4	2	-10	-1	10	0	0	1	0	-2	-4	-4	-5	-5	-6	-5	-5	0	0	2	-3	-3	-6	-3	-2	6	2	2	-8	-8	-5	-7	-3	1	-5	-5	11	-4	-2	-6	-6	-1	-2	1	-6	4	-3	3	-1	-1	-1	-1	4	-5	-4	-8	-8	2	2	4	-6	-2	-1	-2	-4	-1	-4	-4	2	2	-1	5	5	-1	5	-6	-2	-7	1	1	0	1	-1	-1	0	0	-8	-1	0	0	-7	-7	-3	-5	-5	7	7	-3	4	4	-2	-2	-1	2	2	0	0	2	-4	-4	-3	-3	-3	-5	-2	-2	-11	-11	6	-6	-1	-2	-2	-2	4	3	3	-7	-7	
-9	-9	-9	4	-4	-4	-4	-4	22	-6	-6	-21	-21	3	14	14	14	-27	-27	12	-2	-2	1	1	1	5	5	5	1	1	4	-7	-7	-11	-11	1	-16	-16	-2	-2	-4	-6	6	6	11	11	-1	-12	4	6	6	-1	-2	5	-7	-7	-10	-10	1	1	-2	-2	8	-2	15	-9	-9	5	-14	-5	-20	-20	-3	-3	2	0	3	3	-8	-1	-4	4	4	-8	-8	-2	3	3	-16	-16	7	-4	1	-5	7	0	1	7	7	-8	-8	-3	-6	-4	7	-23	-5	23	-8	-11	-3	-3	-1	-2	7	1	-4	-6	8	-5	-5	-4	-4	3	-9	-10	-4	-4	1	1	14	-10	3	1	-1	1	-10	5	5	6	-6	-8	5	5	-2	2	-5	6	-8	2	-13	-3	9	3	3	-4	-4	7	-1	-6	-6	-6	-6	-2	-7	-7	5	5	0	-8	-8	1	1	5	-3	-3	2	2	4	-13	-13	-1	-1	2	-3	-4	-4	-14	-14	4	-2	-1	-1	-1	-2	0	-1	-1	-13	-13	
14	14	14	10	0	0	2	2	-5	-13	-13	-12	-12	-6	13	13	13	-4	-4	-2	11	11	-9	-9	-5	-4	-4	-4	0	0	5	-24	-24	1	1	7	14	14	-2	-2	12	-10	14	14	17	17	-27	4	11	10	10	-25	13	4	-16	-16	-15	-15	0	0	-4	-4	0	16	17	19	19	2	-32	-13	-1	-1	11	3	3	-4	9	9	4	-2	-17	-7	-7	-10	-10	0	4	4	-11	-11	14	-26	2	2	20	-7	10	-37	-37	-9	-9	-6	-5	10	25	-19	-2	15	-14	4	-1	-1	-8	1	-1	9	-25	6	2	4	4	-2	-2	1	-1	5	-19	-19	4	4	12	-8	10	5	4	2	-1	1	1	-3	-17	-30	7	7	7	-2	1	-3	-33	7	3	-6	5	5	5	-12	-12	16	-2	3	3	9	9	4	-15	-15	12	12	-12	-13	-13	2	2	1	5	5	-11	-11	1	3	3	5	5	9	-9	30	30	-27	-27	-17	11	-16	14	14	-12	4	1	1	-9	-9	
111	111	111	54	53	53	-122	-122	-12	-91	-91	30	30	26	35	35	35	31	31	-54	127	127	-2	-2	-30	4	4	4	-52	-52	67	-115	-115	-26	-26	-95	91	91	36	36	36	-34	54	54	85	85	-114	-16	42	17	17	-38	13	-20	-25	-25	-21	-21	-6	-6	19	19	15	-22	67	16	16	26	-128	-3	58	58	8	41	-18	-63	69	69	45	-71	-69	8	8	-5	-5	3	15	15	-93	-93	14	-120	35	-32	79	-67	66	-127	-127	-6	-6	49	70	-3	48	-44	26	-37	-56	27	22	22	-27	-11	30	62	-62	29	-1	-12	-12	21	21	15	18	22	9	9	7	7	-98	-8	5	44	-30	24	74	21	21	-18	-43	28	-3	-3	34	-29	6	-76	-60	-96	21	4	-23	61	61	-35	-35	69	61	-4	-4	82	82	25	19	19	1	1	-79	-28	-28	-4	-4	-32	-31	-31	38	38	-20	58	58	-37	-37	17	-41	32	32	35	35	2	118	44	-6	-6	-128	-24	0	0	34	34	
-10	-10	-10	23	-9	-9	-9	-9	-8	-1	-1	-7	-7	11	38	38	38	-5	-5	10	-6	-6	0	0	-24	7	7	7	13	13	35	-17	-17	-17	-17	-30	23	23	-88	-88	27	-1	13	13	18	18	5	17	13	11	11	24	7	-1	3	3	-29	-29	-22	-22	10	10	3	22	8	8	8	12	-8	-9	-6	-6	10	2	-4	3	13	13	-48	10	-22	1	1	-9	-9	9	-12	-12	24	24	23	-17	16	28	-5	-23	13	-55	-55	-16	-16	1	4	18	27	34	-5	-2	-48	-6	-9	-9	10	0	-5	7	-12	-27	-19	5	5	8	8	0	23	-6	38	38	-4	-4	-15	-26	32	13	-5	-27	-9	5	5	7	5	-67	19	19	8	19	10	-20	-25	-11	31	-3	-9	5	5	1	1	-11	17	7	7	-19	-19	0	-9	-9	2	2	-5	5	5	11	11	9	-4	-4	-6	-6	18	5	5	-14	-14	17	16	0	0	-30	-30	-19	12	9	17	17	-33	-29	2	2	-31	-31	
-6	-6	-6	8	-6	-6	7	7	0	-12	-12	11	11	4	18	18	18	-11	-11	2	-26	-26	-2	-2	11	-11	-11	-11	-1	-1	-8	-11	-11	-4	-4	-5	-6	-6	-13	-13	1	9	11	11	3	3	6	0	9	0	0	0	3	-2	0	0	-8	-8	2	2	2	2	2	0	-8	12	12	3	9	-9	3	3	-3	-11	-1	4	5	5	-11	2	-8	3	3	-10	-10	1	3	3	-3	-3	-1	5	-3	0	-6	-5	-1	7	7	-7	-7	-20	-5	-5	18	-12	-1	8	-5	-2	-10	-10	13	-19	5	-2	-1	-2	4	9	9	-8	-8	0	-6	-4	8	8	1	1	9	-11	12	7	4	-10	-9	-6	-6	-3	5	-27	9	9	4	8	6	1	-26	-4	2	1	11	6	6	4	4	1	-7	-1	-1	-4	-4	-5	-10	-10	2	2	-8	5	5	6	6	6	1	1	-2	-2	1	-3	-3	-15	-15	-12	-6	13	13	-15	-15	0	-8	15	-13	-13	-21	-3	13	13	13	13	
-34	-34	-34	15	16	16	-17	-17	12	-14	-14	73	73	-21	-9	-9	-9	-27	-27	14	-61	-61	18	18	29	21	21	21	36	36	-12	-26	-26	2	2	-21	-24	-24	-7	-7	28	2	6	6	-30	-30	19	52	33	-16	-16	-19	-20	-8	-8	-8	29	29	32	32	-9	-9	-16	-3	-27	35	35	6	30	-53	24	24	-51	-2	8	-5	14	14	-8	-4	-7	17	17	-34	-34	9	-2	-2	9	9	-39	-28	5	27	-21	0	-15	33	33	19	19	-79	-13	-34	41	-7	-15	61	4	23	-35	-35	43	-16	0	7	14	-26	13	12	12	1	1	16	3	-14	38	38	-13	-13	-6	-9	-4	-7	6	1	-21	4	4	-48	2	-52	39	39	20	29	20	57	-47	-9	11	-8	26	-1	-1	11	11	29	-19	-18	-18	5	5	10	-85	-85	9	9	-7	20	20	9	9	23	0	0	6	6	27	19	19	-35	-35	-69	-22	51	51	-40	-40	18	-56	32	-16	-16	-79	-5	38	38	20	20	
Trial:9
10	35	-6	-52	8	-1	-16	-16	-13	-13	30	-8	-8	-21	-21	30	30	62	62	-20	-20	-5	13	13	-17	-17	-13	-21	-6	2	2	11	11	-29	-29	-21	-21	-3	-1	-1	4	4	8	-25	-24	1	1	23	0	-12	-12	1	-7	19	12	12	7	7	-8	-10	-7	-5	-5	-13	-23	57	-7	-7	-12	0	-66	-66	-37	-37	23	4	-4	75	43	-14	-5	8	10	10	10	-2	10	-7	0	0	-3	-3	-1	12	12	-6	-6	-4	15	5	5	-3	-3	15	-15	-15	-8	-8	-18	-1	-4	-1	-1	1	1	20	20	9	9	-4	3	3	3	3	0	-1	-1	7	7	-6	-18	-9	-9	16	29	14	-15	-15	-14	-14	-13	-6	-2	-14	-14	23	9	-13	5	3	3	9	9	-40	-40	32	32	-2	-30	4	-34	-34	-7	-7	-8	-8	-18	-18	6	5	15	-10	-23	-19	-15	37	16	0	0	6	6	18	18	-15	-15	1	1	-6	14	14	-28	-28	-28	-33	9	9	15	15	0	6	
1	-4	4	-3	-2	1	-1	-1	-2	-2	5	-6	-6	-4	-4	5	5	0	0	3	3	2	-4	-4	-4	-4	-4	-2	0	5	5	-6	-6	1	1	1	1	-8	3	3	1	1	1	-5	-1	-2	-2	-3	0	0	0	-2	-9	2	-2	-2	1	1	11	-6	-1	-6	-6	1	-4	-2	-6	-6	-3	2	-8	-8	-5	-5	2	4	2	6	-3	1	-4	0	0	0	0	3	-2	-2	5	5	-6	-6	-2	3	3	0	0	-4	0	-4	-4	0	0	2	-8	-8	-2	-2	-2	-3	2	-3	-3	0	0	10	10	-4	-4	3	-1	-1	1	1	-4	-1	-1	-9	-9	2	-5	-2	-2	-4	-5	3	-3	-3	-11	-11	-3	-1	7	-4	-4	2	6	-7	0	-5	-5	-2	-2	1	1	1	1	0	-4	-6	-5	-5	-4	2	5	5	-6	-6	2	-3	5	-1	-5	3	-10	4	1	2	2	0	0	-1	-1	-2	-2	5	5	-1	3	3	-6	-6	-6	2	2	2	-4	-4	-2	1	
7	-16	4	1	-1	-3	6	6	-3	-3	-5	-13	-13	0	0	6	6	-3	-3	31	31	0	0	0	-5	-5	-6	1	-25	3	3	-1	-1	2	2	-7	-7	-3	6	6	4	4	4	0	-6	3	3	9	-1	1	1	3	-12	7	-23	-23	-7	-7	-1	6	-1	-1	-1	-1	3	8	-1	-1	0	1	3	3	-9	-9	-16	9	-1	2	-4	10	-5	-1	0	0	0	6	-11	5	2	2	-16	-16	6	17	17	-5	-5	-16	-2	-3	-3	-2	-2	1	-8	-8	-4	-4	-16	-8	9	1	1	-15	-15	-5	-5	5	5	16	-5	-5	4	4	-7	0	1	-1	-1	-1	-3	2	2	4	-3	5	-4	-4	-20	-20	-1	14	-2	-1	-1	8	5	-27	7	-11	-11	-12	-12	12	12	3	3	-2	-1	-5	-30	-30	0	17	3	3	-19	-19	16	-4	7	0	1	4	-11	2	-10	10	10	1	1	-8	-8	4	4	11	11	6	-1	-1	-22	-22	-22	13	1	1	-12	-12	1	10	
1	-28	11	8	-8	20	-8	-8	-18	-18	-7	-16	-16	-1	-1	9	9	2	2	18	18	3	-4	-4	-2	-2	-33	11	-14	7	7	1	1	7	7	7	7	-3	0	0	3	3	5	15	-6	10	10	1	2	1	1	8	-15	-13	-22	-22	-6	-6	10	12	4	-10	-10	-3	9	-12	5	5	-14	6	13	13	-2	-2	2	-9	-13	10	2	7	-2	13	19	19	19	10	-1	-17	1	1	7	7	-6	2	2	2	2	-1	5	-15	-15	-17	-17	14	-3	-3	13	13	10	-25	-15	-1	-1	-7	-7	-9	-9	-9	-9	-4	19	19	-8	-8	-19	-1	8	4	4	-10	5	3	3	-2	-10	-2	5	5	-11	-11	4	6	17	-10	-10	8	9	-13	10	-1	-1	-17	-17	1	1	-4	-4	-4	6	-9	-16	-16	-17	-2	26	26	14	14	7	-13	-18	12	-8	6	-30	9	-1	3	3	-4	-4	1	1	11	11	-7	-7	13	5	5	-17	-17	-17	4	-4	-4	-9	-9	-3	-7	
51	-101	43	51	-77	26	5	5	-39	-39	57	-1	-1	-71	-71	-14	-14	12	12	41	41	2	49	49	-15	-15	-54	7	-93	-26	-26	-29	-29	87	87	33	33	7	-74	-74	25	25	8	47	-32	36	36	3	33	86	86	-18	-27	-14	-21	-21	-35	-35	-12	89	40	14	14	-40	25	-46	42	42	69	-33	-18	-18	-45	-45	73	7	0	24	15	-43	44	89	111	111	111	-53	-1	-53	-13	-13	70	70	-17	5	5	45	45	-12	3	-68	-68	31	31	28	-44	-44	121	121	-26	-101	-50	49	49	-16	-16	-29	-29	-56	-56	-4	-23	-23	48	48	-84	-29	49	33	33	-3	35	33	33	51	-63	-63	49	49	-32	-32	62	116	0	35	35	24	-33	-6	-8	-56	-56	24	24	-38	-38	-64	-64	-4	-26	-16	29	29	-80	39	32	32	103	103	30	-43	-116	41	41	-11	-84	60	-5	37	37	-66	-66	24	24	81	81	-47	-47	42	82	82	-96	-96	-96	98	19	19	25	25	-13	-12	
-29	6	-17	24	-4	-31	6	6	-9	-9	-5	4	4	3	3	16	16	2	2	-10	-10	11	5	5	-7	-7	-30	4	-22	-8	-8	-9	-9	28	28	19	19	-54	7	7	-1	-1	19	7	-4	8	8	12	10	-7	-7	13	-15	-17	-18	-18	-18	-18	18	11	16	-17	-17	-4	10	4	15	15	-7	15	26	26	1	1	-52	-10	-1	-10	-10	6	-9	-18	53	53	53	-2	13	-19	16	16	-4	-4	-7	-31	-31	27	27	10	7	-8	-8	5	5	0	12	12	13	13	-3	-19	-2	0	0	-8	-8	3	3	-20	-20	1	10	10	-5	-5	-27	-9	11	-1	-1	9	-16	-17	-17	-40	5	-3	4	4	-8	-8	18	10	-17	-3	-3	7	15	-10	6	-41	-41	8	8	11	11	-14	-14	16	-2	4	3	3	-89	22	2	2	21	21	-6	-13	1	12	10	22	-23	23	-16	9	9	7	7	-23	-23	12	12	-13	-13	16	18	18	-10	-10	-10	-30	11	11	-12	-12	0	13	
-25	-9	14	-2	14	13	4	4	-2	-2	-1	5	5	-3	-3	7	7	-2	-2	-1	-1	5	0	0	-2	-2	-10	-2	2	6	6	-10	-10	-4	-4	0	0	-8	-6	-6	7	7	8	-1	-3	-2	-2	2	-1	0	0	2	-2	5	-2	-2	5	5	-9	-3	4	-11	-11	-7	16	-11	-10	-10	-2	0	20	20	1	1	-4	-12	1	5	3	-2	-15	1	3	3	3	1	-7	-18	6	6	5	5	1	9	9	5	5	0	-3	-3	-3	0	0	5	-4	-4	-14	-14	-1	-7	7	-13	-13	-1	-1	-7	-7	1	1	5	3	3	0	0	-9	0	-1	4	4	1	4	-7	-7	-16	7	3	-7	-7	-11	-11	5	16	10	6	6	3	2	-17	-2	5	5	-4	-4	-4	-4	-3	-3	7	-5	-2	-9	-9	-6	1	2	2	6	6	-13	-12	16	-7	-3	2	-14	0	8	-7	-7	-14	-14	2	2	1	1	-6	-6	4	8	8	-5	-5	-5	-9	-2	-2	-4	-4	3	5	
-23	4	7	-31	26	33	-1	-1	7	7	-36	40	40	-5	-5	6	6	-4	-4	-26	-26	19	-9	-9	10	10	-6	-4	51	7	7	-18	-18	-23	-23	-8	-8	-29	-4	-4	33	33	27	26	-15	-17	-17	14	36	-14	-14	18	-1	28	-2	-2	24	24	-47	-40	-3	-25	-25	-22	55	-4	-14	-14	2	-29	98	98	27	27	-17	-10	-6	8	-38	-6	-26	-2	5	5	5	2	-13	-33	9	9	3	3	16	35	35	-17	-17	-19	-6	31	31	3	3	-20	7	7	-35	-35	2	-11	51	-37	-37	-6	-6	-27	-27	-28	-28	23	6	6	1	1	-29	-27	1	3	3	34	3	-18	-18	-9	-13	-2	-4	-4	2	2	4	69	3	43	43	3	5	-36	-2	3	3	27	27	-15	-15	-20	-20	-1	-8	-13	-34	-34	7	2	-4	-4	-4	-4	-51	-4	29	-5	-13	-1	-3	-12	34	-7	-7	-13	-13	15	15	21	21	-29	-29	-1	15	15	-4	-4	-4	-54	13	13	-17	-17	12	3	
Trial:10
-40	-23	11	9	8	37	42	1	1	-8	-8	59	-4	-22	18	18	-41	57	-98	3	3	-43	6	34	0	45	11	-48	94	-22	25	25	7	7	22	-28	-19	31	31	46	9	-19	26	-67	-67	3	44	-13	19	19	-8	-10	-11	3	3	-30	107	-32	-30	-37	-37	-48	-21	-20	73	73	-13	11	38	38	-12	-12	-15	-2	-19	-19	24	24	67	-47	-30	11	11	-10	-37	2	31	-30	-22	-34	-23	10	-7	-7	19	15	-39	11	0	101	-45	8	23	53	53	53	9	84	-23	-23	69	-3	-128	-62	-14	-14	-9	-9	50	-58	-101	-7	-7	-7	-7	-2	-2	-47	-47	22	-33	49	17	17	-5	-5	8	8	-20	-20	-34	-8	-8	-1	-1	60	19	19	26	26	53	-34	0	0	-19	-19	24	13	-36	-36	55	55	22	22	-45	-15	-15	23	49	-1	-1	3	3	-15	-21	-21	18	18	-27	11	-19	-19	0	4	4	-11	12	-4	-4	-49	9	-5	16	8	8	-15	-13	-13	19	19	
-7	-2	1	-6	4	5	3	0	0	2	2	-4	2	-4	-5	-5	-8	1	-12	3	3	-14	0	6	3	4	4	-2	-2	-4	-3	-3	4	4	-1	-7	-1	3	3	1	3	2	-7	-3	-3	-1	5	-2	-2	-2	-5	-3	1	1	1	3	6	1	-4	-5	-5	-4	-17	-2	-2	-2	4	-1	7	7	-4	-4	-2	-11	3	3	2	2	-12	1	1	3	3	-2	-3	-2	-1	-1	-3	1	-1	-8	4	4	0	-2	-4	-2	-1	2	5	2	4	-3	-3	-3	-4	12	-5	-5	5	-1	-3	-3	-2	-2	-3	-3	2	-12	-9	4	4	-9	-9	-5	-5	-3	-3	1	-3	-2	-2	-2	3	3	0	0	2	2	-6	-1	-1	0	0	6	0	0	3	3	-2	-4	-1	-1	-4	-4	-1	0	-3	-3	3	3	-1	-1	-9	3	3	7	1	-4	-4	-3	-3	-1	-9	0	-5	-5	0	-9	-1	-1	-4	-2	0	-1	-1	-1	-1	-4	1	-1	6	-1	-1	-2	2	2	1	1	
8	4	7	-4	3	1	-10	14	14	-7	-7	-3	5	-6	-5	-5	0	-2	-3	5	5	-17	-9	8	15	-5	-3	-4	-1	4	-5	-5	3	3	0	-6	5	12	12	-20	4	5	-9	1	1	-4	2	-3	1	1	1	-7	0	-1	-1	6	-4	-8	4	-11	-11	-1	-13	3	-7	-7	-15	-4	-5	-5	0	0	6	-12	4	4	-11	-11	-2	9	3	3	3	4	-1	0	7	0	-5	4	3	-6	3	3	0	-7	-5	5	1	-4	6	11	-1	-5	-5	-5	-6	3	1	1	-8	0	-1	8	2	2	-5	-5	4	-6	2	-2	-2	-22	-22	5	5	2	2	-2	-4	-10	-16	-16	3	3	-1	-1	8	8	13	3	3	2	2	-2	6	6	1	1	7	-2	-6	-6	-11	-11	-7	0	3	3	-4	-4	-3	-3	-6	8	8	-2	-2	-9	-9	-1	-1	5	-14	2	-4	-4	-1	-6	4	4	-6	-8	6	-14	-5	-3	-3	-8	0	-7	10	5	5	8	-4	-4	-4	-4	
14	13	8	10	-2	0	22	-4	-4	1	1	-6	0	-12	-6	-6	-25	-5	1	18	18	-49	-12	3	-12	2	5	0	23	5	5	5	-3	-3	-5	-12	24	6	6	-10	27	-13	3	-3	-3	-21	18	8	32	32	-6	-5	-3	0	0	20	13	10	-5	-25	-25	-6	-18	-4	-12	-12	-26	9	8	8	-10	-10	12	-8	26	26	-2	-2	-13	19	-2	-16	-16	-18	-19	4	2	0	-2	7	5	-13	11	11	14	-21	-36	-12	33	-8	18	16	11	-18	-18	-18	-9	-2	0	0	-18	2	7	1	13	13	-26	-26	9	-2	8	-14	-14	-21	-21	-12	-12	16	16	-8	-20	2	-10	-10	0	0	-4	-4	-6	-6	-11	15	15	12	12	-21	1	1	-15	-15	-12	2	5	5	-8	-8	7	10	-2	-2	-1	-1	-8	-8	-4	3	3	9	4	-9	-9	10	10	12	-5	1	14	14	-1	3	-3	-3	8	-14	-2	0	4	-1	-1	-10	-4	0	14	-12	-12	-21	-12	-12	7	7	
60	22	90	85	46	-28	70	-39	-39	2	2	54	-41	-56	14	14	-81	39	4	57	57	-124	-34	0	-29	46	16	-34	111	-37	10	10	107	107	-53	-33	11	-45	-45	6	96	-23	-7	64	64	-87	-11	127	81	81	-54	2	2	-46	-46	39	94	59	-116	-14	-14	3	61	48	26	26	-58	3	-33	-33	10	10	-43	56	32	32	17	17	-62	86	11	-4	-4	-44	-85	54	-24	17	28	109	-25	-78	-54	-54	76	-11	-100	-21	26	44	64	-18	27	-53	-53	-53	17	17	-55	-55	1	5	-116	-69	54	54	-57	-57	78	21	64	3	3	-57	-57	-62	-62	-47	-47	-25	20	112	-10	-10	8	8	-14	-14	-88	-88	87	-5	-5	39	39	4	-9	-9	-100	-100	25	73	0	0	-46	-46	45	14	-92	-92	56	56	0	0	-37	38	38	-22	-9	-6	-6	12	12	10	127	-2	69	69	-19	79	-27	-27	33	73	-44	2	22	-3	-3	-77	5	78	-42	-29	-29	-22	-55	-55	-21	-21	
29	15	20	22	21	0	24	10	10	-41	-41	6	8	6	-7	-7	-7	6	-48	8	8	-58	3	23	5	19	-10	-36	10	20	27	27	1	1	-23	-3	20	-2	-2	12	-15	-6	-15	15	15	16	-8	-3	23	23	10	18	2	-19	-19	15	5	-6	-8	-29	-29	-19	-51	2	-9	-9	0	-13	26	26	-7	-7	26	-86	20	20	-10	-10	-15	6	-11	-5	-5	3	19	15	16	-11	4	-19	-61	2	16	16	7	-19	-29	7	19	19	-32	13	-1	1	1	1	-11	-42	10	10	-38	20	-6	18	13	13	-4	-4	7	18	10	2	2	-12	-12	-26	-26	19	19	-7	7	-8	-11	-11	20	20	-20	-20	9	9	-7	1	1	9	9	7	-24	-24	5	5	1	5	-2	-2	3	3	6	-9	8	8	-10	-10	2	2	-22	2	2	3	12	-2	-2	9	9	14	-14	-8	-14	-14	3	23	-9	-9	-17	-1	6	-26	24	-14	-14	-7	7	33	-10	-9	-9	-20	3	3	4	4	
-2	7	1	-2	-4	5	-10	7	7	1	1	-8	4	0	-5	-5	-10	-1	3	5	5	-10	-3	4	8	-3	6	-4	-9	-4	0	0	4	4	11	-4	-21	12	12	11	7	-3	1	6	6	-5	-4	6	-2	-2	-8	-2	3	-6	-6	4	-12	7	2	-8	-8	10	-18	7	-2	-2	4	-8	20	20	-8	-8	6	-19	-2	-2	-2	-2	-6	9	-11	6	6	-2	0	-1	4	-8	0	-12	-4	-2	9	9	-7	-1	-14	-2	11	8	11	13	4	-3	-3	-3	-15	3	-6	-6	-25	5	-1	5	-3	-3	-1	-1	1	-6	10	5	5	-11	-11	-10	-10	9	9	-5	5	-6	-6	-6	-5	-5	-2	-2	2	2	-9	-15	-15	6	6	-8	-2	-2	4	4	3	-13	12	12	-6	-6	2	-6	15	15	-5	-5	-2	-2	-9	-3	-3	-2	-6	1	1	4	4	5	-19	3	-7	-7	3	-3	-10	-10	-3	-18	-6	-4	12	-3	-3	-12	3	-12	8	6	6	-7	1	1	7	7	
-11	34	-37	15	-19	3	-79	11	11	29	29	-6	16	-5	9	9	-39	19	2	5	5	-9	-83	8	5	6	33	12	-11	26	-5	-5	1	1	16	11	-29	37	37	44	14	2	38	-12	-12	-25	17	32	14	14	-95	-26	6	1	1	4	-14	13	-4	-21	-21	17	-39	13	36	36	-18	-6	35	35	4	4	17	-21	-31	-31	10	10	2	8	-15	-29	-29	-11	-8	-4	30	5	-7	-16	-18	10	0	0	-75	-5	-41	-10	25	25	41	49	40	24	24	24	9	23	-34	-34	-24	10	7	10	49	49	-5	-5	17	-18	4	2	2	-36	-36	-15	-15	-15	-15	-7	-8	-1	2	2	-16	-16	41	41	-3	-3	-34	-58	-58	46	46	-11	0	0	15	15	6	-47	52	52	-25	-25	-6	-4	40	40	8	8	-12	-12	-42	-13	-13	26	-2	21	21	-4	-4	-9	-18	-3	-12	-12	16	-6	-16	-16	7	-17	-41	1	27	-12	-12	-43	-1	-56	18	25	25	0	-24	-24	6	6	
Trial:11
-11	-31	-31	-51	-51	6	6	-33	1	-5	-12	-12	25	-32	8	8	-8	-8	16	3	3	-11	-11	20	-103	34	78	-40	-40	5	88	20	-16	-16	-83	-93	36	102	35	35	17	19	-2	26	26	-22	35	17	-36	-36	39	13	-17	-17	-4	-4	14	-63	-4	-57	-57	3	-7	43	43	-41	-41	28	28	8	35	35	-39	-39	-18	13	-21	-21	-43	-43	-16	29	29	24	21	21	-20	22	22	-39	-39	53	53	-42	-42	19	19	-13	20	20	46	46	-8	-8	3	3	-6	-6	55	15	15	46	-42	-42	-10	-32	-32	8	8	-4	-55	-55	-27	-19	-10	-36	-14	-14	-25	-25	11	11	2	77	77	-2	-2	-19	-19	-19	-11	60	12	-35	-3	-3	-3	-8	-7	5	-11	-11	-31	-31	-1	-1	4	4	8	8	-20	6	6	6	6	-2	16	16	14	14	-14	-14	-19	-19	-43	-43	4	5	5	15	15	19	-55	-55	8	8	14	14	3	3	14	14	6	4	4	7	7	4	-17	-17	
3	-3	-3	-2	-2	-3	-3	-10	8	1	1	1	3	3	-1	-1	3	3	4	-4	-4	-2	-2	-1	-10	0	3	-4	-4	7	6	0	-3	-3	-2	4	1	1	-4	-4	-2	-1	-2	2	2	0	-7	-2	5	5	2	-1	-6	-6	-4	-4	-2	-4	-7	-8	-8	5	-3	3	3	-7	-7	0	0	3	-5	-5	-1	-1	-1	0	-3	-3	3	3	1	-1	-1	-3	-2	-2	-6	2	2	0	0	6	6	1	1	0	0	-4	0	0	-1	-1	-4	-4	4	4	-6	-6	-4	-5	-5	4	-7	-7	3	0	0	4	4	-4	-8	-8	2	-4	-1	-1	-5	-5	-8	-8	5	5	7	0	0	1	1	-4	-4	-4	0	-11	-1	3	-1	-1	-1	0	-1	-1	1	1	2	2	0	0	7	7	2	2	-13	6	6	-3	-3	-1	-2	-2	0	0	-2	-2	-1	-1	1	1	-4	-3	-3	4	4	-5	-1	-1	-3	-3	0	0	-2	-2	3	3	3	0	0	-5	-5	6	-4	-4	
1	-8	-8	-2	-2	-4	-4	-2	15	-6	2	2	0	4	-1	-1	6	6	13	0	0	-5	-5	-7	1	-8	3	-7	-7	6	-2	-18	3	3	1	7	1	-11	-5	-5	-3	11	-3	3	3	6	-6	-3	6	6	5	11	-6	-6	-4	-4	-6	0	-3	-7	-7	4	-1	11	11	-2	-2	1	1	-5	-10	-10	1	1	-3	-4	-2	-2	0	0	11	-6	-6	3	4	4	-1	-2	-2	1	1	2	2	1	1	3	3	2	1	1	-12	-12	-3	-3	-3	-3	-4	-4	-21	2	2	4	-2	-2	2	-2	-2	5	5	-3	0	0	-2	8	-3	0	-5	-5	-21	-21	4	4	8	-4	-4	1	1	4	4	4	4	-23	-7	7	-5	-5	-5	-6	9	-1	5	5	1	1	5	5	7	7	-4	-4	-3	0	0	-6	-6	7	-1	-1	3	3	3	3	0	0	-4	-4	-1	-1	-1	1	1	-11	-9	-9	-3	-3	5	5	-2	-2	8	8	3	-6	-6	-5	-5	10	-1	-1	
-2	-27	-27	3	3	6	6	-6	14	26	6	6	-6	-1	-10	-10	28	28	-11	8	8	-13	-13	-15	-15	-20	10	5	5	14	-1	-9	8	8	11	4	3	-21	-10	-10	-9	-13	18	-5	-5	3	-34	-16	-3	-3	7	15	3	3	7	7	-1	13	11	-9	-9	-7	-11	7	7	-4	-4	-3	-3	-35	13	13	15	15	-25	-5	6	6	-10	-10	11	-10	-10	9	28	28	16	-8	-8	6	6	-13	-13	2	2	2	2	3	-11	-11	-20	-20	-15	-15	2	2	-4	-4	-15	11	11	8	13	13	-12	2	2	-6	-6	5	11	11	-1	15	-17	25	-9	-9	-5	-5	-18	-18	13	-3	-3	-18	-18	4	4	4	-3	-30	-9	17	5	5	5	-4	-19	-20	3	3	21	21	-4	-4	8	8	-31	-31	-14	11	11	-2	-2	17	4	4	-11	-11	1	1	-9	-9	10	10	-8	-24	-24	6	6	-30	10	10	13	13	-8	-8	26	26	7	7	-6	9	9	-28	-28	19	-10	-10	
-46	-24	-24	-44	-44	-4	-4	28	-27	63	-36	-36	11	-92	-10	-10	101	101	-23	27	27	-75	-75	12	-65	3	-29	112	112	20	13	5	-108	-108	101	57	-7	-41	14	14	2	-80	50	48	48	-55	-76	-107	23	23	-21	9	20	20	48	48	-20	20	91	81	81	-77	-88	-34	-34	63	63	-85	-85	-106	124	124	21	21	-36	-6	61	61	-108	-108	-13	20	20	37	75	75	43	-32	-32	72	72	-80	-80	-84	-84	13	13	100	-69	-69	-37	-37	-105	-105	111	111	17	17	-46	38	38	97	80	80	-44	69	69	28	28	-34	2	2	-8	79	10	54	-12	-12	52	52	-117	-117	44	-67	-67	-128	-128	75	75	75	-6	-126	-57	53	13	13	13	115	-45	-51	-16	-16	83	83	14	14	-28	-28	-99	-99	-42	22	22	44	44	34	23	23	-21	-21	-24	-24	-20	-20	45	45	-32	11	11	-6	-6	-64	53	53	80	80	-58	-58	93	93	10	10	41	-16	-16	-53	-53	-63	-67	-67	
-21	-31	-31	2	2	-8	-8	-14	11	-14	15	15	11	-12	1	1	12	12	13	2	2	5	5	-7	-9	5	19	2	2	9	5	11	-21	-21	-10	-37	-5	8	-13	-13	-43	-5	11	-8	-8	-22	-18	9	34	34	5	-14	-1	-1	26	26	4	-1	7	-21	-21	49	-14	-2	-2	-11	-11	1	1	-40	-10	-10	13	13	-9	7	4	4	-25	-25	10	2	2	27	-17	-17	-10	6	6	15	15	-5	-5	2	2	0	0	9	-3	-3	-19	-19	-18	-18	17	17	-9	-9	-6	-2	-2	-13	1	1	-8	4	4	13	13	27	-22	-22	21	-21	17	8	23	23	-23	-23	-15	-15	12	-7	-7	-5	-5	6	6	6	-4	-22	-31	0	-9	-9	-9	18	10	2	-1	-1	26	26	-23	-23	-1	-1	-5	-5	-30	16	16	10	10	0	26	26	13	13	-7	-7	3	3	-5	-5	-14	-19	-19	-2	-2	-12	3	3	13	13	-2	-2	4	4	7	7	-21	2	2	-22	-22	15	19	19	
-14	-4	-4	15	15	-2	-2	1	7	-11	17	17	1	12	-2	-2	8	8	11	2	2	-2	-2	-19	-3	7	-2	1	1	7	-2	-4	-11	-11	7	11	8	-20	-10	-10	-10	5	8	-1	-1	-9	0	-8	10	10	-34	-9	5	5	3	3	5	-30	-7	-7	-7	-2	3	0	0	-23	-23	9	9	-4	6	6	7	7	-1	-11	9	9	2	2	16	2	2	2	-10	-10	-3	-5	-5	5	5	-2	-2	9	9	-14	-14	-2	4	4	6	6	-11	-11	4	4	-7	-7	10	-13	-13	0	-8	-8	1	-7	-7	5	5	2	-6	-6	6	-6	12	-2	4	4	-5	-5	-7	-7	15	-8	-8	2	2	5	5	5	-9	-8	-10	6	-8	-8	-8	3	-1	11	-5	-5	4	4	-12	-12	4	4	3	3	-9	7	7	20	20	-8	4	4	3	3	-1	-1	-7	-7	14	14	-10	-20	-20	2	2	3	7	7	0	0	-4	-4	7	7	0	0	-11	0	0	-9	-9	12	-2	-2	
-19	22	22	13	13	16	16	2	-6	-18	34	34	43	2	-2	-2	-12	-12	11	-20	-20	11	11	-32	-23	64	-1	42	42	-6	7	-12	-40	-40	-36	15	33	-16	6	6	-9	20	9	3	3	-36	-8	6	-9	-9	-81	-19	3	3	1	1	14	-59	-2	8	8	-3	8	12	12	-74	-74	26	26	-6	43	43	-18	-18	26	-49	55	55	5	5	24	1	1	-20	7	7	-13	-1	-1	-20	-20	-9	-9	63	63	-35	-35	3	-15	-15	45	45	-41	-41	-2	-2	-10	-10	64	-28	-28	-9	-33	-33	7	-25	-25	-39	-39	21	-19	-19	3	-24	11	40	-1	-1	1	1	-22	-22	27	17	17	-2	-2	-8	-8	-8	17	-26	-8	7	12	12	12	1	-18	17	-18	-18	8	8	-50	-50	40	40	30	30	-4	12	12	28	28	-24	27	27	19	19	-9	-9	-18	-18	22	22	-1	-48	-48	4	4	62	7	7	-49	-49	-8	-8	5	5	-8	-8	-21	6	6	-7	-7	-1	9	9	
Trial:12
62	62	3	3	-17	-75	-6	5	5	5	9	-13	-15	-81	-81	0	0	70	32	32	-22	-22	75	75	-117	-117	-30	-30	1	70	70	3	8	8	-20	11	11	-17	-17	26	-13	-13	25	25	35	39	-43	-43	-15	-15	-21	-31	-31	-15	-11	-11	6	-57	-57	28	28	50	-44	-20	-20	-24	-24	34	9	37	-21	-21	75	75	-120	-120	2	2	25	23	23	87	87	-6	-48	74	7	-98	-98	12	-74	18	44	44	37	37	52	-125	-128	-128	-64	-64	-60	-60	31	-13	-13	19	-36	-36	31	31	-10	-10	85	85	33	33	-21	28	28	62	62	-79	102	102	-76	-76	-25	-25	-29	-29	-4	-89	27	-105	-89	33	33	109	55	55	-58	-58	-46	-46	-5	-5	-47	-47	59	-16	-52	-61	-61	-26	127	127	0	127	-40	-40	-29	-29	-9	-9	88	-64	-34	6	6	42	89	-12	-116	-127	-127	-19	-19	2	2	7	7	30	30	41	44	44	-47	-47	70	-98	-98	-32	-32	4	4	18	18	-16	
2	2	2	2	3	-12	2	0	0	0	-3	-2	-7	-3	-3	-2	-2	-3	4	4	-3	-3	8	8	-14	-14	0	0	1	3	3	-2	0	0	5	0	0	-5	-5	-4	-5	-5	-2	-2	10	4	-4	-4	3	3	-1	3	3	2	-4	-4	2	-8	-8	2	2	1	-2	-3	-3	-10	-10	-5	4	8	-1	-1	0	6	-6	-6	-6	-6	9	-4	-4	-10	-10	7	-12	1	-5	-5	-5	5	-5	6	-4	-4	3	3	-4	-6	-5	-5	1	1	1	1	0	-6	-6	1	-5	-5	0	0	-4	-4	-10	-10	11	11	0	-3	-3	7	7	2	6	6	-7	-7	-2	-2	-1	-1	-14	-2	8	-1	-4	-5	-5	-1	3	3	-4	-4	-1	-1	2	2	-2	-2	4	-1	-5	-8	-8	4	2	2	-6	4	1	1	-8	-8	-6	-6	-2	-3	1	8	8	0	-4	1	-15	-3	-3	3	3	6	6	-3	-3	5	5	-2	2	2	-3	-3	6	-6	-6	-4	-4	-5	-5	-3	-3	-7	
0	0	-4	-4	3	0	8	0	0	0	-3	-7	-1	1	1	-3	-3	2	2	2	-3	-3	-1	-1	4	4	-7	-7	3	0	0	1	-1	-1	-2	-3	-3	1	1	-23	-3	-3	1	1	-2	5	7	7	2	2	-3	0	0	2	-1	-1	11	-5	-5	6	6	-6	13	1	1	-9	-9	-8	-2	0	-1	-1	9	1	-3	-3	-6	-6	5	-9	-9	-11	-11	5	-11	5	-6	-2	-2	0	6	5	-3	-3	-3	-3	-4	2	-2	-2	-3	-3	5	5	-3	-5	-5	-8	-3	-3	2	2	3	3	-13	-13	9	9	0	1	1	5	5	-3	-7	-7	-5	-5	2	2	5	5	-3	-3	-3	5	-2	1	1	-3	1	1	-6	-6	-3	-3	-1	-1	2	2	7	6	-7	-5	-5	3	-11	-11	-12	8	0	0	-7	-7	-7	-7	0	-6	5	3	3	3	-5	1	-1	-4	-4	0	0	8	8	-6	-6	5	5	-16	-1	-1	-3	-3	-2	12	12	-12	-12	0	0	-10	-10	-6	
-2	-2	-6	-6	6	9	17	-3	-3	-3	-2	-49	-17	-12	-12	-10	-10	-5	8	8	18	18	7	7	2	2	13	13	25	14	14	-6	3	3	-23	-11	-11	12	12	1	-26	-26	-1	-1	-8	10	-12	-12	-19	-19	1	27	27	11	2	2	3	-7	-7	-4	-4	-3	18	9	9	-3	-3	-17	-5	-33	35	35	-6	-18	26	26	13	13	-18	-1	-1	-37	-37	11	-16	-7	-7	-6	-6	13	-1	12	-13	-13	-16	-16	37	14	-4	-4	13	13	1	1	-2	-35	-35	-7	-4	-4	-6	-6	2	2	1	1	6	6	-5	4	4	35	35	3	-16	-16	-7	-7	-46	-46	19	19	16	1	13	-3	2	21	21	-5	13	13	-6	-6	-13	-13	8	8	-6	-6	14	-9	22	-23	-23	-2	-2	-2	4	-6	10	10	-52	-52	5	5	3	-3	-10	19	19	0	-11	-1	-2	-4	-4	-7	-7	-8	-8	13	13	-5	-5	-13	-1	-1	7	7	-18	-6	-6	23	23	11	11	-17	-17	7	
-47	-47	42	42	34	62	-9	-1	-1	-1	-21	-128	44	-38	-38	-87	-87	61	47	47	53	53	53	53	-32	-32	107	107	22	65	65	-68	-6	-6	-109	-53	-53	16	16	72	-108	-108	74	74	-56	28	-72	-72	-45	-45	88	64	64	127	-101	-101	-25	55	55	-11	-11	-18	73	0	0	-30	-30	29	-50	-80	104	104	-49	-78	104	104	-62	-62	-33	17	17	-19	-19	11	-25	-3	38	56	56	26	15	-73	64	64	-7	-7	53	28	-16	-16	56	56	-40	-40	-81	-76	-76	42	-62	-62	26	26	-15	-15	28	28	-15	-15	50	-22	-22	127	127	-52	26	26	83	83	-90	-90	2	2	46	47	88	-34	-6	-5	-5	-8	-84	-84	94	94	-15	-15	57	57	-34	-34	45	-58	91	-99	-99	-49	-47	-47	44	-28	88	88	-108	-108	19	19	-93	41	-14	88	88	-7	-80	-17	23	33	33	-23	-23	-90	-90	127	127	-3	-3	-84	-16	-16	23	23	-52	-106	-106	77	77	67	67	75	75	122	
16	16	-6	-6	18	23	-2	13	13	13	-2	-36	5	-10	-10	-18	-18	-7	15	15	16	16	-5	-5	-6	-6	11	11	13	16	16	-15	11	11	-27	-6	-6	-1	-1	-11	5	5	-9	-9	-2	11	-9	-9	-1	-1	-2	18	18	3	10	10	-7	10	10	-2	-2	4	0	-4	-4	-16	-16	-46	-25	-22	27	27	6	-14	11	11	-17	-17	-6	-10	-10	-9	-9	11	-26	10	-21	0	0	10	11	15	2	2	-12	-12	3	19	7	7	-1	-1	0	0	-15	-5	-5	-3	4	4	-8	-8	5	5	-23	-23	5	5	15	-4	-4	14	14	-2	-3	-3	3	3	0	0	-3	-3	-9	-3	-3	-7	-9	-4	-4	15	-29	-29	25	25	12	12	-12	-12	24	24	-3	-16	-2	-25	-25	18	-4	-4	-9	15	-3	-3	-23	-23	-7	-7	2	-2	-25	16	16	-10	-14	-9	12	-18	-18	6	6	2	2	18	18	-21	-21	-17	2	2	-44	-44	-6	-13	-13	4	4	3	3	-32	-32	-2	
4	4	-3	-3	4	-11	-3	0	0	0	5	-5	-3	7	7	-5	-5	0	-2	-2	-2	-2	4	4	5	5	-6	-6	7	-4	-4	14	-3	-3	-18	3	3	4	4	-27	4	4	5	5	-5	8	-2	-2	-3	-3	3	2	2	-7	8	8	6	-4	-4	-4	-4	-12	2	8	8	3	3	-15	-6	-3	22	22	-10	-7	-2	-2	-5	-5	-4	-17	-17	7	7	-6	-45	3	-10	-2	-2	17	12	13	-11	-11	-16	-16	-8	8	-4	-4	0	0	0	0	2	3	3	12	-9	-9	-1	-1	1	1	-33	-33	15	15	6	-8	-8	-14	-14	9	-10	-10	12	12	20	20	-5	-5	3	7	-12	6	-1	-29	-29	4	-5	-5	-1	-1	10	10	12	12	4	4	2	-4	-19	-10	-10	6	10	10	-9	-2	4	4	3	3	9	9	-17	-6	11	4	4	-5	4	-5	-2	10	10	1	1	9	9	-7	-7	-22	-22	-16	-16	-16	10	10	10	7	7	2	2	6	6	-13	-13	-6	
2	2	2	2	-2	-93	-22	-3	-3	-3	10	1	-8	42	42	-6	-6	3	-14	-14	-3	-3	21	21	6	6	-8	-8	-24	7	7	44	-9	-9	-23	14	14	-12	-12	-73	13	13	16	16	-16	10	28	28	-3	-3	1	-18	-18	6	22	22	7	-2	-2	-6	-6	-39	3	90	90	65	65	-12	-23	-16	71	71	-45	-22	-32	-32	-26	-26	3	-30	-30	7	7	-36	-73	53	-11	19	19	-19	35	8	-24	-24	-14	-14	-50	-18	-1	-1	-52	-52	18	18	38	27	27	12	-5	-5	12	12	-25	-25	-48	-48	39	39	12	17	17	-104	-104	21	-20	-20	21	21	68	68	-6	-6	-12	36	-27	31	1	-41	-41	-15	61	61	9	9	-1	-1	41	41	0	0	-42	-49	25	16	16	-6	55	55	-9	-43	1	1	-4	-4	38	38	-54	-10	51	17	17	-15	61	-26	0	-15	-15	12	12	26	26	8	8	-79	-79	-28	-66	-66	28	28	29	78	78	16	16	26	26	-18	-18	-8	
Trial:13
-18	-18	18	3	-37	-1	-34	-15	9	-3	-3	-2	-2	70	70	-26	-2	-2	51	51	-53	-25	-46	-24	-24	-22	29	-6	-6	0	0	-11	14	2	2	10	-59	-4	30	30	2	2	15	59	59	34	34	-3	-36	-27	-38	-38	-25	-22	-36	-4	-23	-1	47	-8	-8	-5	-5	-36	44	4	52	12	12	24	34	-61	15	15	5	0	-16	-14	22	0	63	-45	4	2	2	-25	-32	-2	6	6	-1	-5	-31	-31	85	85	-30	-30	-24	-12	-12	50	-8	-21	-16	-16	-10	-10	63	85	-27	4	-39	-39	-48	51	51	23	23	-19	-19	-11	-11	-15	-15	5	16	-6	-21	-21	-24	1	4	4	8	15	2	9	-19	10	10	10	-32	-12	4	15	5	11	-1	-1	10	-2	6	85	-9	16	16	-55	-45	8	25	25	4	-9	9	-5	-5	-2	-2	-14	-21	-30	-30	12	-46	-28	17	17	32	32	16	-32	-32	-32	0	-15	-2	19	19	2	2	26	15	-20	-7	-7	-10	6	-7	24	
-2	-2	3	3	2	9	-11	0	0	0	0	-3	-3	19	19	-5	-5	-5	-6	-6	-4	-4	1	-8	0	-2	7	-5	-5	-5	-5	-9	-5	0	0	-3	-3	-4	4	4	-2	-2	1	1	1	15	15	-2	-3	-3	-4	-4	-11	-4	-12	-5	-4	0	1	2	2	2	2	4	1	-8	2	2	2	0	9	-7	3	3	-9	-6	-4	-4	5	-7	3	-9	0	-4	-4	1	-2	2	4	4	-3	-2	3	3	4	4	-5	-5	-6	-3	-3	4	-5	-3	-2	-2	3	3	1	4	-5	1	-4	-4	-8	0	0	11	11	-5	-5	3	3	0	0	-1	3	-6	-2	-2	-7	0	2	2	4	2	-2	-5	1	-5	-5	2	-2	-6	-1	1	2	2	-6	-6	0	5	0	5	-2	0	0	-7	-4	1	3	3	1	-1	-7	3	3	-5	-5	-4	0	-9	-9	4	-4	0	2	2	5	5	-6	1	1	1	1	2	-3	2	2	-7	-7	-6	6	1	4	4	4	-1	5	1	
1	1	9	-2	8	-2	-18	1	1	-2	-2	0	0	0	0	0	1	1	-5	-5	-1	-2	12	-9	-2	0	1	-1	-1	-5	-5	-4	2	-6	-6	-3	6	2	-2	-2	0	0	1	1	1	5	5	-1	15	-2	-4	-4	-9	-2	-8	-6	3	2	5	-6	-6	-4	-4	3	-4	-7	14	-13	-13	5	2	2	3	3	0	-5	-4	-1	-11	-9	6	-3	2	-8	-8	3	3	6	9	9	0	-3	0	0	-3	-3	-15	-15	6	-2	-2	3	-4	-4	2	2	-3	-3	-2	7	-7	-3	-9	-9	2	5	5	6	6	16	16	-1	-1	-1	-1	-1	7	-14	14	14	-7	1	4	4	-1	0	-6	-7	-2	-2	-2	2	0	-9	1	1	4	0	-2	-2	-4	7	2	-4	-5	2	2	-8	16	4	2	2	-2	13	-10	0	0	-3	-3	-3	2	-16	-16	7	-6	3	-6	-6	13	13	-6	6	6	6	5	4	-2	-9	-9	-3	-3	-5	-2	8	0	0	1	-2	8	-14	
3	3	-2	11	6	-8	8	28	-55	0	0	15	15	4	4	-15	24	24	-2	-2	5	7	-4	-15	-10	-2	5	-1	-1	-2	-2	7	7	-19	-19	6	8	8	3	3	4	4	23	5	5	-13	-13	-16	-3	9	-10	-10	-5	21	-18	-8	-2	14	15	-19	-19	-14	-14	-17	3	3	1	1	1	5	-12	19	3	3	1	1	-18	19	24	-38	-21	-12	19	-14	-14	-1	-3	0	0	0	2	-10	5	5	-23	-23	11	11	19	2	2	2	-8	-17	-8	-8	-8	-8	-20	3	-19	-13	15	15	27	4	4	0	0	-1	-1	6	6	2	2	-6	-5	-37	16	16	22	20	-4	-4	15	11	-11	3	3	-10	-10	13	3	-2	1	2	-11	6	-12	-12	11	9	2	-1	-22	14	14	-8	16	-2	1	1	-5	4	-24	11	11	5	5	15	2	-10	-10	10	2	-2	-8	-8	-3	-3	-12	10	10	10	9	-7	-3	1	1	-13	-13	1	5	10	-7	-7	-4	-3	-1	2	
-76	-76	15	30	26	-73	18	40	-126	19	19	72	72	-72	-72	-24	127	127	-10	-10	55	30	-83	-6	-17	2	30	32	32	-9	-9	31	-30	51	51	-54	56	-25	49	49	-38	-38	-47	48	48	-42	-42	-27	-19	3	-62	-62	-17	14	-20	-55	8	2	51	-60	-60	-47	-47	-57	38	18	-37	53	53	62	-90	78	-8	-8	43	126	-100	21	97	-68	-6	-40	-16	67	67	-16	-3	-15	15	15	18	-76	-11	-11	-83	-83	33	33	47	35	35	-99	-101	-28	73	73	-10	-10	-27	41	6	-57	53	53	14	22	22	-20	-20	8	8	57	57	71	71	-48	-22	-76	1	1	116	49	-113	-113	-14	-36	0	102	41	-28	-28	39	5	115	-35	6	-46	-9	-57	-57	-8	32	40	-42	-37	49	49	6	51	-27	27	27	-3	61	-107	82	82	37	37	-32	-28	-1	-1	-32	40	39	1	1	-23	-23	-1	26	26	26	-11	-7	-47	28	28	-47	-47	59	37	-36	7	7	-43	-80	22	53	
-3	-3	5	11	4	-27	-12	18	-20	27	27	-5	-5	-29	-29	1	29	29	-9	-9	-7	8	-18	7	23	-9	12	1	1	-14	-14	1	-2	1	1	5	-43	3	3	3	8	8	11	5	5	2	2	-9	14	-7	-12	-12	-35	19	-22	15	11	11	-2	-17	-17	-17	-17	17	-4	-6	-25	13	13	-37	10	22	-11	-11	30	17	-17	-44	18	-35	3	1	18	-30	-30	35	22	24	-13	-13	0	-29	8	8	-14	-14	8	8	-12	3	3	1	-12	3	15	15	-8	-8	-15	13	-10	-14	6	6	-10	32	32	4	4	-32	-32	17	17	2	2	-10	-2	-21	-8	-8	23	8	-7	-7	2	-1	-12	-21	2	-8	-8	8	11	-24	-16	2	-22	18	10	10	10	7	-1	4	-12	-6	-6	0	4	7	8	8	-1	-4	-17	-3	-3	-35	-35	5	-9	-13	-13	4	8	9	30	30	14	14	-5	8	8	8	-3	13	-8	2	2	-27	-27	11	-8	10	-8	-8	3	0	1	-5	
9	9	1	6	3	-9	-5	-1	9	6	6	0	0	-4	-4	-3	-12	-12	-6	-6	-7	2	-2	-15	10	0	7	5	5	-20	-20	-7	-6	-5	-5	-8	-8	19	13	13	6	6	3	-6	-6	0	0	6	3	-10	-2	-2	-16	11	-12	0	4	-10	-1	-9	-9	8	8	2	1	-15	-12	4	4	-2	11	12	8	8	-10	-18	-3	6	2	-9	-3	0	0	-18	-18	-5	1	7	1	1	1	-24	17	17	10	10	5	5	-14	-2	-2	13	2	3	-3	-3	-6	-6	-2	3	-3	-2	27	27	3	0	0	7	7	-13	-13	-1	-1	2	2	-7	10	-14	-2	-2	-4	6	-1	-1	-1	-4	8	-12	-1	-1	-1	3	11	-16	-15	6	5	-3	4	4	-2	6	-4	2	-1	1	1	3	0	-12	-1	-1	5	7	-17	0	0	-6	-6	2	4	-8	-8	-1	3	4	17	17	1	1	-4	12	12	12	-4	8	-1	3	3	-8	-8	3	-1	12	-4	-4	-8	5	-5	5	
32	32	-3	13	4	-27	-14	2	43	-4	-4	-1	-1	-21	-21	-5	-29	-29	-6	-6	-10	-13	-56	4	19	-9	26	-20	-20	-15	-15	15	-31	15	15	-13	-22	66	32	32	52	52	-34	-26	-26	-25	-25	25	-20	-2	26	26	-15	-4	-27	0	-4	-47	22	-43	-43	11	11	-35	3	-23	-13	-3	-3	10	40	62	7	7	-27	-77	-12	24	3	15	0	-32	-5	-63	-63	-51	-33	34	7	7	8	-40	30	30	74	74	11	11	-49	-55	-55	26	89	18	-15	-15	-37	-37	18	-8	-46	0	69	69	-20	9	9	36	36	-6	-6	9	9	-4	-4	-13	-25	-39	-10	-10	15	34	-1	-1	-56	1	45	6	17	-6	-6	-1	19	-49	-23	43	-4	3	-3	-3	-2	49	-1	9	18	-9	-9	-13	-53	-18	-14	-14	13	16	-40	7	7	-2	-2	16	16	-12	-12	18	18	3	21	21	26	26	-16	24	24	24	-7	-2	46	-10	-10	-16	-16	0	16	53	14	14	-48	-7	-17	20	
Trial:14
-18	-18	-32	-32	-27	-27	-27	-9	36	-3	-31	-31	3	3	4	7	7	29	29	4	0	-24	11	11	15	15	-52	-52	-17	-17	-3	-32	-1	-17	-17	4	46	5	5	-10	-10	-1	-21	12	14	14	-30	7	-9	-9	2	2	5	5	32	-9	-9	-5	-5	14	-33	-33	-33	-39	-39	13	10	10	2	2	5	-13	-13	20	38	38	2	2	-1	10	10	-20	-15	-15	-19	-19	-2	-55	14	14	0	0	-15	5	5	13	13	-3	-17	-17	-13	4	4	6	0	0	-9	-9	0	-3	-3	15	15	15	-2	-17	-17	1	1	0	-20	-20	20	20	20	-1	3	3	-4	-4	-28	-3	-17	-17	17	17	11	5	7	4	4	30	5	-6	-6	-2	-2	-4	5	-13	-3	-3	-2	-15	4	-5	-5	2	2	1	-1	-1	-1	-13	-13	6	-9	7	7	-6	-6	-2	0	0	-2	-2	-3	4	4	13	13	-11	1	-4	-4	7	7	-4	0	-6	1	1	-2	-5	1	-1	-1	3	-6	-6	
-1	-1	5	5	2	2	2	-3	16	-3	-1	-1	-3	-3	-4	8	8	-1	-1	-1	-6	2	3	3	-12	-12	-7	-7	-5	-5	3	-3	-3	-7	-7	-5	4	8	8	-2	-2	-2	-3	-1	2	2	-5	3	2	2	1	1	-3	-3	10	-6	-6	-1	-1	-6	-5	-5	-5	2	2	2	2	2	3	3	3	-7	-7	5	3	3	-4	-4	2	3	3	-11	-3	-3	-4	-4	9	-11	0	0	-1	-1	0	-2	-2	-6	-6	1	0	0	0	-3	-3	-9	6	6	-3	-3	-4	0	0	3	3	3	-5	-1	-1	-5	-5	4	3	3	4	4	4	-5	2	2	3	3	-3	1	-11	-11	4	4	5	-5	0	1	1	2	3	-7	-7	3	3	-5	4	-4	0	0	-6	-5	2	-7	-7	-1	-1	2	-3	1	1	-8	-8	-1	4	2	2	0	0	3	0	0	-6	-6	-1	5	5	2	2	0	-2	-6	-6	1	1	7	-1	-4	-3	-3	1	-12	5	-9	-9	0	-2	-3	
-7	-7	5	5	0	0	0	3	11	-4	2	2	-6	-6	-2	14	14	-8	-8	5	-13	0	0	0	-22	-22	-5	-5	-2	-2	10	-5	-6	-3	-3	-15	3	15	15	-5	-5	-19	-7	5	6	6	-7	14	-5	-5	8	8	-4	-4	12	4	4	0	0	-7	-30	-30	-30	10	10	1	7	7	8	8	-1	2	2	-2	-7	-7	-16	-16	10	20	20	-14	3	3	-5	-5	6	-30	-2	-2	17	17	-28	-1	-1	-21	-21	4	1	1	15	4	4	-11	10	10	16	16	-9	-19	-19	4	4	4	12	7	7	-27	-27	10	12	12	-16	-16	-16	1	4	4	14	14	-2	2	-11	-11	-39	-39	23	-6	1	24	24	-9	4	-2	-2	0	0	-9	17	-17	29	29	-16	-5	8	-8	-8	4	4	6	-12	1	1	1	1	-3	42	-8	-8	-7	-7	-12	14	14	-3	-3	5	-1	-1	9	9	7	1	-25	-25	28	28	13	-27	9	-16	-16	6	-45	4	-27	-27	1	8	-4	
7	7	18	18	28	28	28	-4	17	19	-19	-19	10	10	1	2	2	-5	-5	8	12	-10	4	4	-38	-38	-7	-7	13	13	17	-1	-25	9	9	9	15	18	18	-3	-3	4	-9	-12	-4	-4	-11	5	0	0	-10	-10	-21	-21	6	2	2	17	17	-13	-6	-6	-6	7	7	-11	26	26	16	16	0	2	2	-10	-6	-6	-4	-4	-2	-6	-6	-26	-15	-15	10	10	22	-45	11	11	9	9	-4	-23	-23	-10	-10	-15	-13	-13	-2	15	15	-7	24	24	-6	-6	-13	-5	-5	2	2	2	-34	14	14	-13	-13	5	-8	-8	19	19	19	11	1	1	18	18	-13	-10	-2	-2	10	10	-3	-20	13	3	3	-18	-1	-4	-4	-5	-5	-1	11	-21	31	31	-8	-14	-7	2	2	16	16	16	-13	-2	-2	6	6	-8	5	-22	-22	-4	-4	3	7	7	4	4	-5	14	14	-2	-2	12	4	2	2	7	7	4	-2	0	4	4	7	-10	-11	-7	-7	-4	17	5	
101	101	51	51	7	7	7	34	-11	84	22	22	26	26	-17	29	29	3	3	93	5	-98	34	34	-118	-118	-30	-30	27	27	78	6	-11	-44	-44	-53	19	68	68	-13	-13	61	-54	-5	11	11	-41	56	-2	-2	-44	-44	-35	-35	-7	-23	-23	93	93	-12	90	90	90	31	31	-67	127	127	25	25	32	-82	-82	21	32	32	-2	-2	-79	-9	-9	-5	15	15	7	7	74	-85	50	50	-52	-52	15	-43	-43	-3	-3	-88	-21	-21	-36	-68	-68	-8	115	115	-13	-13	119	-16	-16	1	1	1	-51	25	25	-2	-2	5	26	26	-44	-44	-44	12	-12	-12	0	0	-53	-40	73	73	87	87	8	-27	21	0	0	-52	-67	50	50	-74	-74	15	33	-10	98	98	25	-82	-16	14	14	8	8	127	-50	11	11	16	16	-26	-61	-116	-116	-12	-12	20	8	8	26	26	-48	33	33	0	0	40	122	-27	-27	23	23	22	68	19	13	13	63	-15	13	13	13	-67	37	1	
17	17	7	7	14	14	14	-9	32	-4	3	3	-7	-7	12	3	3	-8	-8	20	-16	12	-22	-22	-17	-17	-8	-8	5	5	31	-8	-9	3	3	-4	25	13	13	11	11	-7	-26	-18	-23	-23	-10	1	-3	-3	0	0	-27	-27	29	-2	-2	-2	-2	0	3	3	3	10	10	3	31	31	9	9	-11	21	21	-18	5	5	-16	-16	-18	-2	-2	-18	-12	-12	-3	-3	38	-34	24	24	-28	-28	5	-16	-16	-2	-2	-33	-9	-9	16	-11	-11	6	13	13	-15	-15	-12	8	8	-4	-4	-4	-13	-25	-25	5	5	8	14	14	17	17	17	-6	-8	-8	3	3	-7	-9	4	4	15	15	5	-17	5	7	7	-6	-2	-10	-10	1	1	-4	12	-51	11	11	12	-28	11	9	9	11	11	-22	-5	-1	-1	-10	-10	-4	-12	-3	-3	-14	-14	11	5	5	-3	-3	-33	16	16	-3	-3	12	16	-6	-6	10	10	-4	4	9	8	8	-9	-9	-7	3	3	-1	8	0	
-2	-2	0	0	15	15	15	9	8	-13	-3	-3	-3	-3	-5	0	0	-5	-5	-2	-10	6	1	1	-24	-24	-17	-17	2	2	7	5	-26	9	9	1	21	16	16	8	8	-8	-5	-2	1	1	-7	-5	-6	-6	-3	-3	4	4	27	-2	-2	-11	-11	-4	3	3	3	-5	-5	-5	30	30	13	13	-23	1	1	1	-5	-5	3	3	-2	4	4	-11	-9	-9	-8	-8	24	-31	7	7	-7	-7	-12	-5	-5	-2	-2	-12	0	0	10	3	3	-9	5	5	-2	-2	1	1	1	-7	-7	-7	-3	-5	-5	6	6	4	0	0	1	1	1	-13	-5	-5	-3	-3	-10	5	5	5	2	2	1	-7	-2	7	7	1	-5	-2	-2	-6	-6	-4	3	-6	0	0	3	-15	1	-4	-4	0	0	5	-8	0	0	4	4	-3	0	-2	-2	-6	-6	4	5	5	-2	-2	-12	-17	-17	4	4	-10	6	3	3	-3	-3	6	-1	8	4	4	-4	-7	-3	7	7	11	-15	-7	
-35	-35	-37	-37	84	84	84	52	35	-35	15	15	23	23	3	-9	-9	-34	-34	-68	-28	19	8	8	-85	-85	-30	-30	34	34	18	-3	-62	34	34	34	37	17	17	18	18	0	0	13	2	2	4	-15	-63	-63	7	7	10	10	75	-2	-2	-17	-17	21	-14	-14	-14	-10	-10	-11	45	45	8	8	-28	-7	-7	-1	21	21	0	0	-9	39	39	-12	-31	-31	-16	-16	10	-55	19	19	7	7	-23	-15	-15	48	48	-20	-39	-39	24	10	10	-12	-38	-38	-5	-5	17	10	10	15	15	15	3	-43	-43	12	12	11	-9	-9	15	15	15	1	-22	-22	0	0	-40	56	2	2	20	20	-2	-78	12	2	2	29	9	6	6	-28	-28	-10	18	14	-6	-6	14	-10	6	-4	-4	1	1	45	-56	0	0	22	22	13	43	-5	-5	1	1	-11	14	14	-8	-8	-42	24	24	6	6	-43	32	-20	-20	-1	-1	7	13	23	28	28	-21	10	15	0	0	17	-84	6	
Trial:15
-6	-8	1	1	4	-10	2	2	13	13	3	3	6	-15	-15	-10	-10	-4	-4	-8	40	40	1	1	6	6	10	10	-10	-11	-11	-12	-12	2	-12	-19	-17	-17	47	47	18	18	-3	-3	-28	-3	-6	65	65	-52	-52	-25	-25	43	-7	15	15	-19	-29	-29	-29	-3	2	-18	-18	-14	-3	12	12	5	5	-18	2	0	18	18	-5	-5	-10	27	27	-7	-7	-21	-21	4	4	-8	16	-8	8	8	1	1	19	-10	-10	27	-45	-45	13	-12	-12	-22	-22	-54	35	35	-35	-35	-25	39	-8	-8	37	37	-39	76	76	-24	-24	19	-22	-22	0	0	-9	-4	-32	-32	46	46	-17	-3	-3	31	31	31	-15	-27	-27	-29	-29	-17	0	0	16	16	20	25	36	6	-24	-24	-68	-68	26	27	27	-30	-51	7	12	12	2	2	39	39	8	8	8	10	-13	49	49	49	-69	12	8	1	1	-3	-3	-23	3	3	44	44	0	-21	-4	-4	-5	-5	-6	3	-5	2	2	-12	
7	-3	-7	-7	-1	-3	-1	-1	10	10	-1	-1	1	4	4	-10	-10	8	8	0	5	5	-1	-1	-4	-4	-6	-6	-2	-6	-6	0	0	6	-4	-4	-1	-1	4	4	1	1	0	0	-3	3	-6	10	10	-11	-11	-4	-4	2	-5	-1	-1	-3	-6	-6	-6	-2	8	-3	-3	-10	-3	1	1	-2	-2	-4	-6	0	6	6	-1	-1	2	-2	-2	-1	-1	-2	-2	0	0	-7	-3	-3	-1	-1	-2	-2	5	-2	-2	4	-4	-4	6	-9	-9	-4	-4	-10	-3	-3	-3	-3	6	-7	6	6	7	7	-4	11	11	-2	-2	-5	-5	-5	0	0	-1	0	-11	-11	10	10	-3	-4	-4	3	3	3	1	-4	-4	-3	-3	3	-6	-6	2	2	2	7	-9	-7	-6	-6	2	2	4	1	1	4	-3	-6	-5	-5	-3	-3	5	5	6	6	-11	-1	-1	4	4	4	-4	-6	-5	1	1	7	7	-3	-3	-3	-3	-3	3	6	-4	-4	6	6	0	1	1	-2	-2	-6	
12	-5	-3	-3	7	-2	2	2	7	7	-9	-9	-5	2	2	-16	-16	33	33	-5	11	11	-10	-10	-12	-12	-1	-1	4	-6	-6	0	0	14	7	-12	0	0	-14	-14	-4	-4	0	0	-7	-4	1	-1	-1	-6	-6	-17	-17	4	-5	-12	-12	19	-11	-11	-11	3	29	-11	-11	4	-13	-1	-1	-13	-13	-6	-2	7	9	9	5	5	-9	-9	-9	-2	-2	-4	-4	2	2	1	-9	2	-6	-6	-2	-2	-1	-2	-2	12	-4	-4	17	-14	-14	-7	-7	8	-8	-8	-5	-5	11	-9	16	16	1	1	-4	3	3	0	0	-9	-12	-12	-1	-1	-13	22	-9	-9	9	9	-5	-3	-3	9	9	9	-5	-11	-11	-2	-2	-2	-16	-16	1	1	11	4	-24	-8	2	2	11	11	-3	-11	-11	3	11	-13	5	5	4	4	8	8	5	5	-34	7	2	4	4	4	5	-9	-14	11	11	8	8	-10	-30	-30	5	5	-1	18	-21	-21	19	19	3	8	-2	7	7	-3	
7	8	9	9	5	-4	-1	-1	13	13	-6	-6	-6	6	6	-14	-14	10	10	-11	10	10	-12	-12	6	6	14	14	-14	-14	-14	1	1	13	-4	-9	14	14	-12	-12	-5	-5	-3	-3	5	5	-15	11	11	0	0	-11	-11	-5	-13	-3	-3	1	2	2	2	-2	-6	-17	-17	11	-5	13	13	-3	-3	-4	-10	2	5	5	12	12	-10	-2	-2	4	4	6	6	-5	-5	-2	-3	0	-5	-5	-11	-11	-2	-22	-22	12	0	0	17	-1	-1	-7	-7	-7	3	3	-9	-9	12	0	-6	-6	4	4	5	3	3	-13	-13	-8	-28	-28	22	22	-6	0	-7	-7	28	28	5	-3	-3	0	0	0	-8	-7	-7	-21	-21	2	-1	-1	4	4	12	-4	1	-10	5	5	2	2	-2	3	3	-1	2	-17	-31	-31	11	11	7	7	11	11	-34	-1	-3	10	10	10	6	11	1	20	20	20	20	-15	-7	-7	-10	-10	2	-7	9	9	15	15	5	-1	-4	-10	-10	-6	
8	20	31	31	-8	22	42	42	-24	-24	-11	-11	116	-53	-53	-64	-64	9	9	-30	-10	-10	-9	-9	35	35	8	8	-16	11	11	-13	-13	11	9	22	52	52	-7	-7	-81	-81	22	22	-5	-22	-47	31	31	5	5	25	25	-90	-38	21	21	-26	37	37	37	-7	-73	-19	-19	36	-7	45	45	21	21	-16	87	34	0	0	98	98	-48	49	49	5	5	-34	-34	-35	-35	12	11	16	14	14	-30	-30	-29	-31	-31	-28	-31	-31	22	94	94	-65	-65	-44	64	64	24	24	29	76	-88	-88	65	65	1	-95	-95	-56	-56	-85	-47	-47	91	91	60	-43	37	37	60	60	-2	-38	-38	49	49	49	-24	-21	-21	-29	-29	-66	82	82	-52	-52	127	-66	56	-5	-1	-1	-15	-15	26	-25	-25	-12	-8	7	-79	-79	0	0	60	60	-55	-55	74	-5	-38	-7	-7	-7	-18	8	2	3	3	29	29	14	-2	-2	-19	-19	-58	-39	-16	-16	17	17	49	19	-33	-3	-3	24	
-10	8	11	11	7	7	-3	-3	11	11	-4	-4	-7	-2	-2	-17	-17	5	5	-6	8	8	-15	-15	6	6	6	6	-16	-4	-4	-1	-1	3	-9	18	34	34	-18	-18	-20	-20	9	9	11	-6	-31	20	20	-2	-2	-5	-5	-10	-18	8	8	-2	4	4	4	-16	-13	-48	-48	9	-7	18	18	-5	-5	30	-13	6	-9	-9	-5	-5	-2	-14	-14	26	26	19	19	-3	-3	-10	15	3	0	0	-1	-1	2	-4	-4	11	-3	-3	7	-10	-10	2	2	-5	0	0	-20	-20	20	-12	-2	-2	12	12	34	-16	-16	-57	-57	-11	-42	-42	-6	-6	-11	6	26	26	38	38	4	-9	-9	5	5	5	13	-20	-20	-7	-7	-49	3	3	-5	-5	14	-2	12	-17	15	15	13	13	10	-7	-7	3	14	-11	-13	-13	0	0	1	1	-31	-31	-17	-11	-8	-13	-13	-13	10	6	15	40	40	10	10	-8	-1	-1	-38	-38	0	5	0	0	20	20	20	8	1	-3	-3	19	
8	2	2	2	8	2	-2	-2	17	17	-6	-6	-1	-6	-6	-16	-16	5	5	-28	6	6	4	4	8	8	1	1	0	-5	-5	-8	-8	9	1	4	7	7	-5	-5	-3	-3	5	5	-14	-1	7	8	8	-5	-5	-16	-16	16	-12	-11	-11	-1	-3	-3	-3	0	-10	1	1	-12	-5	6	6	-1	-1	5	-18	4	-12	-12	8	8	-4	-5	-5	2	2	8	8	-6	-6	2	-12	3	-17	-17	0	0	8	24	24	9	5	5	-10	3	3	-5	-5	3	-13	-13	-1	-1	4	13	-18	-18	-1	-1	-1	14	14	-12	-12	-19	-2	-2	-3	-3	-5	-5	-3	-3	7	7	12	-2	-2	6	6	6	-3	-17	-17	-20	-20	-5	8	8	4	4	-3	1	0	-8	0	0	-7	-7	8	2	2	-4	4	-6	-6	-6	2	2	0	0	4	4	-1	5	1	-7	-7	-7	8	2	4	5	5	-8	-8	0	-4	-4	0	0	7	2	-18	-18	4	4	11	4	1	-3	-3	0	
15	-19	26	26	16	16	13	13	51	51	-21	-21	6	-12	-12	-14	-14	0	0	-65	43	43	11	11	-2	-2	4	4	-7	10	10	-7	-7	0	-6	-13	-4	-4	44	44	-28	-28	4	4	-30	-9	14	10	10	-12	-12	-50	-50	57	-5	-23	-23	22	-13	-13	-13	25	-11	-1	-1	-63	1	34	34	5	5	2	-20	12	-3	-3	31	31	-17	-9	-9	2	2	7	7	-21	-21	16	-52	-8	-52	-52	16	16	18	45	45	28	13	13	-38	53	53	-3	-3	7	-46	-46	34	34	-14	29	-88	-88	-4	-4	-18	61	61	-24	-24	-27	-3	-3	-18	-18	-21	-27	14	14	76	76	20	-29	-29	-9	-9	-9	12	-18	-18	-32	-32	-64	22	22	34	34	-20	1	54	-42	4	4	-69	-69	25	2	2	-9	3	36	-4	-4	-4	-4	22	22	-10	-10	17	14	-13	15	15	15	12	-16	-10	49	49	-44	-44	9	-3	-3	28	28	31	-22	-17	-17	-75	-75	20	14	9	-6	-6	5	
Trial:16
69	69	-35	-41	-41	-50	-50	-3	92	74	-25	-28	41	-52	-26	-3	-4	-4	-30	44	65	16	16	30	30	36	36	-66	-66	-21	25	-1	-21	-21	122	122	-41	-41	31	31	-49	5	-5	2	-16	-16	-2	18	0	9	9	-12	-68	15	15	-69	-69	-36	-13	-22	24	24	24	50	50	33	22	22	-31	-45	16	16	16	-34	-34	8	-6	-6	-20	40	40	4	-11	-11	25	25	-100	-100	-10	-10	-40	-40	-14	-22	-22	28	28	16	30	30	-63	-63	7	7	73	73	6	6	3	33	33	-44	-44	-23	-23	9	33	15	15	-15	14	-25	16	16	16	16	84	84	-42	7	-1	-3	-3	-21	-21	62	-15	-15	-26	-26	-46	-24	-30	-27	-27	10	-39	8	8	56	56	-46	-32	45	-3	-3	8	-37	-26	-18	-18	-18	12	12	3	3	-85	0	0	11	8	-27	-27	75	4	-30	-15	-15	-4	-4	-42	17	22	17	17	-26	-6	-40	-40	18	18	-21	-8	-3	24	24	-27	-25	-3	-3	
-1	-1	-10	-4	-4	1	1	3	-3	-1	-4	6	4	-2	-4	-3	7	7	-6	2	3	8	8	-1	-1	-1	-1	-8	-8	-8	-9	0	4	4	6	6	-8	-8	3	3	-2	3	0	-5	4	4	-1	7	-2	-8	-8	-4	5	-2	-2	-7	-7	13	0	-2	-1	-1	-1	4	4	-7	-2	-2	-11	1	1	0	0	-11	-11	-1	-3	-3	3	1	1	-3	3	3	4	4	-7	-7	2	2	-6	-6	3	-11	-11	3	3	3	3	3	-12	-12	8	8	-9	-9	0	0	3	2	2	-7	-7	1	1	-7	-2	3	3	-5	6	1	10	10	-1	-1	13	13	-10	-5	-5	-6	-6	-3	-3	-6	-2	-2	-1	-1	0	-1	9	-8	-8	0	0	5	5	5	5	-7	-1	2	-2	-2	1	-6	-5	-1	-1	-1	-3	-3	-1	-1	0	-3	-3	-7	-8	-6	-6	-2	-5	1	-4	-4	1	1	8	1	2	3	3	4	-11	-7	-7	7	7	4	-7	-5	9	9	-7	3	7	7	
-12	-12	2	-3	-3	-6	-6	6	-18	-8	-3	10	2	1	-17	0	6	6	-3	5	5	3	3	-5	-5	-7	-7	-4	-4	-9	-7	14	6	6	-3	-3	-27	-27	6	6	5	4	-4	1	13	13	-3	3	-4	-9	-9	-10	9	-6	-6	-22	-22	27	4	13	1	1	1	9	9	-6	-11	-11	-11	7	1	-14	-14	-13	-13	13	0	0	5	-4	-4	-3	-3	-3	10	10	-5	-5	-2	-2	-1	-1	13	-20	-20	3	3	-3	-5	-5	-11	-11	9	9	-8	-8	1	1	-7	5	5	5	5	-2	-2	2	-19	10	10	-8	2	-2	7	7	-17	-17	4	4	-8	-8	-23	-7	-7	2	2	-15	3	3	4	4	-4	-16	12	-1	-1	6	12	3	3	-2	-2	-9	-7	32	-3	-3	4	-18	-9	-4	-4	-4	-16	-16	12	12	21	-11	-11	-12	-8	1	1	-6	-39	16	-17	-17	7	7	8	-1	19	2	2	19	-1	-6	-6	1	1	9	-3	-20	16	16	-11	9	21	21	
1	1	-3	-5	-5	-29	-29	15	-3	-12	21	17	-10	-11	15	7	6	6	-10	7	-5	-9	-9	2	2	2	2	-5	-5	-2	-18	-3	3	3	1	1	-9	-9	-13	-13	1	0	1	-10	5	5	7	-17	4	4	4	-5	6	-15	-15	-4	-4	11	18	5	-9	-9	-9	1	1	10	-4	-4	-6	9	-20	-25	-25	-4	-4	17	5	5	19	-11	-11	9	-8	-8	16	16	-2	-2	2	2	-5	-5	19	-34	-34	-2	-2	5	11	11	-22	-22	0	0	-14	-14	0	0	-42	21	21	20	20	3	3	-9	11	10	10	-11	-24	6	10	10	-10	-10	26	26	-3	-26	-30	-1	-1	-6	-6	4	-22	-22	-1	-1	-6	-12	19	-6	-6	-8	-14	9	9	3	3	-1	-10	22	-1	-1	12	-41	-11	-3	-3	-3	-6	-6	-1	-1	2	7	7	-29	-11	11	11	-10	-12	18	-14	-14	18	18	12	-1	2	1	1	35	-37	5	5	-3	-3	-7	-12	5	24	24	8	2	14	14	
-16	-16	25	8	8	-79	-79	20	-17	24	101	25	-11	-56	12	-83	64	64	-85	25	17	14	14	14	14	71	71	40	40	12	-10	-54	30	30	49	49	-32	-32	-47	-47	-52	65	40	-91	52	52	43	-38	-44	105	105	-34	-4	-19	-19	-83	-83	-42	7	37	1	1	1	3	3	-3	0	0	89	105	-111	102	102	-29	-29	30	9	9	77	-117	-117	17	11	11	37	37	-18	-18	96	96	-92	-92	3	19	19	-28	-28	32	65	65	-26	-26	-27	-27	54	54	-47	-47	-92	44	44	36	36	12	12	53	15	20	20	-95	-33	32	-12	-12	39	39	-44	-44	-26	-11	99	-11	-11	18	18	114	-10	-10	-5	-5	8	-33	-34	27	27	-72	-25	59	59	-63	-63	112	45	-4	-20	-20	-3	-17	-11	59	59	59	-8	-8	-56	-56	-34	9	9	15	-23	-15	-15	85	-62	27	-37	-37	15	15	98	27	-99	39	39	127	-73	-12	-12	-25	-25	-65	-20	11	45	45	99	103	30	30	
-10	-10	22	-4	-4	-3	-3	-9	-21	1	-9	9	6	7	-1	-12	-1	-1	-7	2	2	10	10	4	4	-16	-16	-1	-1	-6	-16	-15	30	30	-10	-10	-11	-11	-14	-14	-10	11	-2	-21	33	33	-6	-2	11	1	1	-3	8	1	1	-17	-17	-2	-11	4	1	1	1	-20	-20	11	6	6	-9	-13	-7	-27	-27	5	5	2	-11	-11	30	1	1	3	8	8	4	4	2	2	-4	-4	-12	-12	-1	-50	-50	1	1	23	9	9	-26	-26	5	5	3	3	-3	-3	8	2	2	19	19	2	2	-17	25	1	1	-6	-8	14	3	3	-5	-5	1	1	7	-24	0	-12	-12	5	5	-11	22	22	-4	-4	-8	-11	-13	7	7	-8	-8	-15	-15	-2	-2	-18	5	12	10	10	-6	-35	-26	18	18	18	18	18	6	6	6	10	10	-19	-29	1	1	9	8	20	-28	-28	1	1	9	3	-16	6	6	28	-40	16	16	14	14	-4	-44	4	10	10	20	-5	13	13	
-10	-10	-1	5	5	2	2	4	-4	1	-18	2	9	-10	8	-6	-5	-5	14	-2	-2	8	8	-11	-11	2	2	-14	-14	2	-14	-7	4	4	7	7	-3	-3	3	3	-15	-1	5	-1	8	8	-4	2	-4	13	13	1	-9	-7	-7	-43	-43	11	-21	6	16	16	16	-12	-12	0	11	11	-12	8	-9	-4	-4	-7	-7	-5	-2	-2	-3	-11	-11	3	1	1	9	9	1	1	-5	-5	-15	-15	12	-8	-8	-2	-2	16	-3	-3	4	4	0	0	-26	-26	-4	-4	5	-9	-9	3	3	1	1	-34	-1	1	1	6	-2	17	-9	-9	10	10	17	17	0	-17	-5	-10	-10	-14	-14	-6	-5	-5	8	8	-2	0	11	-1	-1	5	-4	-3	-3	-1	-1	8	9	8	5	5	8	-11	-12	4	4	4	-1	-1	-1	-1	-11	-6	-6	1	-4	0	0	-8	-6	9	-9	-9	0	0	12	-4	-3	1	1	12	-15	9	9	9	9	-5	-22	-2	2	2	2	4	2	2	
-21	-21	31	17	17	-4	-4	5	0	-11	-53	12	11	-10	14	-1	-9	-9	13	-22	-4	18	18	-16	-16	6	6	-87	-87	26	-34	11	-45	-45	46	46	5	5	38	38	-12	0	-13	25	43	43	6	-10	-36	26	26	4	0	-16	-16	-63	-63	5	-50	-11	26	26	26	-9	-9	12	35	35	-21	5	-8	10	10	-23	-23	-13	13	13	-38	-80	-80	22	35	35	-6	-6	35	35	-25	-25	-39	-39	14	-76	-76	17	17	87	-3	-3	66	66	-15	-15	-78	-78	-11	-11	21	-8	-8	-12	-12	-2	-2	-53	-12	5	5	5	-11	25	-24	-24	0	0	39	39	1	-24	-15	-11	-11	-30	-30	9	26	26	0	0	-25	-9	54	-3	-3	10	-2	-36	-36	35	35	5	45	34	-21	-21	55	-45	-27	15	15	15	-21	-21	-9	-9	-41	-15	-15	0	-16	-26	-26	-35	-6	16	24	24	1	1	43	20	5	4	4	51	-33	1	1	8	8	-34	-7	8	3	3	-38	4	17	17	
Trial:17
7	30	30	18	-42	17	17	-35	-35	-19	-72	-72	11	11	-8	-8	12	12	52	52	59	8	-128	-45	-45	-62	46	44	-32	-32	2	63	-37	-30	-30	86	-41	-64	-42	-42	-32	-32	115	21	-25	-30	-30	-25	93	93	-48	-48	-54	-23	-23	107	44	-2	-19	-19	-11	-84	16	14	14	7	8	-11	-30	-30	12	9	20	20	-14	-14	26	34	34	34	37	37	84	0	0	-55	-55	-15	12	72	0	0	-46	5	-6	6	6	7	7	-76	-10	-10	-36	2	32	32	-7	-7	-65	-1	-17	8	8	0	-22	33	33	99	-7	1	-1	-1	-13	-13	80	-31	-39	-5	-5	-8	-30	18	-59	-59	-48	-48	9	9	30	-29	-8	-8	2	7	7	-11	-11	5	-5	-5	11	11	11	59	-5	1	1	-20	-20	-15	-15	-10	-10	-9	26	-16	9	9	1	1	-69	-14	-14	-28	27	26	26	-47	-47	58	-39	11	-4	-4	31	-18	-25	4	4	-25	48	-10	-10	-4	-4	0	0	0	-10	3	
-12	5	5	-3	-16	4	4	3	3	-1	1	1	2	2	-1	-1	-3	-3	-2	-2	6	4	-9	1	1	-12	4	-5	-9	-9	-3	6	8	1	1	9	-3	-6	0	0	1	1	9	-1	-8	1	1	-2	-9	-9	-4	-4	4	-2	-2	2	-1	4	2	2	-4	-9	0	-7	-7	3	-1	-7	-1	-1	3	-4	0	0	-6	-6	2	-2	-2	-2	-1	-1	0	-1	-1	0	0	-3	15	1	5	5	-3	2	-4	0	0	-3	-3	-4	3	3	-6	4	2	2	-4	-4	-5	6	-6	-2	-2	1	-4	0	0	4	-1	2	-10	-10	-2	-2	3	-1	-5	-1	-1	3	-10	2	-7	-7	-8	-8	2	2	-1	-1	4	4	8	8	8	2	2	-7	-2	-2	-2	-2	-2	11	-3	4	4	-7	-7	-4	-4	-7	-7	-4	6	-6	7	7	-6	-6	-5	-6	-6	0	1	1	1	-4	-4	1	-4	9	2	2	-5	6	-2	7	7	0	-9	1	1	3	3	-5	-2	-2	-3	3	
-15	5	5	3	-19	25	25	2	2	-18	-9	-9	-3	-3	15	15	-9	-9	8	8	8	7	-15	0	0	-2	-2	-15	-27	-27	6	2	8	8	8	7	-23	10	10	10	-1	-1	1	4	-1	9	9	-9	-11	-11	-9	-9	7	-10	-10	-21	2	6	3	3	-2	11	-5	-14	-14	-4	-2	-7	4	4	5	-10	2	2	-4	-4	8	-5	-5	-5	-5	-5	-8	11	11	-6	-6	0	39	-1	20	20	-5	11	-3	1	1	-13	-13	4	18	18	-14	7	3	3	-1	-1	-12	21	-14	-2	-2	-6	-3	8	8	7	6	0	-22	-22	3	3	-14	-10	-5	0	0	21	-11	6	-27	-27	-11	-11	-2	-2	4	-3	29	29	25	3	3	3	3	-17	1	1	-5	-5	-5	32	-3	-9	-9	-7	-7	20	20	-3	-3	-20	-7	-12	12	12	-15	-15	-6	-22	-22	-5	0	2	2	-5	-5	1	0	14	24	24	-7	21	4	1	1	9	-29	5	5	15	15	-3	-12	-12	-5	6	
-7	-6	-6	23	-7	-5	-5	9	9	5	-1	-1	11	11	10	10	-11	-11	-16	-16	15	6	-8	-7	-7	-8	-10	-4	-33	-33	2	-13	-3	6	6	-7	9	13	20	20	-1	-1	7	-14	6	-10	-10	-24	10	10	-29	-29	18	-31	-31	-6	-2	8	6	6	13	14	-13	2	2	-1	12	6	4	4	2	-19	-20	-20	-12	-12	-5	-3	-3	-3	4	4	-12	18	18	8	8	-14	24	7	12	12	5	3	-28	32	32	1	1	7	-23	-23	-12	-13	-11	-11	25	25	12	-15	-5	-8	-8	-22	7	9	9	9	15	-5	-6	-6	-12	-12	-20	-3	-4	13	13	9	-1	-19	15	15	-9	-9	-18	-18	10	-9	-2	-2	14	-2	-2	9	9	0	-5	-5	2	2	2	19	-11	5	5	-12	-12	9	9	-26	-26	13	-23	-24	6	6	-16	-16	-1	13	13	-10	-3	-20	-20	1	1	13	1	29	24	24	-2	-4	12	7	7	-5	-1	-2	-2	-9	-9	18	-15	-15	9	-4	
4	-11	-11	36	97	1	1	-56	-56	2	83	83	-1	-1	25	25	-50	-50	7	7	-2	12	-4	23	23	-38	-31	6	-72	-72	-44	-12	-11	-16	-16	-71	127	-30	44	44	-28	-28	-14	8	72	16	16	-126	71	71	-69	-69	-21	-80	-80	-82	13	58	57	57	45	59	-35	-15	-15	-9	-7	51	-39	-39	-20	4	-32	-32	8	8	-47	-42	-42	-42	-3	-3	76	66	66	25	25	41	7	34	-2	-2	-18	79	-106	88	88	-23	-23	59	-31	-31	-32	-118	-69	-69	32	32	120	-61	-38	15	15	-60	-35	77	77	50	102	-83	15	15	-59	-59	30	39	35	22	22	-28	102	17	6	6	20	20	-65	-65	15	-37	-97	-97	95	-52	-52	7	7	-36	26	26	41	41	41	1	-11	-36	-36	-88	-88	36	36	-47	-47	-47	-45	-64	80	80	68	68	-16	68	68	-4	29	-71	-71	-2	-2	24	-5	127	37	37	0	-116	-22	63	63	35	79	-56	-56	-75	-75	91	68	68	-39	65	
-10	1	1	14	-49	15	15	20	20	7	24	24	7	7	18	18	-18	-18	-5	-5	-3	14	-3	4	4	-43	-1	2	-77	-77	5	17	29	1	1	0	-3	-8	0	0	-57	-57	20	-37	19	-2	-2	7	3	3	-15	-15	6	-25	-25	-13	18	24	40	40	4	-2	-5	1	1	-13	14	-1	5	5	3	-2	7	7	-26	-26	-5	-5	-5	-5	15	15	5	2	2	-1	-1	-5	21	-9	0	0	21	2	-6	20	20	-11	-11	15	-19	-19	5	5	-3	-3	-15	-15	-34	-6	24	5	5	-19	-14	4	4	1	-6	-11	-7	-7	-12	-12	-9	12	4	19	19	7	10	-17	-20	-20	21	21	-6	-6	15	4	-5	-5	1	5	5	10	10	1	8	8	1	1	1	5	-20	3	3	-21	-21	3	3	-5	-5	5	-14	-8	21	21	-2	-2	-23	1	1	0	-21	6	6	-18	-18	4	-11	17	-28	-28	5	-22	-3	5	5	1	2	7	7	3	3	-5	-15	-15	-5	-16	
-8	13	13	10	-21	4	4	0	0	0	28	28	-13	-13	8	8	-3	-3	-7	-7	-2	10	-14	-7	-7	-13	5	-1	-15	-15	20	5	-11	0	0	5	-5	-9	-23	-23	-1	-1	-11	-2	-5	5	5	10	-14	-14	7	7	-3	-4	-4	-8	21	-1	3	3	-8	-9	-6	17	17	-8	11	-1	4	4	0	4	-11	-11	-22	-22	5	4	4	4	3	3	11	2	2	2	2	-6	15	-9	9	9	14	0	-7	8	8	-3	-3	-21	-4	-4	-1	-7	6	6	3	3	-11	3	3	18	18	-22	3	1	1	-3	-2	-2	-21	-21	6	6	15	12	-4	2	2	10	-4	4	14	14	-8	-8	-3	-3	9	-1	-1	-1	-7	19	19	3	3	8	-10	-10	-9	-9	-9	7	-10	10	10	-1	-1	1	1	5	5	-13	-3	-9	9	9	8	8	-15	-2	-2	-10	-12	3	3	1	1	-17	9	-5	7	7	1	-2	-4	14	14	7	11	1	1	-29	-29	6	-4	-4	7	2	
-2	70	70	-8	-80	25	25	-5	-5	47	18	18	-43	-43	-5	-5	-19	-19	14	14	30	16	-50	-33	-33	-31	16	-4	-8	-8	91	18	-29	4	4	71	-38	-39	-122	-122	11	11	-14	13	-40	8	8	9	-83	-83	50	50	-11	-2	-2	25	48	-3	-33	-33	-19	-91	-35	27	27	-4	16	1	5	5	-12	2	-46	-46	-70	-70	35	20	20	20	48	48	59	5	5	33	33	-25	8	4	13	13	8	11	-24	-16	-16	-5	-5	-82	18	18	0	26	20	20	-3	-3	-29	21	10	8	8	7	12	24	24	-8	58	-16	-64	-64	32	32	-5	2	-16	54	54	31	3	14	-2	-2	-37	-37	0	0	26	-9	9	9	-12	65	65	-1	-1	-15	-4	-4	-17	-17	-17	12	-5	25	25	-12	-12	-4	-4	17	17	-71	28	4	48	48	62	62	-89	2	2	-74	-32	56	56	7	7	-11	-74	-35	6	6	29	-13	7	51	51	-4	33	-28	-28	-49	-49	32	-16	-16	65	16	
Trial:18
-3	-3	-33	-33	6	6	11	-3	-3	7	7	-4	-4	-16	4	4	36	16	-14	-14	16	-5	-2	-7	-7	-8	-8	12	-18	-18	-21	-21	-1	-1	4	1	1	-6	-4	3	-3	-7	-7	11	-8	5	-6	-6	0	0	55	-6	-13	-13	26	26	-19	-12	-12	-12	-12	-1	-1	-26	-26	0	-1	-21	7	7	-3	-3	-2	-2	-3	-3	11	8	-1	22	22	9	18	-6	-9	-9	-9	-11	4	-11	0	0	24	24	-9	-9	-12	-12	-1	-1	-4	-3	-3	-4	-4	-4	0	-12	-12	8	8	22	2	-15	3	-3	-3	-1	1	10	-5	-5	-5	1	-12	-12	2	2	0	0	-1	-1	-1	-4	-3	-3	1	-1	-1	-2	2	2	0	0	-1	-13	2	2	-5	-5	3	5	4	-2	-2	1	1	-2	-2	-3	-3	-2	-1	-4	-4	0	-1	-1	-3	-3	4	4	-1	-2	-3	-3	-15	-15	7	7	3	-4	-4	-2	-2	7	0	0	-3	-14	-14	2	-4	-4	-1	-1	1	-6	1	1	
0	0	2	2	0	0	-2	-1	-1	-2	-2	-2	-2	-3	-1	-1	4	7	-6	-6	-2	-6	0	2	2	1	1	-8	-4	-4	-3	-3	2	2	2	4	4	-7	3	-2	-4	-2	-2	2	4	-2	1	1	-6	-6	4	-5	-2	-2	-1	-1	3	1	1	1	1	-2	-2	-8	-8	-1	-3	-9	3	3	3	3	-2	-2	-1	-1	5	0	-3	1	1	2	0	2	-6	-5	-5	2	-1	-1	-1	-1	0	0	-4	-4	0	0	0	0	-2	-2	-2	-6	-6	-6	-5	-3	-3	-3	-3	2	-2	-1	0	2	2	-3	-2	2	-8	-8	-1	0	-5	-5	3	3	2	-1	0	-2	-2	5	-5	-5	-1	3	3	-2	0	0	-1	-1	-2	0	1	1	0	0	1	-6	-3	-1	-1	-3	-3	-3	-3	0	0	-3	-1	-5	-5	3	-3	-3	-4	-4	4	4	2	-6	-3	-3	-5	-5	1	1	8	-2	-2	1	1	1	4	-2	-4	-5	-5	-3	-6	-6	3	3	1	-6	4	4	
-3	-3	15	15	-7	-7	2	-6	-6	-2	-2	2	2	-14	-9	-9	3	-15	-2	-2	13	-4	-1	8	8	-1	-1	-13	-6	-6	5	5	-4	-4	19	15	15	-24	7	-5	-1	-3	-3	10	7	-15	13	13	-9	-9	0	-7	-4	-4	1	1	10	13	13	13	13	1	1	3	3	0	-5	-21	-2	-2	0	0	18	18	-8	-8	23	4	-12	2	2	4	-10	0	-1	-22	-22	2	7	3	-10	-10	-8	-8	-4	-4	-3	-3	-3	-3	14	1	1	-11	-11	-11	-4	14	14	-19	-19	1	-1	4	0	16	16	-12	-3	-6	-4	-4	-2	3	-16	-16	11	11	11	-27	-8	-1	-1	-1	-13	-13	-9	9	9	-8	11	11	3	3	-13	9	-5	-5	4	4	2	-17	-14	13	13	-7	-7	-16	-16	11	11	11	-1	-12	-12	5	-17	-17	1	1	8	8	5	-4	-15	-15	-15	-15	-2	-2	28	-4	-4	13	13	12	20	-14	1	-5	-5	15	-9	-9	14	14	-6	-3	12	12	
-12	-12	-2	-2	4	4	18	-11	-11	7	7	6	6	-24	-8	-8	12	1	-1	-1	33	-18	4	-7	-7	4	4	-1	-11	-11	-7	-7	-1	-1	-2	2	2	-1	8	-2	5	6	6	19	-2	-5	3	3	-11	-11	-11	-23	-6	-6	4	4	8	4	4	4	4	-9	-9	7	7	-13	1	-9	1	1	-15	-15	13	13	-13	-13	6	15	-1	-5	-5	14	-6	6	-24	-10	-10	6	3	12	1	1	13	13	0	0	-27	-27	7	7	13	0	0	-12	-12	-12	-1	-7	-7	0	0	-3	1	2	8	7	7	5	4	1	-3	-3	-10	3	-14	-14	24	24	-2	-15	-7	2	2	-8	-14	-14	-5	4	4	2	23	23	4	4	1	-9	0	0	2	2	1	-7	-14	6	6	-2	-2	0	0	-4	-4	0	-2	-17	-17	-9	-7	-7	0	0	7	7	0	-5	-4	-4	1	1	-26	-26	9	2	2	2	2	8	-4	2	-14	10	10	-10	5	5	-12	-12	-6	-3	15	15	
48	48	19	19	-41	-41	30	46	46	33	33	15	15	-97	-34	-34	47	-9	-66	-66	101	-30	38	-5	-5	-30	-30	71	-56	-56	-48	-48	-29	-29	-42	-23	-23	58	-5	-41	23	91	91	43	13	48	57	57	-20	-20	-37	-95	2	2	-79	-79	86	21	21	21	21	-110	-110	48	48	-58	-18	45	-26	-26	-64	-64	34	34	-32	-32	21	127	-16	2	2	53	4	-1	-75	50	50	31	-27	57	-44	-44	-53	-53	-8	-8	-44	-44	6	6	93	-9	-9	-16	-16	-16	10	6	6	-47	-47	60	37	22	56	40	40	-18	-95	3	-2	-2	42	23	-4	-4	59	59	-28	-78	-102	5	5	20	6	6	-44	5	5	0	27	27	-12	-12	2	-10	-30	-30	2	2	-7	-27	45	4	4	10	10	-16	-16	4	4	-50	-7	51	51	-87	44	44	-18	-18	37	37	11	22	-31	-31	33	33	-97	-97	13	53	53	-2	-2	9	11	-26	-25	73	73	-63	7	7	2	2	-101	33	28	28	
3	3	1	1	0	0	11	12	12	24	24	-8	-8	-29	-3	-3	6	-2	12	12	19	-6	4	-13	-13	-2	-2	6	14	14	-17	-17	-1	-1	-6	-20	-20	-10	18	1	-8	1	1	4	1	19	3	3	-10	-10	-15	-4	3	3	-12	-12	17	8	8	8	8	-14	-14	-3	-3	7	-2	-9	2	2	-12	-12	11	11	-8	-8	-30	12	12	-8	-8	6	4	3	-11	-5	-5	11	0	12	4	4	-8	-8	8	8	-19	-19	4	4	18	4	4	-8	-8	-8	-8	-11	-11	-2	-2	11	8	-3	5	11	11	9	-19	-1	-9	-9	3	3	-11	-11	14	14	6	-1	-15	5	5	3	-12	-12	-3	-2	-2	-2	0	0	0	0	0	-6	-2	-2	6	6	11	-6	-12	6	6	1	1	-7	-7	4	4	-4	3	-3	-3	-3	-14	-14	1	1	-3	-3	-11	-1	-3	-3	2	2	-15	-15	8	4	4	-3	-3	21	10	4	-21	-15	-15	-6	-3	-3	-7	-7	-4	-10	11	11	
-6	-6	4	4	3	3	12	4	4	4	4	-2	-2	-9	-5	-5	-3	3	1	1	5	-5	8	-19	-19	7	7	2	-10	-10	-13	-13	8	8	12	-3	-3	-4	-6	-7	-6	-7	-7	-2	0	4	6	6	-1	-1	5	5	-2	-2	-7	-7	6	-1	-1	-1	-1	4	4	3	3	7	-10	-16	2	2	2	2	-3	-3	-6	-6	5	-9	7	-5	-5	-1	0	-2	-6	-17	-17	6	4	8	4	4	-1	-1	-17	-17	-1	-1	5	5	-2	-1	-1	-4	-4	-4	1	5	5	3	3	5	1	-13	3	4	4	0	-3	-3	-5	-5	-3	-10	2	2	-4	-4	5	-2	-3	-1	-1	6	-6	-6	0	9	9	-5	-3	-3	3	3	-2	-3	-1	-1	6	6	-7	1	-13	-5	-5	4	4	1	1	4	4	-3	-18	-8	-8	2	6	6	-3	-3	2	2	-11	0	-2	-2	-7	-7	3	3	2	-10	-10	2	2	11	-8	3	-9	-19	-19	-1	4	4	0	0	4	-3	7	7	
1	1	-11	-11	14	14	56	-12	-12	-12	-12	3	3	-26	-3	-3	-2	6	4	4	3	7	26	-9	-9	5	5	-1	-49	-49	-64	-64	17	17	66	4	4	11	2	32	-13	-21	-21	-46	-12	-7	-2	-2	20	20	1	29	-14	-14	-6	-6	4	15	15	15	15	13	13	-10	-10	4	-23	-14	7	7	3	3	-10	-10	-14	-14	16	-15	-1	11	11	15	-10	-13	-10	-15	-15	-4	14	63	6	6	2	2	-49	-49	0	0	-4	-4	-3	-12	-12	5	5	5	-4	-8	-8	16	16	-12	2	19	23	1	1	-18	-6	11	1	1	-13	-13	-27	-27	5	5	24	-5	0	-4	-4	-13	-8	-8	2	28	28	-9	-11	-11	10	10	-13	-22	-8	-8	16	16	-5	16	-39	-30	-30	40	40	14	14	11	11	-7	-50	-18	-18	7	12	12	-2	-2	15	15	-12	13	-5	-5	-34	-34	20	20	1	-13	-13	7	7	13	-15	6	12	-59	-59	0	20	20	-6	-6	8	6	4	4	
Trial:19
-18	-40	-40	-7	-7	20	-19	-19	46	46	-9	-39	-39	-14	23	23	-8	-62	-62	-62	-66	-13	-1	-8	-8	-2	88	-19	51	51	1	1	-34	-7	18	-7	-7	72	-17	2	-26	-26	-94	-6	-10	-12	-4	-5	33	33	-14	-86	-13	18	50	50	-76	-4	-4	-42	-42	76	76	0	0	-2	-2	-35	-20	-20	43	43	17	-2	-26	52	52	-23	-23	-34	-34	-9	-9	16	-29	109	-75	-75	20	-42	15	15	-30	14	-3	24	-29	-81	-81	-24	-4	0	-3	22	22	-1	13	7	-51	-51	-15	-31	19	20	41	-23	13	5	5	5	-1	-24	41	20	32	32	31	-28	51	51	24	24	44	65	19	-40	-40	-23	-23	22	-16	28	28	-8	-8	-41	36	36	-20	-20	-20	-7	-59	-22	-22	26	107	9	-63	63	12	56	-27	-27	-36	-36	-49	89	3	28	-37	-18	-7	-12	-12	-29	-29	34	-56	-28	3	-19	13	13	15	15	-8	-8	26	10	1	-36	-36	-10	-63	3	3	0	0	-2	
-1	-1	-1	-2	-2	6	-5	-5	5	5	0	-1	-1	1	-4	-4	-4	-6	-6	-6	-3	0	1	-8	-8	0	7	-12	9	9	1	1	-3	-2	4	2	2	4	-3	1	-5	-5	-2	0	-2	-5	-6	2	-1	-1	-1	-5	-1	-3	-2	-2	-7	-1	-1	-2	-2	1	1	0	0	8	8	1	-1	-1	-3	-3	-1	0	-12	-2	-2	-1	-1	1	1	-4	-4	5	-5	2	-9	-9	8	-8	1	1	3	1	-6	-1	-4	-11	-11	-3	-5	0	-3	-1	-1	1	-7	6	-3	-3	-11	-4	4	-1	4	-1	0	-3	-3	-3	-2	-7	5	2	-10	-10	3	-2	1	1	6	6	5	-1	-5	3	3	5	5	4	-4	-1	-1	2	2	2	-2	-2	-7	-7	-8	-8	4	-1	-1	-4	7	2	-6	7	5	4	-7	-7	-5	-5	-3	-1	4	4	-7	-1	-2	-10	-10	6	6	-1	0	-5	3	2	2	2	-2	-2	-7	-7	-1	2	-3	0	0	5	6	-5	-5	-3	-3	2	
-15	6	6	6	6	4	-15	-15	3	3	-4	4	4	11	-13	-13	-7	-3	-3	-3	3	4	-7	-21	-21	1	5	-24	32	32	-1	-1	0	-7	3	9	9	9	3	-5	1	1	1	2	7	-25	-15	-2	-1	-1	5	3	3	-1	26	26	-7	-1	-1	-5	-5	-14	-14	13	13	10	10	-5	-4	-4	0	0	-8	-1	-25	-6	-6	4	4	-1	-1	-4	-4	6	7	-4	4	4	17	-5	-2	-2	9	12	-13	-1	16	-24	-24	-5	1	-1	-6	-6	-6	4	-3	7	-2	-2	-29	-5	14	-16	-6	3	3	-2	-2	-2	20	-47	7	14	-9	-9	5	7	-2	-2	3	3	20	-3	-16	2	2	11	11	5	0	0	0	14	14	-14	-6	-6	1	1	-14	-10	24	0	0	1	0	-13	3	4	16	-3	-1	-1	-8	-8	8	-11	6	16	-13	1	-4	-29	-29	11	11	-10	24	0	16	8	-15	-15	1	1	-2	-2	-2	3	-9	12	12	16	5	-8	-8	-6	-6	4	
4	-5	-5	2	2	6	9	9	19	19	-9	20	20	7	-6	-6	-5	11	11	11	8	1	-5	-29	-29	-19	-2	-19	20	20	-4	-4	6	-19	18	1	1	15	9	-17	-11	-11	26	0	-6	-22	-12	-18	-1	-1	3	-8	-14	8	12	12	15	-1	-1	-6	-6	-10	-10	12	12	-27	-27	9	11	11	10	10	28	2	-1	-22	-22	-6	-6	-28	-28	2	2	18	11	0	4	4	1	-10	0	0	-13	26	-12	13	-6	9	9	-5	2	-15	6	-18	-18	16	-3	9	17	17	1	-9	12	15	-9	-3	-30	-6	-6	-6	10	-13	11	-11	-3	-3	2	0	0	0	14	14	21	-32	-41	22	22	6	6	3	-24	11	11	15	15	10	-2	-2	-3	-3	-27	-9	15	3	3	21	2	-6	14	3	0	-6	-40	-40	-16	-16	3	-11	0	13	7	3	12	-5	-5	12	12	-14	3	16	4	13	9	9	-27	-27	-10	-10	-9	-2	3	18	18	10	-1	-10	-10	-2	-2	0	
48	-20	-20	-12	-12	-45	62	62	91	91	29	-1	-1	-28	-24	-24	55	40	40	40	71	19	-28	-85	-85	-128	59	-53	46	46	32	32	-11	-54	-31	-4	-4	127	127	-71	42	42	108	-76	-74	37	0	7	85	85	7	80	-82	-53	-23	-23	28	5	5	-42	-42	22	22	-9	-9	-111	-111	3	14	14	3	3	95	-48	10	-64	-64	98	98	-100	-100	-19	-19	-27	77	0	-60	-60	55	-22	92	92	-22	96	-10	81	19	103	103	-51	-69	-57	121	-66	-66	61	10	-63	104	104	84	-79	37	27	-124	-38	-86	-3	-3	-3	92	-59	31	-72	-2	-2	16	27	78	78	92	92	16	-90	-111	32	32	-58	-58	-13	-78	79	79	4	4	28	34	34	-10	-10	-106	-59	8	43	43	97	43	-6	53	-3	-16	-30	-79	-79	-5	-5	-54	-39	14	-17	-11	-3	127	-13	-13	32	32	-62	89	76	20	68	20	20	-42	-42	-44	-44	0	-62	73	31	31	-58	-35	61	61	5	5	24	
13	-24	-24	11	11	15	6	6	10	10	3	11	11	24	5	5	25	-28	-28	-28	21	-4	-5	-19	-19	-11	10	-21	22	22	-51	-51	15	-17	21	4	4	32	-6	-18	-8	-8	9	1	-16	-22	-36	-13	-30	-30	26	9	-12	3	3	3	-5	6	6	42	42	-9	-9	-3	-3	-25	-25	22	3	3	-4	-4	7	-3	6	-18	-18	19	19	-18	-18	-7	-7	-1	-2	-14	-39	-39	13	-4	9	9	10	2	-8	0	0	3	3	-6	10	-2	21	-18	-18	48	-26	-8	17	17	-15	-18	10	26	-30	-15	1	25	25	25	-6	-7	-8	-53	14	14	-5	6	4	4	23	23	7	4	-40	6	6	10	10	39	-11	35	35	-7	-7	4	30	30	-6	-6	-48	-5	4	-13	-13	7	-13	-3	12	23	5	-1	-20	-20	5	5	0	-9	2	13	7	14	32	-30	-30	3	3	-7	-4	-30	19	20	9	9	-59	-59	6	6	-11	-1	18	-13	-13	45	-18	-23	-23	18	18	-23	
-4	-7	-7	6	6	3	1	1	-4	-4	1	8	8	19	-13	-13	-4	-20	-20	-20	17	-4	-7	3	3	1	-2	-47	29	29	1	1	7	-5	-9	15	15	19	-2	-9	-10	-10	-10	8	-15	-8	-2	8	0	0	6	5	-8	11	-2	-2	-7	-5	-5	4	4	-7	-7	-5	-5	-2	-2	44	4	4	-15	-15	-7	6	-18	-2	-2	2	2	-2	-2	-3	-3	-6	4	-12	-31	-31	9	-9	-6	-6	6	-3	-11	-15	7	-4	-4	1	-2	-4	-5	6	6	22	-10	0	14	14	-11	-10	-3	3	-3	-3	7	5	5	5	8	-7	-3	-5	-19	-19	12	-1	-9	-9	-11	-11	10	5	-9	12	12	-3	-3	3	-15	15	15	-3	-3	10	9	9	-9	-9	-2	3	22	-3	-3	-9	1	-5	-9	1	11	4	-14	-14	26	26	-4	3	8	-11	-6	7	-18	-11	-11	-4	-4	7	-17	-5	-1	1	-3	-3	-24	-24	0	0	-6	10	13	0	0	20	6	-10	-10	5	5	3	
-44	41	41	-3	-3	56	-6	-6	-51	-51	15	-13	-13	13	9	9	-15	-74	-74	-74	11	14	5	-3	-3	-2	44	-58	60	60	34	34	45	-38	-47	4	4	73	4	-23	11	11	-32	-23	-11	-12	20	58	26	26	56	22	-33	74	-31	-31	-23	-24	-24	5	5	-18	-18	-28	-28	8	8	113	-8	-8	-18	-18	-7	49	-75	7	7	49	49	-46	-46	-10	-10	-7	-25	-10	-85	-85	39	-29	33	33	5	-39	-27	-26	20	-7	-7	44	-63	-1	-52	-7	-7	-14	23	-12	13	13	14	-49	-25	30	70	41	1	-12	-12	-12	45	-12	-26	-1	-40	-40	76	18	-13	-13	-43	-43	18	30	6	15	15	-9	-9	19	-10	23	23	0	0	-16	34	34	-14	-14	15	47	30	-21	-21	-26	12	8	-54	-12	41	-13	9	9	91	91	-3	29	-21	-38	5	21	-3	-30	-30	-20	-20	-9	-77	-21	-17	-18	15	15	-50	-50	10	10	11	7	6	33	33	74	22	-10	-10	-19	-19	-27	
