2020/5/20 8:18:21
Sampling rate: 100
Measure time: 2
Trial:0
-2	4	-11	-8	0	0	-1	-2	1	1	-89	-89	-10	-28	15	27	27	-12	34	117	-5	74	12	0	0	24	-25	-25	-20	-20	55	20	-8	0	0	-10	25	-35	-35	-21	-21	-16	-12	-23	-7	-7	-70	-3	30	30	-11	-11	-5	-4	10	10	10	12	12	-3	-3	-18	-18	11	-2	3	-14	-14	-10	-60	13	14	68	68	-8	15	2	-8	-8	-3	42	-90	-30	-30	30	20	-12	-12	-22	-22	25	21	-35	40	40	43	28	9	-22	33	-16	-36	-22	-22	-24	-24	-22	31	-22	38	38	85	85	26	-50	-50	67	67	-14	-16	-16	-22	-33	-9	-43	-4	-4	-49	-49	12	44	11	11	36	36	20	47	-2	-2	13	5	-50	13	13	-14	-14	-84	5	45	-6	-24	28	-7	37	-52	-63	-63	-17	-17	55	55	55	-8	9	9	23	-82	-16	7	30	-27	3	24	24	-11	32	-4	13	29	29	-30	-47	-8	34	34	-37	-37	-26	16	-58	-58	-19	26	-13	-13	-38	-38	26	26	7	
-1	-1	-6	-3	1	1	-1	-2	4	4	-27	-27	-12	-6	2	10	10	-6	5	32	4	-14	-4	6	6	-7	2	2	1	1	16	-7	0	1	1	-5	0	-8	-8	-7	-7	-5	0	-2	-2	-2	-6	-4	5	5	-2	-2	-6	-6	-2	4	4	0	0	-4	-4	-1	-1	-1	-9	-1	-4	-4	1	-3	6	1	-2	-2	-1	9	1	0	0	1	0	-19	-5	-5	9	2	-10	-10	-6	-6	5	0	-14	10	10	6	-2	1	-7	-2	-8	6	4	4	-4	-4	-4	9	-3	-2	-2	9	9	2	-3	-3	4	4	-9	-4	-4	3	-5	0	-10	-4	-4	-3	-3	3	7	-5	-5	6	6	0	3	4	4	0	-8	-9	6	6	-4	-4	-9	-3	4	-1	-2	0	0	4	-8	-3	-3	-4	-4	7	7	7	-1	-5	-5	-9	-6	-7	-1	7	-6	3	5	5	-5	7	-4	5	4	4	-3	2	-7	3	3	0	0	-1	3	-2	-2	-13	2	-7	-7	-4	-4	3	3	-1	
0	0	-5	-2	-6	-6	9	-5	2	2	-8	-8	-17	-4	3	11	11	-3	4	11	10	-15	-9	4	4	-4	1	1	6	6	1	-4	-3	0	0	-1	-5	-1	-1	-1	-1	-2	-1	2	-1	-1	-3	-1	-2	-2	5	5	-2	-2	-2	0	0	-2	-2	1	1	-2	-2	1	-3	0	0	0	-3	-3	8	-1	-7	-7	-5	4	0	1	1	1	0	-2	-8	-8	4	-3	-4	-4	4	4	-4	-4	-2	1	1	-3	-1	-4	-1	0	2	-1	-4	-4	-4	-4	-2	1	-3	-3	-3	0	0	0	-1	-1	2	2	-1	-4	-4	5	1	2	-3	-4	-4	1	1	1	-2	-3	-3	2	2	-1	-4	-3	0	0	-7	-7	2	2	0	0	2	-2	-2	0	-1	-3	-2	-7	0	-1	-1	-5	-5	9	9	9	0	-7	-7	-5	-4	3	-4	1	0	-3	4	4	-2	-2	-7	5	5	5	-2	-1	-6	-1	-1	-3	-3	4	-1	-4	-4	-4	4	-5	-5	-3	-3	1	1	5	
1	6	-3	0	-1	-1	-2	-2	4	4	-5	-5	-17	-1	1	5	5	-2	3	23	-1	-60	-37	20	20	-3	3	3	30	30	1	3	7	-10	-10	-3	-2	-6	-6	13	13	0	1	-10	-3	-3	-10	4	-5	-5	14	14	0	-4	-5	-18	-18	-1	-1	6	6	-3	-3	6	-3	6	1	1	-2	-1	29	0	-17	-17	-24	-10	3	-9	-9	-23	0	12	8	8	-21	1	-31	-31	65	65	-1	-6	0	0	0	-8	-30	-19	10	-8	-5	17	-1	-1	-2	-2	-3	-8	-48	16	16	4	4	-1	-13	-13	-15	-15	29	1	1	34	36	-5	-9	-27	-27	-1	-1	5	-20	7	7	-7	-7	-11	-23	42	-19	5	-40	26	9	9	17	17	1	2	-24	2	13	-3	-13	10	24	-8	-8	-3	-3	-1	-1	-1	12	22	22	-19	8	-14	-12	7	11	3	7	7	21	-18	-15	-27	-10	-10	-3	13	6	-11	-11	19	19	13	-1	-1	-1	-26	1	8	8	15	15	-30	-30	-6	
0	3	-5	-3	-1	-1	0	-3	4	4	-7	-7	-9	-2	-1	0	0	1	3	27	-2	-34	-17	15	15	-6	2	2	-16	-16	7	-7	6	-1	-1	-5	5	0	0	3	3	-1	3	-5	-1	-1	-4	-3	0	0	-1	-1	1	0	-5	-15	-15	6	6	1	1	1	1	5	-16	1	0	0	0	4	3	3	-5	-5	-14	-16	-4	-2	-2	-11	2	7	7	7	-6	6	-11	-11	24	24	-5	4	-8	20	20	-12	-20	-9	-2	7	7	17	5	5	-4	-4	10	10	-38	9	9	18	18	-15	0	0	-29	-29	0	-6	-6	15	6	-4	12	-16	-16	17	17	3	-32	-21	-21	-9	-9	-7	-13	22	6	-22	-1	9	6	6	8	8	12	-12	2	-27	2	0	-48	12	36	10	10	-3	-3	-9	-9	-9	18	-8	-8	-2	10	-9	-8	7	1	2	-9	-9	-36	8	-6	-23	17	17	8	6	9	5	5	-2	-2	9	-17	16	16	-5	4	-6	-6	15	15	-14	-14	10	
-4	9	-8	-5	-5	-5	4	-4	11	11	-22	-22	-26	-13	5	13	13	-11	2	39	10	-29	8	6	6	-4	-2	-2	-9	-9	14	-30	7	1	1	-6	0	-6	-6	1	1	5	1	-6	2	2	-1	-3	3	3	-3	-3	-6	-4	2	-7	-7	1	1	-4	-4	-1	-1	-3	-29	0	-4	-4	9	6	0	46	20	20	-20	-18	-11	3	3	-5	0	4	5	5	-10	8	-8	-8	-2	-2	-28	7	4	7	7	18	-6	-9	-2	12	-5	-8	2	2	2	2	-7	5	-9	10	10	2	2	10	9	9	-17	-17	-2	5	5	3	-1	-2	2	-2	-2	-13	-13	2	-11	-15	-15	4	4	2	-8	-13	1	22	-1	3	3	3	-6	-6	7	13	-7	-5	-11	-10	-19	-5	18	8	8	-3	-3	-4	-4	-4	4	1	1	-3	0	-2	-17	6	-8	1	-1	-1	7	11	13	3	1	1	-14	3	4	-9	-9	-3	-3	-6	8	-2	-2	-3	-3	0	0	-1	-1	-11	-11	-2	
-8	24	-32	1	4	4	12	-5	41	41	-33	-33	1	-118	-34	51	51	13	4	49	37	10	-6	-32	-32	-49	-22	-22	-15	-15	77	36	36	7	7	-28	-35	-30	-30	5	5	3	1	12	-8	-8	-6	-11	11	11	-2	-2	-52	-24	17	-1	-1	11	11	-11	-11	-2	-2	-34	-44	2	-2	-2	24	44	29	27	-27	-27	0	32	9	2	2	-11	-19	-29	28	28	-3	23	-39	-39	39	39	-23	7	-14	15	15	10	-10	-22	-17	56	-85	15	21	21	-19	-19	-49	24	14	8	8	15	15	7	10	10	-16	-16	-26	-42	-42	14	18	-32	-2	-16	-16	-7	-7	42	-38	31	31	-1	-1	32	38	-54	-38	2	-21	-33	34	34	-42	-42	-11	-84	-18	32	-11	21	-19	-27	-10	19	19	5	5	-57	-57	-57	5	39	39	14	9	-17	-21	17	-42	3	34	34	8	4	10	22	-2	-2	-67	-25	1	30	30	11	11	-5	2	9	9	-16	-1	-10	-10	8	8	-10	-10	-54	
-5	12	-14	0	1	1	2	-5	13	13	-63	-63	-26	-48	17	18	18	-3	20	58	0	-22	18	17	17	-2	-1	-1	-8	-8	44	-17	-8	9	9	-13	3	-32	-32	2	2	-2	1	-4	-2	-2	-28	-4	16	16	-3	-3	-23	-4	8	-7	-7	10	10	-4	-4	-4	-4	1	-14	4	-19	-19	9	-10	13	-7	19	19	-10	16	-3	-4	-4	12	18	-44	-6	-6	24	4	-21	-21	-5	-5	13	9	-11	11	11	31	8	-3	-21	21	-38	-8	-6	-6	-10	-10	-28	19	-19	-2	-2	33	33	23	-28	-28	25	25	15	-10	-10	-6	-7	-4	-35	-8	-8	-41	-41	22	8	0	0	5	5	16	10	-21	-10	15	14	-44	23	23	-13	-13	-33	-33	18	-4	-15	11	1	21	-18	-14	-14	-18	-18	12	12	12	-5	15	15	13	-30	-14	10	5	-19	4	8	8	10	3	-6	6	6	6	-23	-15	-10	22	22	-5	-5	4	14	-16	-16	-11	5	-12	-12	0	0	0	0	-9	
Trial:1
11	-18	-11	-11	-4	8	10	3	3	-8	6	-29	20	-2	-2	14	12	21	11	11	-17	7	-17	-17	-20	-20	-3	-3	26	17	17	-6	-6	-6	-6	-14	-14	0	0	7	-11	-11	-12	-12	19	-10	21	12	12	-9	-39	1	5	29	29	2	11	5	45	45	-6	-15	-17	5	5	-7	-7	-23	-23	-20	-20	15	-31	-22	-14	-14	7	-2	-31	33	45	45	-5	15	7	-69	-69	-1	8	57	35	-29	-29	0	-18	-50	5	5	17	-7	15	7	18	18	5	-2	30	11	11	-22	-22	-14	-14	-34	-34	13	13	2	5	5	9	9	15	-14	-14	-17	-17	-17	-10	-4	-4	13	13	16	-1	-1	27	27	-49	-3	-17	-17	11	11	-10	-24	-24	5	5	7	-22	-2	-2	-2	-26	4	-6	-6	25	25	3	3	1	1	8	1	-29	3	3	-24	-24	35	-2	-14	-14	7	7	-5	0	-1	-45	-45	16	-47	17	17	-55	10	6	-7	28	43	43	41	5	-8	-43	-57	-57	-3	
3	2	-14	-14	-1	2	0	-6	-6	1	-2	-1	0	-2	-2	-3	-2	2	1	1	-5	-4	-6	-6	-4	-4	-1	-1	6	-2	-2	3	3	3	1	-12	-12	-2	-2	5	-1	-1	-3	-3	1	0	5	0	0	-4	-1	5	0	4	4	0	-3	-1	3	3	-5	-3	-9	-7	-7	3	3	-3	-3	-5	-5	-2	-2	0	-1	-1	-1	-2	-2	9	7	7	-3	-2	5	-5	-5	-4	2	2	3	-4	-4	-1	0	0	1	1	-2	2	-3	-4	4	4	0	-3	3	0	0	-3	-3	-2	-2	-5	-5	1	1	-1	-3	-3	-4	-4	-5	-6	-6	-7	-7	-7	9	0	0	-3	-3	-5	-3	-3	9	9	-10	-3	0	0	-2	-2	-4	-4	-4	-1	-1	0	-2	3	3	3	-2	3	-10	-10	3	3	2	2	-1	-1	1	5	-6	3	3	-2	-2	3	-5	0	0	-10	-10	3	0	0	-4	-4	3	-3	-1	-1	-8	-1	-4	-4	3	-5	-5	4	3	0	-4	3	3	-2	
0	-1	-4	-4	0	1	-5	-4	-4	-2	-1	-1	-4	4	4	-3	-1	-1	3	3	-2	-1	-2	-2	-3	-3	-4	-4	0	-2	-2	0	0	0	0	1	1	-1	-1	0	0	0	-3	-3	-2	-2	-2	1	1	-4	3	3	-3	-2	-2	1	1	-2	-3	-3	0	-6	-4	-3	-3	-1	-1	-2	-2	-1	-1	1	0	0	-1	-1	-1	1	-2	-1	3	3	-3	-4	2	-4	-4	-4	0	2	3	-2	-2	-2	-3	0	1	1	-3	6	-1	-3	2	2	2	3	-4	-1	-1	-4	-4	-2	-2	-1	-1	-1	-1	2	3	3	-4	-4	-5	1	1	-6	-6	-6	1	-1	-1	-5	-5	-6	-1	-1	2	2	0	-1	1	1	-1	-1	-2	-3	-3	0	0	-4	-4	2	2	2	2	-1	-5	-5	1	1	3	3	-1	-1	0	2	-2	-1	-1	0	0	-3	-2	0	0	-3	-3	0	-1	3	-3	-3	-2	-1	1	1	-3	-1	-2	-7	3	-4	-4	-2	2	2	-3	1	1	-4	
6	10	0	0	0	-7	-8	-5	-5	-13	2	8	-4	2	2	-9	-2	-5	-7	-7	5	-4	3	3	0	0	-14	-14	0	-2	-2	-7	-7	-7	-4	-9	-9	12	12	1	-3	-3	11	11	-1	0	-12	1	1	0	16	5	-7	-7	-7	0	-6	-14	-1	-1	0	-3	-3	10	10	-6	-6	-1	-1	-4	-4	13	10	-8	-5	-5	9	1	-7	0	7	7	0	2	5	-2	-2	-4	9	-14	11	2	2	-8	9	-2	5	5	16	8	-10	-8	1	1	4	1	-19	0	0	11	11	1	1	-19	-19	2	2	2	9	9	1	1	5	5	5	-14	-14	-14	2	0	0	-2	-2	-4	-1	-1	-6	-6	4	-3	-4	-4	7	7	4	2	2	-11	-11	4	2	4	4	4	1	-6	-19	-19	11	11	15	15	3	3	-9	9	12	-18	-18	-1	-1	-5	-4	1	1	-5	-5	1	-3	16	-1	-1	-5	-11	6	6	-4	5	-15	-13	10	-12	-12	-3	-5	-7	6	19	19	-15	
2	6	-1	-1	-1	-6	-5	-10	-10	-7	0	2	1	0	0	-2	-2	-3	-3	-3	2	0	-3	-3	3	3	-10	-10	2	2	2	-5	-5	-5	-3	-6	-6	6	6	2	-4	-4	0	0	-1	0	-6	2	2	0	-4	8	-15	-6	-6	3	-6	-2	5	5	5	1	-13	13	13	0	0	2	2	-3	-3	-5	2	-2	2	2	5	6	7	-2	-3	-3	-23	2	11	1	1	2	-34	2	13	-3	-3	-14	12	0	8	8	6	2	6	-6	0	0	5	-1	-10	-4	-4	-6	-6	-1	-1	-4	-4	0	0	-1	-8	-8	0	0	4	1	1	-6	-6	-6	7	19	19	4	4	-2	-4	-4	-12	-12	-1	-9	-2	-2	-2	-2	4	8	8	-12	-12	2	3	0	0	0	-3	2	-24	-24	9	9	6	6	-1	-1	1	2	-1	-5	-5	-7	-7	-3	-4	0	0	0	0	0	4	5	2	2	-4	-7	2	2	-2	6	1	-12	5	-12	-12	2	6	-10	6	5	5	-7	
7	-14	-12	-12	-1	-3	4	-4	-4	-10	-3	-20	-4	4	4	6	4	-3	1	1	0	1	-7	-7	5	5	-7	-7	10	4	4	-3	-3	-3	-2	-1	-1	-1	-1	0	-4	-4	-12	-12	2	-3	-7	-7	-7	4	2	-1	-2	-9	-9	5	1	-3	7	7	3	0	-14	5	5	5	5	-3	-3	-7	-7	0	-1	3	4	4	-5	1	6	-8	7	7	-16	0	7	-4	-4	14	-7	5	9	-5	-5	-17	5	-22	8	8	7	3	6	-5	2	2	0	3	-4	-1	-1	-5	-5	-1	-1	5	5	3	3	-8	1	1	-11	-11	4	6	6	-1	-1	-1	3	-4	-4	-1	-1	0	5	5	-9	-9	-2	-13	-4	-4	-1	-1	-5	3	3	0	0	0	1	3	3	3	-3	7	-5	-5	1	1	5	5	-5	-5	4	-6	0	-2	-2	-2	-2	-4	-16	-9	-9	-6	-6	-5	-2	4	1	1	2	-5	-2	-2	-5	0	2	-12	1	-6	-6	-2	1	-6	-5	3	3	0	
2	-24	-31	-31	9	-34	19	-13	-13	-34	-3	9	6	-3	-3	12	10	-20	11	11	23	20	-19	-19	1	1	-48	-48	59	8	8	2	2	2	-5	-19	-19	16	16	21	-19	-19	-71	-71	1	-9	15	-16	-16	7	50	2	13	-58	-58	14	14	-50	13	13	36	-41	-55	31	31	52	52	19	19	-31	-31	51	14	-5	-21	-21	-8	11	6	-26	28	28	-19	2	-15	-18	-18	29	-3	1	-15	-11	-11	11	1	2	23	23	-4	-2	-17	30	0	0	-42	-12	8	-8	-8	-16	-16	11	11	3	3	18	18	-27	16	16	-78	-78	7	27	27	28	28	28	5	13	13	23	23	16	-7	-7	-59	-59	15	-22	-14	-14	5	5	-42	40	40	-1	-1	-1	9	41	41	41	12	-20	3	3	15	15	29	29	-43	-43	40	-25	-38	-32	-32	4	4	-10	-48	-4	-4	-49	-49	22	-12	34	7	7	5	-30	10	10	-17	15	1	-36	-15	12	12	-21	0	10	-32	3	3	-6	
9	-16	-15	-15	-3	-6	5	-8	-8	-17	-2	-15	-2	10	10	5	8	1	0	0	-2	2	-18	-18	-1	-1	-6	-6	2	2	2	6	6	6	8	13	13	1	1	5	-17	-17	-17	-17	0	6	20	6	6	5	-27	6	13	-9	-9	10	5	-10	29	29	-2	-24	-13	-7	-7	10	10	-7	-7	-26	-26	8	-6	-3	-10	-10	4	-1	-9	12	23	23	-2	5	-6	-14	-14	3	1	16	10	-8	-8	4	-1	-22	13	13	4	0	-2	-2	0	0	-3	-3	20	-5	-5	-17	-17	-5	-5	-16	-16	9	9	-13	8	8	-23	-23	5	7	7	9	9	9	-8	3	3	6	6	18	-12	-12	1	1	-5	-3	-9	-9	4	4	-17	3	3	0	0	-3	-1	-1	-1	-1	4	-8	-1	-1	9	9	12	12	-10	-10	14	0	-26	-10	-10	-1	-1	9	-3	-10	-10	-8	-8	4	-31	2	-13	-13	10	-19	10	10	-20	3	7	-19	10	20	20	2	11	-12	-21	-8	-8	-8	
Trial:2
31	4	20	4	4	-22	-22	15	15	0	0	-2	2	2	8	8	-3	-24	6	6	-18	-18	10	-6	-17	1	1	20	-45	2	-7	-39	-39	0	0	-22	5	5	-13	-13	27	-1	-1	-32	-32	-7	15	36	9	9	9	-17	31	31	-17	-17	-6	-8	18	16	16	1	27	-14	-17	-17	-8	-8	-17	17	-20	-20	-17	11	10	31	31	1	-16	-7	-7	50	50	29	-11	-11	-21	-21	-13	1	-16	0	0	-58	-10	14	3	3	6	-12	-14	-60	27	27	0	4	0	-11	-11	-22	23	26	26	26	25	5	5	20	-6	-9	-9	-2	-2	-29	0	0	-3	-3	-54	28	28	15	15	-1	-6	6	6	-3	-3	-1	26	14	15	-2	-1	-1	-12	-12	-1	11	10	20	20	-4	-4	-1	-8	-8	-8	-8	-8	-11	7	-5	-5	8	3	-5	-5	5	5	14	-5	-4	-9	-9	-11	-2	12	-15	-5	1	-48	-15	1	13	13	2	-21	-3	-3	-5	-5	21	-10	-31	-36	-36	4	4	
2	1	1	4	4	-1	-1	0	0	-6	-6	-2	1	2	0	0	-3	-4	1	1	-5	-5	-4	8	-1	3	3	-3	-5	5	3	-8	-8	4	4	-3	2	2	-4	-4	-1	-5	-5	-2	-2	-1	-1	-3	-2	-2	2	-3	-4	-4	-4	-4	2	-4	6	1	1	-5	1	2	-2	-2	1	1	-8	0	-5	-5	-7	-5	1	-5	-5	4	2	4	4	1	1	-3	-5	7	-4	-4	-5	2	-4	-4	-4	0	-3	-2	2	2	-1	0	0	-7	2	2	3	-1	-1	0	0	2	6	-5	-5	-5	-1	2	2	5	-2	-5	-5	-3	-3	-6	0	0	-2	-2	-12	5	5	-1	-1	-2	-3	1	1	-7	-7	5	0	2	3	-3	-3	-3	-4	-4	-1	2	-7	3	3	1	1	4	2	2	-1	-1	-2	-4	0	0	0	-1	4	-6	-6	1	1	-5	-3	-5	-1	-1	-2	-3	-3	-3	1	-1	1	2	1	0	0	2	-4	-6	-6	2	2	-3	-1	1	-6	-6	-6	-6	
-1	-4	1	4	4	-2	-2	-2	-2	-6	-6	-2	-4	1	3	3	-6	1	-2	-2	1	1	0	0	3	4	4	-2	-6	4	-2	-6	-6	0	0	-6	-2	-2	-2	-2	-2	-1	-1	0	0	0	1	-2	-1	-1	-4	0	1	1	-4	-4	3	-3	-1	1	1	4	2	-2	-3	-3	1	1	-4	-1	-4	-4	-3	-8	0	-9	-9	0	2	-1	-1	1	1	-1	-4	1	-2	-2	-1	-3	-4	-6	-6	1	-3	-4	1	1	5	0	-3	4	-6	-6	-2	-6	0	-1	-1	-3	2	-1	-1	-1	-1	4	4	-1	-2	0	0	1	1	-4	-4	-4	2	2	-3	-2	-2	-2	-2	0	-4	-3	-3	-4	-4	-3	0	3	-4	-1	-1	-1	1	1	-1	4	-3	0	0	-2	-2	-1	0	0	-4	-4	0	-4	1	-2	-2	-5	0	-2	-2	-1	-1	-5	-4	1	1	1	-1	-3	3	-2	-3	-3	-1	1	0	1	1	0	-4	-2	-2	2	2	1	-1	1	-4	-4	-2	-2	
-7	-4	4	10	10	-7	-7	2	2	-3	-3	-8	-7	-7	2	2	-10	5	2	2	9	9	2	10	1	2	2	0	2	2	2	-7	-7	2	2	-8	-4	-4	3	3	-5	7	7	-1	-1	-3	-3	6	6	6	-14	-13	1	1	-5	-5	19	-3	-16	-5	-5	5	5	-4	-2	-2	-1	-1	-5	5	-2	-2	-6	3	8	-4	-4	-6	-10	-5	-5	5	5	-1	-9	-1	-3	-3	11	-6	-10	-1	-1	-10	4	-2	11	11	-2	-1	12	8	-4	-4	-10	-2	-2	2	2	-20	-6	2	2	2	2	2	2	4	-10	12	12	4	4	-1	-10	-10	5	5	5	-5	-5	-3	-3	4	-6	-10	-10	-6	-6	-9	-1	10	-5	-14	4	4	9	9	0	9	-6	6	6	-3	-3	1	-4	-4	0	0	-4	4	-1	-6	-6	0	0	4	4	1	1	-13	8	8	14	14	0	-6	0	1	1	-5	-5	-3	-9	7	7	-5	-9	-14	-14	-8	-8	2	10	7	-7	-7	3	3	
-5	-5	2	-3	-3	-5	-5	4	4	-8	-8	-7	-2	-3	2	2	-9	1	1	1	1	1	2	2	-1	-2	-2	-2	5	3	-1	-5	-5	-3	-3	0	3	3	1	1	-2	-2	-2	2	2	-6	-4	2	3	3	-1	-9	-2	-2	-5	-5	6	1	-6	-6	-6	-1	-1	-11	1	1	1	1	1	4	-2	-2	-2	3	3	-1	-1	-1	-3	-14	-14	8	8	2	-6	3	-4	-4	7	-2	-3	0	0	-6	1	-3	3	3	-7	0	3	-6	-3	-3	-5	2	0	3	3	-10	-3	-3	-3	-3	0	0	0	2	1	13	13	-2	-2	2	0	0	-1	-1	-1	-5	-5	-4	-4	2	-3	1	1	-3	-3	-7	-3	-2	1	-11	2	2	6	6	7	6	1	-2	-2	-1	-1	0	-9	-9	0	0	-2	2	-2	1	1	5	3	1	1	-1	-1	0	11	4	2	2	3	1	-4	1	-4	2	1	3	-14	5	5	-4	-2	-11	-11	-7	-7	4	-2	4	-4	-4	2	2	
3	-29	3	-6	-6	-5	-5	-5	-5	-12	-12	-7	-6	-5	11	11	-7	5	0	0	2	2	-2	4	-3	-17	-17	3	-3	13	2	-3	-3	-7	-7	2	6	6	-2	-2	-17	4	4	2	2	0	-9	2	-3	-3	0	-8	-21	-21	7	7	13	4	-3	1	1	-2	-6	-5	-3	-3	7	7	-5	2	-2	-2	-3	-2	6	-2	-2	3	-4	-7	-7	-5	-5	-1	-4	4	3	3	3	3	4	7	7	-2	2	-1	-2	-2	-2	-2	-5	-10	-6	-6	2	-2	-1	-4	-4	-8	4	-6	-6	-6	-3	2	2	5	6	11	11	-2	-2	-6	-4	-4	-3	-3	-5	-2	-2	-8	-8	4	-5	0	0	2	2	-6	2	1	-4	-5	3	3	-2	-2	4	0	2	-8	-8	-11	-11	0	5	5	6	6	0	1	-3	-7	-7	6	5	-3	-3	0	0	3	5	-3	0	0	-5	6	-2	1	-4	-6	2	2	-4	5	5	-7	-8	-11	-11	-2	-2	4	2	-3	1	1	0	0	
14	10	2	-12	-12	-10	-10	-9	-9	-51	-51	14	9	8	7	7	-10	19	12	12	-26	-26	-9	-2	47	6	6	-37	-3	11	8	8	8	-12	-12	0	-7	-7	-9	-9	-5	8	8	-20	-20	35	-5	-14	-4	-4	11	52	-48	-48	7	7	24	16	5	-11	-11	-40	-26	17	10	10	45	45	-13	-22	-12	-12	-6	1	2	13	13	18	-11	11	11	-15	-15	-63	-10	38	-1	-1	23	2	-10	16	16	-1	-1	-1	12	12	3	-6	-3	-19	19	19	-5	32	-2	-5	-5	-13	8	-36	-36	-36	36	12	12	5	21	-3	-3	-15	-15	0	3	3	-1	-1	13	-10	-10	-21	-21	-8	-27	3	3	-8	-8	5	6	-4	-26	-15	-3	-3	0	0	18	-10	-8	0	0	-76	-76	21	40	40	18	18	12	14	11	-37	-37	3	-2	5	5	-21	-21	-5	22	12	-3	-3	-45	15	5	-5	13	-21	34	-5	0	21	21	-15	-9	-45	-45	-6	-6	0	0	-28	13	13	13	13	
2	3	14	0	0	-5	-5	-4	-4	-7	-7	-5	8	5	8	8	-6	-4	6	6	-19	-19	-6	-6	3	2	2	-13	-15	11	-4	-18	-18	11	11	-4	-2	-2	-6	-6	10	-1	-1	-11	-11	9	-12	10	-3	-3	2	16	-6	-6	-9	-9	4	-11	21	7	7	-45	3	4	-3	-3	11	11	-5	2	-9	-9	-8	-11	3	15	15	6	0	2	2	19	19	-9	-11	-4	-11	-11	6	-3	-5	4	4	-14	-8	-10	8	8	1	-7	-3	-21	3	3	7	5	-4	1	1	-8	8	-7	-7	-7	19	-6	-6	2	-15	-3	-3	-7	-7	-19	5	5	-8	-8	-15	10	10	2	2	-5	-7	1	1	-4	-4	13	6	4	-5	-9	0	0	-11	-11	3	-3	-1	-5	-5	-10	-10	9	8	8	-4	-4	-4	9	-4	-12	-12	3	3	3	3	1	1	14	1	0	-5	-5	-24	6	0	0	7	-9	-7	-1	1	7	7	-5	-6	-13	-13	0	0	12	-5	-17	-17	-17	-4	-4	
Trial:3
-7	-10	-10	-16	29	29	-20	-20	16	2	7	-11	4	7	7	9	9	41	41	-20	7	17	17	-19	-19	-5	-6	-29	-100	-100	34	-13	1	8	-44	-44	34	17	3	3	71	-1	1	12	17	22	22	22	2	-10	-34	-34	15	1	-48	-48	23	23	-3	10	1	-3	-3	32	32	1	8	-23	-23	2	0	17	17	-20	-5	9	8	8	-4	-4	23	-19	-5	-2	-16	1	1	-6	-15	0	0	42	42	-30	-17	-5	-5	-2	-2	-25	-32	-32	-13	-13	35	-12	-28	-28	23	23	3	2	-9	-4	-4	10	-13	5	5	-1	-1	-18	22	17	27	27	-37	25	-6	-18	-18	-44	-44	13	13	-47	-47	38	0	-31	27	27	32	15	26	26	-30	-30	12	-27	25	-48	-48	-7	-2	-6	-6	69	69	-15	6	-5	18	18	3	-5	-5	3	1	-36	-36	33	33	16	-12	10	10	-16	-1	-1	9	9	0	0	-57	-57	-7	-7	5	15	15	12	12	6	6	-36	-36	12	12	4	
2	-5	-5	-2	0	0	-5	-5	1	-4	1	-4	-2	-5	-5	-1	-1	2	2	1	-3	1	1	-4	-4	1	-3	-5	-9	-9	3	-3	-3	0	-7	-7	2	2	-7	-7	6	4	1	7	-3	-2	-2	-2	-2	-6	-7	-7	1	-6	-15	-15	-1	-1	2	2	1	2	2	3	1	-1	-4	-4	-4	1	-9	-10	-10	2	2	2	2	2	-6	-6	1	0	2	5	-9	5	5	-4	3	-2	-2	4	4	-5	3	-3	-3	2	2	-8	-7	-7	1	1	-4	4	-1	-1	1	1	1	-5	-1	-2	-2	5	0	-3	-3	1	1	2	3	-2	0	0	-2	0	0	-5	-5	-3	-3	-2	-2	-11	-11	5	-1	-1	0	0	3	-1	3	3	1	1	1	-1	-1	-2	-2	-4	-4	-1	-1	1	1	1	-4	-4	3	3	0	4	4	0	-2	-5	-5	2	2	-1	-1	-2	-2	1	3	3	-2	-2	0	0	-11	-11	-2	-2	2	6	6	2	2	-4	-4	-5	-5	2	2	0	
-3	-7	-7	-5	1	1	-6	-6	3	0	-1	-1	0	-3	-3	-3	-3	-1	-1	1	1	1	1	-2	-2	-1	-5	2	0	0	-3	-3	-2	-1	-3	-3	0	0	-4	-4	0	1	0	4	-3	0	0	0	1	1	-5	-5	-3	-5	-5	-5	-3	-3	-1	2	3	-3	-3	-5	0	0	-5	-3	-3	-1	-2	-5	-5	0	1	1	1	1	-3	-3	1	-2	3	-1	-6	-1	-1	-3	1	2	2	-3	-3	-2	2	-2	-2	-1	-1	-4	0	0	1	1	-1	-2	1	1	-1	-1	-4	-1	3	2	2	3	-2	-7	-7	0	0	-1	2	1	-3	-3	-2	1	-2	-5	-5	-4	-4	-1	-1	-1	-1	-2	-3	0	3	3	-1	-2	-1	-1	0	0	-2	1	3	-3	-3	-4	-3	-2	-2	-2	-2	0	-4	-1	2	2	-2	-3	-3	-3	-1	-3	-3	-3	-4	-2	-7	2	2	4	-1	-1	3	3	-1	-1	-3	-3	-4	-4	1	-2	-2	2	2	0	0	-2	-2	0	0	-2	
-12	-6	-6	0	-4	-4	-16	-16	2	0	5	-6	6	-10	-10	-5	-5	3	3	6	0	10	10	10	10	-12	4	-11	6	6	7	3	-5	-4	-1	-1	1	-4	-7	-7	-18	8	-14	5	3	-3	-3	-3	4	-14	4	4	14	-1	-11	-11	-17	-17	10	0	2	-1	-1	-8	9	1	-2	14	14	-22	-6	0	0	1	8	4	-15	-15	3	3	6	6	1	-11	4	0	0	1	-1	6	6	-3	-3	5	-1	-1	-1	-3	-3	-19	1	1	2	2	-17	-8	4	4	-5	-5	0	-14	15	14	14	10	0	-5	-5	-3	-3	-3	-17	-10	-8	-8	-5	4	-2	-16	-16	5	5	-6	-6	6	6	-7	2	11	-4	-4	-6	-3	17	17	2	2	3	-2	-8	-4	-4	-9	15	-12	-12	-6	-6	-5	-5	-2	8	8	-6	-14	-14	-4	8	2	2	-8	-6	-8	-10	6	6	14	9	9	6	6	3	3	-8	-8	-4	-4	-10	1	1	-3	-3	-7	-7	2	2	17	17	-5	
-8	-2	-2	-4	-3	-3	-11	-11	4	-4	2	-5	-1	-9	-9	0	0	1	1	7	-3	5	5	4	4	-11	6	-11	1	1	3	-1	0	-1	2	2	-4	-10	-1	-1	-7	3	-22	6	0	-2	-2	-2	1	-10	3	3	3	-5	-6	-6	-13	-13	9	-1	2	-2	-2	-5	6	-3	-3	5	5	-5	-1	0	0	-1	4	3	-11	-11	6	6	4	1	1	-1	-9	2	2	-2	1	6	6	1	1	1	7	3	3	-8	-8	-8	-4	-4	2	2	-14	-3	7	7	-4	-4	-1	-5	2	-3	-3	5	2	1	1	-2	-2	2	-9	-2	-4	-4	-7	4	1	-9	-9	2	2	-4	-4	1	1	1	-1	4	-5	-5	0	-3	10	10	-5	-5	2	2	-2	-2	-2	2	5	-8	-8	-5	-5	-11	-1	2	5	5	1	-13	-13	-5	4	0	0	-1	2	-1	-2	-1	-1	2	5	5	-7	-7	2	2	-6	-6	3	3	-6	-3	-3	-7	-7	2	2	1	1	0	0	-6	
1	2	2	-10	-5	-5	-6	-6	3	-4	3	-3	-8	-9	-9	7	7	-1	-1	0	-5	-3	-3	9	9	-9	-3	-12	-1	-1	6	-4	-13	-2	4	4	-2	-6	-4	-4	12	-4	-7	6	-8	-1	-1	-1	4	-6	3	3	-7	-9	0	0	-10	-10	4	3	3	-1	-1	-18	3	0	-7	-8	-8	1	-5	-10	-10	2	9	-1	-6	-6	4	4	3	-6	5	5	-7	-3	-3	1	4	0	0	8	8	1	7	1	1	4	4	-6	-14	-14	2	2	-7	-4	4	4	0	0	-2	3	9	-6	-6	-7	-2	1	1	2	2	-1	-1	0	-3	-3	-4	4	3	-13	-13	-1	-1	6	6	-1	-1	5	3	-10	4	4	-8	-2	-3	-3	-3	-3	0	7	5	-5	-5	3	-7	1	1	-1	-1	-1	-2	4	-2	-2	-1	-6	-6	-2	-5	-2	-2	2	5	-3	2	4	4	-1	-1	-1	-1	-1	2	2	-4	-4	-1	-1	0	2	2	-7	-7	-2	-2	-3	-3	0	0	-2	
18	27	27	-62	-19	-19	-6	-6	40	-7	16	0	-21	-16	-16	3	3	-11	-11	25	0	-40	-40	9	9	0	-6	-9	-12	-12	42	26	-72	-15	-12	-12	29	25	42	42	16	-48	-13	31	-46	17	17	17	-61	-12	15	15	11	-33	-12	-12	-33	-33	18	-20	-28	5	5	3	7	9	1	-24	-24	-41	10	-56	-56	28	12	0	-3	-3	20	20	17	-10	18	-2	-3	-18	-18	13	7	9	9	6	6	24	19	-7	-7	27	27	12	-50	-50	2	2	14	-24	-13	-13	3	3	-19	11	17	6	6	-23	-2	-1	-1	14	14	3	12	25	4	4	-29	2	6	-55	-55	7	7	49	49	4	4	-3	8	-59	36	36	-6	-7	-14	-14	-22	-22	33	7	17	-29	-29	-4	-20	5	5	16	16	-2	8	21	9	9	-15	6	6	49	-38	-53	-53	18	12	-20	9	50	50	-10	7	7	5	5	1	1	8	8	-10	-10	6	4	4	9	9	3	3	-14	-14	4	4	-21	
11	-3	-3	-3	4	4	12	12	6	-2	0	-2	-6	8	8	1	1	-1	-1	4	-3	8	8	6	6	-8	-19	-32	-48	-48	17	11	-14	0	-2	-2	14	15	-9	-9	31	-17	0	31	-4	13	13	13	-8	-15	-15	-15	4	-1	-26	-26	14	14	4	-10	-6	4	4	9	4	-2	-1	-6	-6	-9	-5	-16	-16	5	-4	8	1	1	0	0	20	8	4	-2	-10	-20	-20	6	6	3	3	2	2	-8	3	1	1	1	1	1	-18	-18	3	3	1	1	-7	-7	18	18	-7	12	-6	-2	-2	1	6	-1	-1	0	0	-3	4	9	4	4	-11	6	1	-25	-25	-13	-13	19	19	-17	-17	13	-2	-31	13	13	14	13	0	0	-13	-13	10	-5	4	-3	-3	-10	-8	3	3	15	15	-9	9	-3	13	13	-2	9	9	19	-21	-25	-25	14	13	1	-2	20	20	-16	6	6	2	2	5	5	-14	-14	-9	-9	2	11	11	4	4	1	1	1	1	-1	-1	-4	
Trial:4
-13	-13	3	-49	8	2	2	6	6	3	3	5	5	8	32	-4	-20	-9	-27	-17	-40	6	16	16	-9	12	-5	-5	-13	-13	6	-16	-9	8	8	-7	-40	-12	-12	-61	4	-9	13	13	13	13	-9	30	11	11	11	11	11	0	0	6	6	-24	11	1	-5	-5	-12	-12	-6	3	3	-3	-3	5	-5	-24	-24	4	4	23	-1	-1	-4	-4	-52	-52	12	12	13	13	5	33	33	-10	-10	-19	44	44	-12	-12	14	14	-18	-18	-53	-53	4	-14	-14	10	10	3	-39	23	23	9	9	-9	-9	10	10	27	27	2	-3	-3	-17	-17	-6	-5	11	2	31	-40	12	-12	-12	-9	-9	-11	-47	-24	14	14	14	-3	27	-35	7	7	12	-1	-12	-12	25	25	0	0	-7	25	25	6	6	6	-5	-5	-69	-69	1	3	3	-7	-23	-23	1	27	27	8	8	-37	11	11	5	5	-2	-2	-20	-20	34	34	12	-3	-3	9	9	3	11	-12	-12	10	10	-12	-12	-23	
1	1	3	-6	3	1	1	3	3	1	1	1	1	-9	3	-2	-1	-1	0	-4	-3	-1	-7	-7	0	-9	1	1	-4	-4	4	-2	1	0	0	-6	-4	-2	-2	-2	-6	-2	0	0	3	3	2	4	7	-2	-2	-5	-2	-1	-1	0	0	-6	-1	2	-1	-1	-3	-3	-5	0	0	2	2	-2	4	-3	-3	0	0	4	-3	-3	-4	-4	-3	-3	-4	-4	1	1	0	1	1	3	3	-2	6	6	-5	-5	6	6	-2	-2	-4	-4	-4	-8	-8	-1	-1	-1	-3	-5	-5	0	0	-2	-2	0	0	2	2	-1	4	4	1	1	-2	-2	0	1	-4	-1	-2	-2	-2	-6	-6	1	-6	-5	2	2	2	3	-2	-2	0	0	-2	-6	-7	-7	1	1	8	8	-6	-3	-3	2	2	-1	-4	-4	-7	-7	2	3	3	-7	0	0	-4	0	0	3	3	-4	-2	-2	4	4	-2	-2	4	4	-2	-2	1	-4	-4	1	1	-5	4	-3	-3	7	7	-2	-2	1	
-7	-7	-3	6	-2	3	3	-2	-2	7	7	0	0	-11	0	-1	0	-3	7	-2	-5	-14	2	2	1	-2	0	0	3	3	0	-2	4	1	1	-2	-6	-2	-2	0	-9	3	-4	-4	1	1	4	-3	3	-1	-1	-6	4	-1	-1	2	2	-7	1	1	1	1	2	2	-7	5	5	-1	-1	-4	1	1	1	-4	-4	3	-2	-2	7	7	-4	-4	-18	-18	3	3	-1	-2	-2	-1	-1	0	5	5	-3	-3	9	9	3	3	-1	-1	-7	-5	-5	-13	-13	-4	2	-1	-1	1	1	9	9	0	0	0	0	-1	2	2	-1	-1	-6	2	-2	-4	0	-2	-4	-2	-2	-3	-3	-2	-3	3	0	0	0	-4	0	9	-2	-2	-6	-4	-4	-4	-6	-6	10	10	-1	-3	-3	-2	-2	-3	-3	-3	2	2	-3	0	0	-2	4	4	-2	-2	-2	-3	-3	-1	-3	-3	-2	-2	1	1	4	4	-2	-2	3	-5	-5	-7	-7	-3	-1	-1	-1	-2	-2	-3	-3	10	
-15	-15	0	8	-5	3	3	-14	-14	-8	-8	1	1	-38	4	18	-9	17	8	-3	16	1	9	9	9	-10	-6	-6	1	1	-9	-2	11	0	0	9	-10	-17	-17	5	-17	13	-7	-7	2	2	8	-4	2	5	5	-2	4	-6	-6	0	0	-12	1	-1	-3	-3	11	11	11	-5	-5	9	9	-10	4	7	7	-6	-6	-1	-16	-16	22	22	-11	-11	-12	-12	-7	-7	-5	0	0	-5	-5	-9	16	16	10	10	-8	-8	1	1	6	6	-2	-3	-3	-12	-12	-3	5	-7	-7	-3	-3	4	4	4	4	-2	-2	-8	-2	-2	0	0	2	-8	-2	-16	-1	13	-5	-14	-14	-1	-1	5	-20	4	10	10	10	-15	3	6	7	7	-15	-4	10	10	-7	-7	-9	-9	4	2	2	-8	-8	-7	10	10	25	25	-14	-8	-8	16	-2	-2	-3	-5	-5	11	11	1	-7	-7	-12	-12	-4	-4	2	2	3	3	-6	6	6	9	9	-2	2	-9	-9	10	10	6	6	17	
-2	-2	-3	3	-4	0	0	-5	-5	-3	-3	-3	-3	-28	2	13	-4	10	0	0	4	-2	-4	-4	-2	-11	3	3	-4	-4	-1	-2	4	0	0	0	0	-11	-11	6	-6	3	-4	-4	0	0	0	-3	2	4	4	1	-2	-6	-6	3	3	-3	7	-1	-1	-1	1	1	-1	-1	-1	3	3	-3	-1	4	4	-1	-1	-1	-14	-14	2	2	-7	-7	-2	-2	1	1	-5	2	2	1	1	-3	3	3	1	1	-6	-6	3	3	6	6	2	0	0	-9	-9	-8	1	-2	-2	-2	-2	-5	-5	3	3	-3	-3	-9	-3	-3	3	3	0	-1	1	-7	2	3	-1	-10	-10	-4	-4	1	-16	3	-3	-3	-3	-6	2	2	7	7	0	-7	1	1	-8	-8	-3	-3	-2	-1	-1	-4	-4	-3	8	8	1	1	-3	-2	-2	6	-3	-3	-4	2	2	7	7	-5	1	1	-10	-10	-6	-6	1	1	6	6	-1	4	4	8	8	-4	5	-7	-7	6	6	7	7	4	
-3	-3	0	-2	-2	4	4	-3	-3	0	0	-5	-5	-14	-7	9	-6	7	8	-3	-18	-4	-1	-1	-2	-3	-5	-5	2	2	0	0	1	2	2	0	4	-3	-3	-2	-2	-3	1	1	-2	-2	-12	2	4	-5	-5	2	-5	-7	-7	14	14	-9	-11	5	-6	-6	-6	-6	0	-7	-7	4	4	-1	3	0	0	-5	-5	-4	-3	-3	-1	-1	-1	-1	9	9	-2	-2	-1	-4	-4	3	3	0	0	0	-6	-6	1	1	-3	-3	2	2	5	6	6	-1	-1	-7	-6	-10	-10	0	0	-9	-9	3	3	2	2	-4	0	0	-1	-1	-2	3	-3	1	7	5	-6	3	3	-1	-1	-15	-3	16	-4	-4	-4	-7	-2	-3	15	15	4	-5	-16	-16	-10	-10	-1	-1	0	1	1	0	0	-1	0	0	9	9	3	-1	-1	-3	-3	-3	-1	-5	-5	1	1	-14	2	2	-7	-7	-1	-1	-1	-1	5	5	-3	-2	-2	4	4	-3	4	2	2	2	2	-6	-6	3	
-8	-8	40	-21	10	9	9	-24	-24	8	8	-41	-41	-21	-25	49	-12	9	29	-11	-11	-4	-6	-6	-27	-27	-2	-2	-4	-4	31	26	3	0	0	-23	-9	-20	-20	35	-11	-51	-3	-3	7	7	-51	-2	3	5	5	-10	-18	5	5	25	25	10	1	-32	-6	-6	-41	-41	14	-5	-5	31	31	15	13	-5	-5	-40	-40	9	8	8	0	0	0	0	20	20	2	2	0	-17	-17	18	18	-4	25	25	-16	-16	7	7	-16	-16	-1	-1	10	7	7	27	27	11	1	-30	-30	-6	-6	-30	-30	18	18	-8	-8	1	15	15	-7	-7	-7	10	-28	7	-2	16	10	-3	-3	3	3	-14	5	24	9	9	9	6	9	-6	-34	-34	14	13	-54	-54	-5	-5	10	10	12	9	9	-3	-3	9	-11	-11	32	32	1	1	1	-31	28	28	21	-20	-20	3	3	-8	-7	-7	-39	-39	10	10	-4	-4	9	9	-8	20	20	7	7	-15	8	-13	-13	13	13	18	18	6	
-11	-11	-11	-13	2	9	9	0	0	5	5	-3	-3	-7	2	11	-11	4	-8	3	-16	7	-3	-3	-11	2	0	0	-13	-13	11	-1	1	6	6	-13	-18	-12	-12	-14	-6	-17	14	14	4	4	-13	4	9	-7	-7	-8	-1	1	1	10	10	-1	6	-2	0	0	-25	-25	-2	1	1	4	4	6	3	-12	-12	-13	-13	16	1	1	-4	-4	-25	-25	6	6	9	9	1	6	6	4	4	-1	18	18	-13	-13	6	6	-9	-9	-11	-11	5	-6	-6	11	11	-1	-11	-6	-6	4	4	-11	-11	10	10	3	3	-1	3	3	-10	-10	0	-4	2	14	1	-10	-2	-5	-5	-4	-4	-7	-18	1	0	0	0	-11	13	-12	4	4	8	-2	-29	-29	10	10	3	3	0	16	16	-8	-8	4	2	2	3	3	-1	6	6	-18	-7	-7	7	-8	-8	12	12	-12	9	9	-8	-8	-4	-4	-14	-14	6	6	9	1	1	8	8	-5	10	-17	-17	9	9	-1	-1	-1	
Trial:5
12	12	0	-17	-24	3	-9	-34	-34	10	-64	-64	-3	-2	-2	7	31	-13	7	7	7	7	-3	-3	-4	-4	1	-3	-24	15	15	18	10	-1	-1	6	6	11	-3	-1	20	20	25	25	-9	-9	-12	-12	14	14	-15	0	20	2	0	10	-60	-23	-23	-25	-25	12	8	0	25	25	-3	-13	27	27	-10	-10	-45	-7	-29	13	13	-24	8	7	-25	23	23	12	14	5	4	17	17	5	-6	6	-12	-12	-12	-22	-34	16	13	-28	-17	20	22	34	34	5	-4	9	-14	-6	-6	-37	2	6	1	1	-33	19	18	18	9	9	9	-17	10	3	3	0	-1	1	1	-15	-15	15	15	-47	15	15	-2	-32	44	19	12	12	-10	-10	5	5	5	0	0	8	11	-27	-3	2	2	8	-15	-15	1	1	12	-10	5	2	2	-8	-8	-9	-9	5	5	21	6	6	7	7	-16	2	-53	-11	6	6	-18	-6	30	7	7	6	24	17	-1	-53	-15	9	-1	-1	9	9	
-1	-1	0	-7	-1	-2	0	-5	-5	3	-9	-9	4	-3	-3	-1	2	-7	-6	-6	3	3	-2	-2	-2	-2	2	-2	1	-3	-3	-1	-1	-1	-1	-1	-1	7	4	-4	0	0	-2	-2	-2	-2	-4	-4	1	1	-3	-7	0	3	3	-2	-8	-3	-3	-5	-5	4	-2	1	2	2	-3	3	1	1	-3	-3	-7	0	-2	-1	-1	-2	1	0	-2	-2	-2	2	3	-5	1	1	1	2	3	-2	-1	-1	-2	-2	2	2	-4	0	-1	3	-5	4	4	-2	4	4	-2	-3	-3	-5	3	1	-1	-1	-4	-1	0	0	1	1	-1	-1	2	-3	-3	2	-4	-6	-6	-3	-3	4	4	-10	3	3	-2	-6	3	4	0	0	-4	-4	4	-1	-1	1	1	-1	-3	-4	-1	-2	-2	-4	-2	-2	4	4	5	-2	-5	-1	-1	1	1	-4	-4	4	4	2	-2	-2	-5	-5	1	2	-1	-3	-6	-6	-3	1	-1	1	1	2	1	0	3	-5	0	-2	-7	-7	3	3	
-7	-7	-6	2	-2	4	4	-2	-2	2	-5	-5	3	-2	-2	-1	0	0	0	0	2	2	0	0	-5	-5	-5	4	-2	-13	-13	0	-3	-1	-1	-1	-1	5	9	-1	5	5	-3	-3	-3	-3	2	2	-3	-3	-5	-3	-2	-6	5	-7	-5	0	0	0	0	2	1	-1	0	0	-4	8	1	1	-1	-2	-9	-3	1	3	3	-5	-10	1	6	-9	-9	1	2	-6	6	11	11	1	-3	-2	0	0	-5	7	-5	9	-3	-2	-2	1	-2	1	1	14	-3	3	3	-4	-4	-5	0	-2	-4	-4	-4	2	2	2	-4	-4	4	-1	11	-10	-10	-1	2	-4	-4	-5	-5	-2	-2	5	1	1	2	-4	-2	-1	-3	-3	-3	-3	-4	-3	-3	-2	-2	0	0	-4	2	3	3	-5	-1	-1	4	4	-3	8	-1	-2	-2	0	0	0	0	3	3	-4	3	3	-4	-4	-3	-1	0	-1	0	0	-1	12	-7	1	1	-2	-1	1	-13	-3	4	-4	-1	-1	-2	-2	
-4	-4	-13	6	2	15	11	-3	-3	-5	3	3	-6	-10	-10	-1	-12	8	-1	-1	10	10	-14	-14	-5	-5	1	5	-1	-4	-4	1	3	-2	-2	-8	-8	1	18	0	18	18	-3	-3	-2	-2	-4	-4	-9	-9	-19	10	8	-9	-1	-6	2	8	8	9	9	-4	-6	1	4	4	-4	3	2	2	0	-7	-6	11	-5	4	4	1	-9	-17	8	-2	-2	-6	1	-5	8	3	3	1	-10	1	12	12	11	17	-20	15	-8	11	-6	-3	-18	5	5	16	-6	3	-5	3	3	5	-3	-2	4	4	-7	0	-3	-3	-15	-15	14	2	-3	-16	-16	6	-2	-1	-1	1	1	11	11	-2	8	8	6	-2	9	-10	-3	-3	-7	-7	-3	11	11	-15	-15	0	1	-3	4	13	13	-4	9	9	-8	-8	-16	2	0	-8	-8	14	14	-10	-10	10	10	-10	-9	-9	0	0	4	7	-11	-5	2	2	-3	9	2	-14	-14	-21	4	1	-6	8	-8	-1	-3	-3	-5	-5	
-1	-1	-5	4	2	-3	-3	3	3	0	9	9	-4	-4	-4	-1	-3	9	-5	-5	0	0	-5	-5	-4	-4	-2	1	-1	1	1	-7	0	1	1	-6	-6	1	7	-1	2	2	-2	-2	2	2	-4	-4	-2	-2	-20	0	7	-7	-2	0	1	3	3	4	4	2	1	-1	3	3	2	-1	0	0	-2	-4	2	0	0	1	1	5	-6	-16	4	-3	-3	-13	-1	0	1	-4	-4	-2	2	5	4	4	-4	8	-6	4	-1	-1	1	0	-9	6	6	2	2	-3	1	3	3	2	-3	0	-1	-1	-7	0	-9	-9	-5	-5	6	-1	3	-11	-11	3	2	-1	-1	-8	-8	10	10	3	4	4	3	0	4	-6	-1	-1	3	3	-3	7	7	-8	-8	-4	0	-4	4	2	2	-9	3	3	-1	-1	-2	5	-5	-3	-3	11	11	-3	-3	-1	-1	-9	-7	-7	-3	-3	1	1	-3	-5	2	2	2	-3	-2	-8	-8	-8	4	2	-2	10	-23	1	-9	-9	-3	-3	
-3	-3	1	2	0	0	-6	-3	-3	7	4	4	-7	-2	-2	-2	-2	-1	-2	-2	0	0	3	3	-9	-9	-3	-2	-2	-7	-7	-2	1	2	2	6	6	2	0	3	-5	-5	4	4	-4	-4	0	0	-7	-7	-6	-3	3	-1	1	0	-1	1	1	0	0	-3	4	0	3	3	-3	-4	1	1	-4	-2	-6	-3	5	0	0	7	-6	-2	-1	-1	-1	-4	1	-3	-6	4	4	-1	4	3	2	2	2	1	1	3	-12	4	-4	4	-4	4	4	0	-4	0	0	-1	-1	-1	1	12	2	2	-10	-5	-9	-9	-1	-1	-2	-3	4	-6	-6	5	-6	-1	-1	-6	-6	3	3	-3	0	0	0	-2	0	4	1	1	3	3	-4	2	2	-7	-7	-2	3	-2	6	-5	-5	0	-2	-2	-3	-3	8	-1	-5	-1	-1	10	10	-3	-3	2	2	-3	-2	-2	-9	-9	-5	-2	0	1	1	1	5	0	-7	-3	-3	2	-1	3	2	6	-7	1	-2	-2	0	0	
-6	-6	21	11	23	15	-16	-18	-18	14	4	4	0	-12	-12	-22	9	3	-7	-7	-8	-8	11	11	-36	-36	-3	-1	-5	-20	-20	7	-2	11	11	11	11	6	-7	1	-3	-3	11	11	-10	-10	16	16	-63	-63	6	-2	45	2	33	5	-21	19	19	11	11	-29	6	14	-16	-16	-61	-3	19	19	-36	6	-2	-9	-5	15	15	7	-24	11	3	37	37	-6	27	-4	21	10	10	-15	-12	15	22	22	-17	8	18	15	-11	15	-12	28	-24	21	21	-18	-54	-8	22	-9	-9	21	10	10	15	15	8	-21	-14	-14	4	4	-2	5	8	-10	-10	-13	13	3	3	-14	-14	-2	-2	-24	9	9	-10	9	2	14	-9	-9	9	9	-10	18	18	-8	-8	6	5	-7	44	-26	-26	4	-70	-70	23	23	18	-14	21	0	0	-13	-13	2	2	37	37	-10	-23	-23	4	4	-2	5	-14	19	11	11	5	32	-6	-7	-7	-10	-1	17	34	-4	6	7	-20	-20	-15	-15	
-3	-3	1	-4	-2	14	-7	-15	-15	14	-17	-17	5	-17	-17	-7	11	-1	2	2	1	1	-4	-4	0	0	-6	-2	-17	7	7	5	-3	-2	-2	7	7	8	-9	-6	6	6	-6	-6	1	1	0	0	-15	-15	8	-1	6	1	2	-4	-23	0	0	-11	-11	-5	-5	24	9	9	-22	-2	1	1	-11	7	-12	5	-8	-6	-6	-8	-8	2	-14	15	15	2	14	8	-2	11	11	-8	2	3	7	7	-17	-10	-1	14	-1	-2	-4	3	-10	27	27	1	0	-2	3	-3	-3	-11	0	2	2	2	-11	5	0	0	6	6	1	2	3	7	7	-9	12	-2	-2	-19	-19	11	11	-9	-3	-3	-7	-12	4	10	6	6	1	1	-2	-2	-2	-6	-6	3	-1	7	7	0	0	3	-18	-18	-1	-1	9	-3	-7	-8	-8	-9	-9	0	0	8	8	4	-3	-3	2	2	0	6	-31	-9	17	17	-6	15	8	11	11	0	8	18	7	-18	9	-12	-4	-4	7	7	
Trial:6
-5	6	6	-19	15	3	20	5	11	14	9	9	19	19	-14	-7	22	17	9	7	0	2	-12	45	45	2	18	-21	-13	3	9	5	0	-14	7	7	-14	-14	-6	-2	-2	-14	-14	-14	-29	14	14	2	2	10	10	-42	-42	6	6	-52	28	28	3	3	5	25	43	43	3	3	-24	8	8	8	10	10	-21	-7	-7	-29	-29	-10	-3	-3	10	10	10	-24	6	6	2	2	2	20	20	4	4	-35	-7	32	32	14	14	-14	-19	-19	1	1	-11	-11	4	4	28	28	-6	-36	-36	16	-2	31	31	1	-3	2	2	-13	-3	3	-2	-9	-9	-6	-8	19	-15	-15	-29	-3	3	3	-4	-4	-6	-1	17	-3	-3	-8	1	52	52	-15	-15	-20	-20	2	-6	-53	-53	12	12	15	-2	-2	-2	-8	17	-2	-2	-14	-14	15	15	29	29	17	17	-12	40	40	-5	-5	-9	2	23	23	-42	-42	-15	12	-4	3	3	-12	-3	4	-16	-16	21	13	4	4	-6	-16	
-3	1	1	-1	-2	-5	-4	-1	4	-4	3	3	5	5	-2	0	3	1	-4	5	-4	2	-2	-2	-2	3	4	1	-3	0	1	-3	-2	0	-5	-5	-2	-2	-1	-1	-1	-5	-5	-5	-2	-1	-1	-1	-1	-6	-6	3	3	0	0	-9	4	4	-1	-1	2	3	2	2	2	2	-5	-1	-1	-1	9	9	-2	-4	-4	-6	-6	-5	-4	-4	2	2	2	-6	4	4	-6	-6	-6	2	2	-5	-5	-6	-2	5	5	7	7	0	-7	-7	-5	-5	-8	-8	0	0	7	7	-2	-3	-3	-4	1	0	0	-1	0	2	2	6	1	2	2	-2	-2	-2	1	-11	-8	-8	0	2	-1	-1	-5	-5	2	-3	0	4	4	-9	-3	-2	-2	4	4	-4	-4	-1	-2	-3	-3	-1	-1	1	-5	-5	-5	0	7	1	1	-2	-2	-1	-1	-1	-1	0	0	-1	-4	-4	4	4	2	5	-2	-2	-3	-3	0	-3	-3	-1	-1	1	-3	5	0	0	-11	0	1	1	3	-5	
-3	0	0	0	5	-6	-7	1	-3	0	-1	-1	-1	-1	-2	-17	2	-3	-1	1	-2	-1	-2	-5	-5	10	4	-2	-5	0	-2	-6	2	0	-2	-2	-7	-7	-4	-5	-5	1	1	1	0	1	1	1	1	-6	-6	-2	-2	0	0	1	0	0	3	3	2	7	3	3	-5	-5	-8	0	0	0	-2	-2	1	-4	-4	3	3	-3	-5	-5	-2	-2	-2	-6	-2	-2	-11	-11	-11	1	1	-5	-5	-1	1	-5	-5	4	4	1	-5	-5	0	0	-17	-17	4	4	4	4	0	-10	-10	-8	4	4	4	-5	-2	1	1	9	-12	0	7	-2	-2	2	2	-5	-18	-18	4	-3	1	1	-1	-1	0	-6	5	-2	-2	1	-6	-3	-3	1	1	-6	-6	-1	-4	1	1	-5	-5	8	-1	-1	-1	-3	-2	0	0	-3	-3	2	2	-1	-1	-1	-1	-2	-1	-1	2	2	2	2	-2	-2	1	1	3	-3	-4	8	8	-3	-2	2	-6	-6	-4	1	-3	-3	0	5	
5	-4	-4	-5	16	-4	-1	-4	5	-6	-1	-1	-6	-6	4	-6	-4	10	-14	-2	-2	2	-2	9	9	6	22	3	-2	-9	-7	-9	-1	-2	-1	-1	-11	-11	-4	-2	-2	-4	-4	-4	8	15	15	-2	-2	-5	-5	2	2	10	10	11	22	22	-9	-9	19	5	-9	-9	-13	-13	-21	-5	-5	-5	1	1	9	-17	-17	8	8	-8	4	4	2	2	2	5	-1	-1	-4	-4	-4	-16	-16	7	7	-2	2	14	14	-2	-2	-7	1	1	-13	-13	-9	-9	15	15	-5	-5	-7	7	7	-9	10	-5	-5	-6	0	-3	-3	-2	3	0	2	-1	-1	-6	0	5	-14	-14	3	-15	-7	-7	4	4	-3	-7	2	-3	-3	5	-12	-3	-3	5	5	-37	-37	11	-3	8	8	-11	-11	-1	9	9	9	2	-4	8	8	-2	-2	-6	-6	11	11	-6	-6	-1	1	1	-4	-4	-8	-3	14	14	6	6	1	13	0	0	0	-8	-2	-3	-8	-8	4	2	5	5	4	-1	
5	-1	-1	-5	11	-5	-5	1	5	-5	2	2	4	4	-3	-8	-7	6	-6	5	-3	2	1	5	5	3	5	-3	-3	-1	-5	-4	0	3	-3	-3	-17	-17	-3	5	5	-4	-4	-4	3	-1	-1	6	6	0	0	4	4	5	5	6	6	6	-2	-2	10	-9	-2	-2	-7	-7	-11	-4	-4	-4	2	2	5	-6	-6	1	1	-12	3	3	5	5	5	6	-1	-1	-9	-9	-9	-6	-6	6	6	-5	-2	0	0	2	2	-11	1	1	-15	-15	-3	-3	11	11	2	2	-5	6	6	-3	5	-6	-6	-4	3	-2	-2	-1	1	-7	7	2	2	0	0	3	-5	-5	1	-11	-6	-6	-2	-2	-2	-1	-1	-4	-4	-4	-7	0	0	2	2	-22	-22	10	1	5	5	-4	-4	-4	0	0	0	1	6	-3	-3	0	0	1	1	6	6	-5	-5	0	0	0	-10	-10	-3	-2	6	6	-5	-5	7	-2	-6	3	3	-1	2	-1	-3	-3	-3	1	0	0	4	-5	
6	-1	-1	3	5	-14	-1	3	2	-6	-1	-1	4	4	-3	-6	0	1	5	2	5	0	-6	5	5	-4	-5	-6	-4	3	4	4	7	0	3	3	-6	-6	1	-3	-3	0	0	0	-4	-4	-4	2	2	0	0	0	0	4	4	0	-4	-4	-1	-1	0	-3	-5	-5	1	1	-1	-4	-4	-4	1	1	3	-6	-6	0	0	-7	4	4	-3	-3	-3	-1	-5	-5	-3	-3	-3	-1	-1	2	2	-9	-5	3	3	-2	-2	-4	-3	-3	-5	-5	-2	-2	7	7	3	3	-5	3	3	-1	-2	-3	-3	0	-5	7	7	-2	0	-1	1	-3	-3	2	-3	1	-4	-4	-1	-4	-2	-2	-8	-8	-11	-3	1	6	6	0	-4	-1	-1	11	11	-7	-7	5	2	0	0	1	1	-7	-2	-2	-2	-2	2	-4	-4	0	0	-6	-6	-4	-4	-2	-2	-3	-5	-5	2	2	-8	0	0	0	-1	-1	5	-9	-6	6	6	3	-4	0	1	1	-6	3	-1	-1	2	-5	
13	6	6	61	-18	-100	14	32	2	5	16	16	3	3	-7	-21	4	19	29	-41	-4	7	-18	5	5	-39	-46	-30	-18	21	26	27	35	7	16	16	5	5	6	-24	-24	-5	-5	-5	-42	17	17	48	48	-22	-22	-12	-12	15	15	-1	-51	-51	-8	-8	6	36	9	9	18	18	8	11	11	11	-17	-17	2	-5	-5	0	0	-17	22	22	-16	-16	-16	-1	-14	-14	4	4	4	-15	-15	17	17	-83	-13	-9	-9	-2	-2	9	10	10	7	7	-6	-6	17	17	43	43	-8	-20	-20	-4	-18	2	2	13	-28	-10	-10	0	8	-5	-19	2	2	3	-7	-1	4	4	13	-29	5	5	-12	-12	-76	12	24	10	10	-22	-5	-1	-1	30	30	-23	-23	2	-10	18	18	28	28	-17	59	59	59	-14	25	-42	-42	0	0	-56	-56	21	21	-18	-18	36	-27	-27	7	7	-65	-7	-10	-10	-22	-22	4	-16	-19	22	22	15	-15	44	9	9	3	1	21	21	0	-24	
5	2	2	-5	-8	-20	8	10	11	17	14	14	1	1	-4	-3	-6	4	6	-7	4	3	-6	5	5	2	0	-12	-6	4	9	12	9	-6	-3	-3	-8	-8	0	1	1	-3	-3	-3	-26	5	5	14	14	-13	-13	-11	-11	6	6	-12	5	5	-1	-1	10	22	14	14	1	1	-4	3	3	3	2	2	-9	-1	-1	-21	-21	-12	-6	-6	0	0	0	-7	3	3	14	14	14	-2	-2	1	1	-26	-14	16	16	9	9	6	-17	-17	0	0	2	2	13	13	24	24	-4	-17	-17	1	-10	5	5	3	-14	-1	-1	-2	4	1	7	-2	-2	-6	1	-10	3	3	-9	-2	7	7	-26	-26	-2	9	14	3	3	-19	-1	5	5	0	0	-20	-20	7	-6	-5	-5	21	21	3	11	11	11	-1	16	-14	-14	-6	-6	5	5	7	7	-2	-2	-10	2	2	-1	-1	-23	-1	13	13	-23	-23	6	-1	3	9	9	3	-3	13	-7	-7	7	10	5	5	-5	-14	
Trial:7
-12	-12	-2	8	14	14	-10	-10	-20	10	23	-49	-49	-57	-57	-22	19	-14	-14	-53	-53	36	39	39	8	15	62	-14	-3	-3	25	45	-54	-47	17	-14	-14	-78	-41	14	46	46	41	41	-20	-20	-10	-10	6	-19	8	-4	-4	32	-7	29	29	-49	24	-16	-3	45	-1	-1	4	-27	-22	8	8	8	-22	17	17	14	14	14	-18	6	-48	-48	24	3	-9	-22	-22	-106	-15	10	-4	24	24	-53	14	11	15	15	14	28	6	6	45	-10	-14	-14	-12	-31	-31	-60	-60	18	-62	23	23	18	18	3	-22	-41	24	24	26	3	9	27	-3	21	-4	17	17	-67	-67	5	4	25	5	5	3	-8	37	37	-72	-72	-21	-6	9	-26	-18	-18	-9	-8	43	22	22	5	-5	-14	-14	-45	12	19	-10	3	8	8	-10	-10	10	10	31	31	6	5	3	-8	-8	-4	-54	7	7	-15	-15	-15	21	37	7	7	-6	-6	-27	-26	-26	-16	-16	16	11	-3	-3	26	26	-4	
-5	-5	2	-3	3	3	-8	-8	1	-3	4	-7	-7	-5	-5	-9	0	1	1	-2	-2	6	-5	-5	2	-1	3	-3	-2	-2	-5	9	-3	-4	-2	-5	-5	-5	-2	5	5	5	3	3	3	3	2	2	1	-6	0	-2	-2	7	-4	2	2	-8	-2	-1	1	5	-3	-3	-1	-3	-4	-7	-7	-7	1	7	7	-3	-3	-2	-3	3	-5	-5	-1	-6	-3	-4	-4	-15	-1	2	-1	7	7	-1	-1	-7	-1	-1	3	3	2	2	6	-7	-3	-3	-3	-5	-5	-4	-4	-1	-3	1	1	1	1	0	-6	-8	5	5	-6	-5	0	5	-3	0	0	0	0	-2	-2	-2	4	0	5	5	3	-7	3	3	-7	-7	-5	-12	3	8	-6	-6	-2	0	5	-2	-2	0	-4	-5	-5	-4	3	-1	-2	0	-2	-2	0	1	1	1	5	5	-3	0	3	1	1	2	-13	-2	-2	-6	-6	-2	2	1	-4	-4	3	3	0	-4	-4	-4	-4	5	-4	-1	-1	3	3	-2	
-3	-3	-5	-2	-1	-1	-4	-4	4	-2	-5	-4	-4	-1	-1	-8	-5	0	0	1	1	-13	0	0	2	3	-5	9	-2	-2	-4	3	-1	2	-3	-5	-5	-15	5	0	0	0	7	7	-4	-4	2	2	-2	2	0	-4	-4	-3	0	-1	-1	3	-10	-2	1	-2	-4	-4	-5	0	-3	-4	-4	-4	-2	-2	-2	-6	-6	0	-7	6	-7	-7	-1	-10	-3	-2	-2	-5	3	-3	3	2	2	-1	0	3	0	0	-3	1	5	5	-2	-6	-2	-2	-1	-12	-12	-4	-4	-4	4	3	3	-3	-3	0	-1	-4	2	2	-2	2	-2	1	-2	-3	3	-6	-6	-17	-17	7	-1	4	-1	-1	-2	-3	2	2	0	0	-5	-7	1	2	-3	-3	2	-1	4	-3	-3	-6	-14	0	0	-3	-2	-1	0	2	2	2	-1	5	-1	-1	2	2	0	-11	1	-7	-7	-5	-7	3	3	-7	-7	2	-3	0	-5	-5	6	6	1	-3	-3	3	3	-6	0	0	0	3	3	-5	
-7	-7	8	-29	3	3	0	0	12	-3	-1	-4	-4	7	7	-7	-11	-9	-9	-15	-15	10	-5	-5	2	-5	-17	-1	-1	-1	13	30	8	12	-27	-1	-1	-5	11	5	-13	-13	0	0	-7	-7	-6	-6	3	19	6	-12	-12	-1	8	-33	-33	-10	4	9	16	7	6	6	0	7	-7	1	1	1	-10	-4	-4	-16	-16	8	-14	21	-10	-10	-4	-13	-4	14	14	-15	5	10	-3	-2	-2	2	10	5	-8	-8	6	9	-4	-4	-28	-8	-33	-33	41	-10	-10	-11	-11	11	17	-6	-6	3	3	4	15	2	-3	-3	-2	2	3	-8	-3	-9	14	2	2	-3	-3	0	-1	-10	-3	-3	-7	-5	-13	-13	-2	-2	15	-6	4	10	-22	-22	-3	9	10	-9	-9	-9	-9	4	4	16	-6	-19	17	-10	11	11	3	6	-9	-9	-16	-16	-18	-1	27	9	9	-3	-25	20	20	-2	-2	-3	17	-15	-16	-16	-8	-8	2	1	1	10	10	5	17	-4	-4	-1	-1	11	
-2	-2	13	-28	-4	-4	1	1	4	3	1	2	2	0	0	-3	-7	0	0	-2	-2	7	-8	-8	-3	-8	-17	-16	6	6	11	21	-15	-1	-5	-3	-3	6	11	5	-7	-7	2	2	0	0	-3	-3	-2	3	2	-11	-11	0	7	-24	-24	-3	2	6	8	7	0	0	8	-1	-7	-3	-3	-3	5	-3	-3	-5	-5	6	-8	1	-11	-11	4	-4	-3	9	9	-5	2	5	2	-3	-3	-10	6	4	-6	-6	-1	3	-2	-2	-8	-2	-20	-20	13	8	8	-10	-10	7	5	-3	-3	5	5	0	9	-3	1	1	0	0	2	1	-3	-8	4	-3	-3	3	3	-2	1	-6	4	4	-9	-2	-12	-12	2	2	9	3	-4	-12	-20	-20	6	4	4	-5	-5	-2	1	11	11	10	1	-7	5	-14	5	5	2	8	-16	-16	-3	-3	-5	2	5	16	16	-1	-5	6	6	2	2	-12	17	-7	-13	-13	-17	-17	0	3	3	6	6	3	10	0	0	-4	-4	4	
-2	-2	8	-12	-4	-4	-1	-1	-2	-6	2	-3	-3	-3	-3	-4	-6	-6	-6	-3	-3	4	-4	-4	-1	4	-23	-8	1	1	-3	12	-18	0	3	9	9	10	0	5	7	7	4	4	-1	-1	4	4	-4	0	-3	-2	-2	1	-5	-2	-2	-4	0	-1	-6	-4	-3	-3	4	-10	3	-4	-4	-4	3	-4	-4	3	3	4	-6	-3	-11	-11	13	-3	-2	2	2	-2	-1	-2	-3	-4	-4	-4	1	0	1	1	0	-4	3	3	-2	-2	-3	-3	-2	-3	-3	-1	-1	0	-2	-2	-2	2	2	0	2	4	0	0	-11	4	3	3	-5	-1	3	-2	-2	0	0	-3	-5	7	-2	-2	7	-7	-2	-2	-1	-1	2	5	-9	-4	-3	-3	2	4	9	-3	-3	-3	4	-4	-4	3	-6	-6	3	-3	-2	-2	2	4	-5	-5	-1	-1	-5	-1	2	2	2	-4	-8	4	4	-3	-3	-8	4	-1	2	2	-2	-2	2	3	3	-4	-4	-2	-9	4	4	3	3	-2	
16	16	67	-52	11	11	-1	-1	-4	5	-21	-11	-11	-4	-4	16	-16	-27	-27	25	25	-26	12	12	-6	49	-68	-10	-18	-18	-16	32	-33	3	-10	-15	-15	11	10	36	25	25	4	4	-6	-6	27	27	7	-25	-2	12	12	-10	-23	-6	-6	3	-21	-3	-1	-16	19	19	9	-44	-3	-17	-17	-17	22	4	4	13	13	28	-1	-11	-10	-10	41	11	-9	3	3	-19	-4	-6	-29	6	6	-11	-14	4	23	23	-14	-39	9	9	-35	-4	8	8	-14	10	10	12	12	6	19	-26	-26	12	12	-24	-4	36	13	13	-69	19	9	20	-11	-14	20	-1	-1	13	13	1	-16	28	1	1	23	22	-6	-6	5	5	-1	11	-51	-3	-7	-7	-36	23	32	12	12	-59	-33	4	4	-27	-13	-2	-31	29	2	2	15	4	4	4	17	17	3	8	9	14	14	-26	-19	1	1	-13	-13	-13	12	-11	26	26	14	14	17	-35	-35	-28	-28	-1	-64	11	11	31	31	41	
-3	-3	10	-4	11	11	-15	-15	-17	-8	2	-22	-22	-31	-31	-2	6	-14	-14	-21	-21	23	14	14	2	0	10	4	2	2	0	18	-33	-24	2	-19	-19	-17	-9	22	31	31	3	3	-3	-3	-10	-10	12	2	-2	9	9	-6	-23	17	17	-24	0	-20	-7	22	-2	-2	11	-22	-9	-23	-23	-23	-6	28	28	5	5	7	-10	0	-25	-25	15	-2	-5	-1	-1	-57	1	5	-1	19	19	-21	13	-6	8	8	1	2	6	6	18	-1	-20	-20	2	-13	-13	-31	-31	8	-15	-5	-5	-5	-5	-1	1	-2	7	7	-2	4	4	25	0	-2	14	6	6	-17	-17	4	0	8	-2	-2	14	-7	5	5	-32	-32	1	-11	-6	-7	-3	-3	-1	-5	14	5	5	-11	0	-20	-20	-25	-9	10	-13	3	14	14	6	-4	7	7	8	8	2	6	8	10	10	-3	-19	2	2	-14	-14	0	8	7	12	12	3	3	-5	-17	-17	-15	-15	14	-18	-6	-6	10	10	8	
Trial:8
-1	-30	-30	1	1	-6	28	16	22	22	10	4	-34	-34	22	-29	-16	-13	-16	-20	-20	9	-1	26	26	17	27	-28	12	-27	-5	-5	5	-35	11	7	13	13	-2	-44	11	-86	-86	22	14	-31	0	25	25	-6	11	8	11	11	-31	25	33	26	26	32	2	2	-26	-17	-17	-13	-13	-14	-36	-36	-1	-1	16	16	23	23	0	0	13	-42	-42	10	10	-43	-62	-62	44	44	44	25	1	1	25	25	35	-31	-31	-16	-16	12	12	-19	-19	-28	-28	34	-14	-14	-10	-10	-8	13	-50	-3	4	4	-7	-59	1	1	11	11	11	20	28	-3	-3	14	-13	-28	-15	17	17	22	6	-20	30	30	-4	39	-4	-11	-11	-38	-38	6	6	36	36	-2	-2	1	-11	-24	27	27	7	7	3	-21	-21	22	-3	-23	-23	3	3	61	-11	5	11	11	-7	2	3	-30	-30	-1	-1	39	39	-18	-18	-38	18	-8	-12	-12	-20	12	-24	-42	3	-18	-4	-6	-30	24	24	-22	
-1	-2	-2	5	5	-15	1	4	4	4	3	-5	1	1	-1	3	-1	-4	-5	-8	-8	0	2	-6	-6	3	4	-3	2	-2	-1	-1	2	-5	0	-2	2	2	6	-11	-1	-4	-4	1	1	-7	4	-2	-2	-3	-2	-4	2	2	-1	1	3	1	1	-1	4	4	-1	-5	-5	-6	-6	-3	1	1	-6	-6	0	0	-2	-2	0	0	0	-1	-1	0	0	-2	-8	-8	0	0	0	0	-1	-1	4	4	2	-11	-11	-2	-2	-3	-3	-1	-1	-3	-3	5	-3	-3	2	2	-7	1	2	-5	1	1	-4	-6	0	0	5	5	0	-3	1	-5	-5	0	-11	-5	-3	2	2	5	2	-4	-6	-6	-3	-3	-1	-3	-3	-2	-2	4	4	2	2	6	6	-3	2	-7	-2	-2	2	2	3	-4	-4	-3	-6	-2	-2	3	3	-1	-1	0	2	2	-1	-3	2	-1	-1	-3	-3	3	3	-1	-1	-9	7	-3	3	3	-3	-1	0	-1	-1	-3	0	-3	-7	-1	-1	-4	
5	-5	-5	4	4	-8	0	3	0	0	2	-9	1	1	-7	2	3	-2	-18	6	6	1	7	-4	-4	1	0	0	1	-3	-2	-2	2	-2	-3	-6	3	3	4	0	-3	5	5	0	-4	-5	2	8	8	0	-1	-9	-1	-1	1	-3	7	-7	-7	8	-1	-1	-3	-1	-1	-18	-18	5	-1	-1	-3	-3	2	2	-4	-4	0	0	-8	4	4	2	2	-5	-1	-1	-1	-1	-1	5	-3	-3	2	2	4	-6	-6	-1	-1	-2	-2	0	0	0	0	-2	-3	-3	-3	-3	5	-2	8	1	-2	-2	1	-4	-1	-1	0	0	-1	-5	0	-8	-8	-1	0	3	-2	-5	-5	4	-3	11	-4	-4	-3	-5	-3	-2	-2	-6	-6	5	5	-6	-6	1	1	-4	2	-1	-2	-2	-4	-4	0	-2	-2	-2	-13	1	1	0	0	0	3	4	-5	-5	0	3	-3	12	12	-1	-1	2	2	-5	-5	-7	0	0	-2	-2	0	-1	2	1	3	0	-5	-3	-3	-2	-2	-5	
10	-9	-9	9	9	-25	10	19	-14	-14	-1	4	1	1	-12	10	11	21	-16	-4	-4	27	37	-2	-2	-9	0	-19	-5	2	-10	-10	9	-15	-1	-2	19	19	-8	-12	3	-2	-2	5	-6	4	-1	3	3	-20	0	-6	-3	-3	9	-9	-16	-26	-26	29	1	1	8	9	9	11	11	7	-12	-12	-11	-11	-29	-29	16	16	-11	-11	6	-12	-12	14	14	-1	10	10	5	5	5	-12	1	1	6	6	-14	10	10	-6	-6	19	19	-20	-20	6	6	1	-3	-3	-4	-4	-2	13	31	-24	3	3	-7	9	1	1	-17	-17	1	18	12	9	9	-13	-12	15	0	-37	-37	3	13	-30	19	19	-8	-13	5	26	26	4	4	12	12	-14	-14	-5	-5	-5	20	43	-36	-36	-8	-8	-11	22	22	21	0	-1	-1	-2	-2	-25	4	10	-14	-14	-1	10	-12	-24	-24	9	9	3	3	4	4	-3	2	-5	-8	-8	-3	4	8	0	7	-2	18	-5	2	10	10	-19	
4	3	3	-3	-3	-11	11	0	-2	-2	1	2	6	6	-7	6	0	6	-6	-8	-8	11	10	-3	-3	1	5	-15	2	1	-4	-4	8	-6	-2	-2	10	10	-5	-5	3	-11	-11	3	-4	2	-2	1	1	-10	-4	1	-2	-2	5	-7	-7	-16	-16	1	8	8	4	2	2	8	8	-1	-8	-8	-15	-15	-18	-18	13	13	-6	-6	7	12	12	6	6	-3	-1	-1	3	3	3	-24	-1	-1	4	4	-10	7	7	-2	-2	13	13	-6	-6	2	2	2	-9	-9	-9	-9	2	5	8	-9	2	2	-2	6	2	2	-13	-13	9	13	11	3	3	-7	-4	0	5	-20	-20	2	1	-4	14	14	-6	-6	-3	11	11	-1	-1	7	7	-9	-9	-1	-1	-8	9	16	-23	-23	-2	-2	-5	9	9	5	0	1	1	0	0	-21	5	8	-5	-5	-9	6	4	-4	-4	0	0	4	4	-4	-4	-3	6	-10	-3	-3	-7	2	-5	4	1	1	9	2	1	3	3	-6	
-3	0	0	-10	-10	2	1	1	-3	-3	-1	0	7	7	-6	0	-7	-6	0	-6	-6	1	13	-3	-3	-1	2	-6	5	-1	6	6	-4	-3	2	-3	4	4	2	-11	-4	-11	-11	5	1	-12	7	6	6	-5	2	-5	6	6	4	-6	4	-7	-7	-3	-2	-2	-2	1	1	5	5	2	-8	-8	-2	-2	-6	-6	-1	-1	-1	-1	2	4	4	-1	-1	-5	1	1	-5	-5	-5	-6	-2	-2	0	0	1	-5	-5	6	6	7	7	-4	-4	-8	-8	5	-2	-2	-1	-1	-4	-1	1	5	-2	-2	-2	-3	-1	-1	-2	-2	0	1	4	4	4	-4	-8	-5	2	-8	-8	0	0	0	6	6	5	-2	-2	4	4	-9	-9	1	1	1	1	-3	-3	-15	1	3	2	2	-9	-9	2	-6	-6	0	-1	3	3	1	1	-13	2	7	-2	-2	-1	7	0	5	5	3	3	5	5	-11	-11	-3	2	-10	-2	-2	-5	-6	5	6	-4	-6	4	-3	1	-1	-1	-2	
14	7	7	-34	-34	8	-21	1	-9	-9	6	-7	4	4	-7	-7	-12	-11	32	-10	-10	-15	20	8	8	-7	-19	-37	0	-14	8	8	0	6	3	14	16	16	5	-56	22	-26	-26	13	1	-30	11	8	8	-32	26	-7	32	32	8	-11	20	-62	-62	-36	34	34	-3	4	4	39	39	0	-28	-28	15	15	3	3	2	2	-19	-19	16	-5	-5	10	10	-43	7	7	-27	-27	-27	-9	-16	-16	26	26	8	15	15	14	14	-13	-13	-6	-6	-38	-38	27	-37	-37	7	7	-26	-4	-11	-10	-43	-43	11	-10	6	6	-2	-2	10	-20	-8	26	26	1	-35	6	8	-2	-2	39	8	0	17	17	20	16	-7	0	0	-32	-32	19	19	12	12	-4	-4	-50	12	10	-9	-9	-43	-43	-10	-5	-5	-28	-2	14	14	34	34	-6	34	18	30	30	0	22	-11	20	20	42	42	7	7	-38	-38	-15	4	-54	-11	-11	-11	-47	12	10	-44	-22	38	12	9	3	3	11	
7	5	5	-10	-10	-2	6	4	9	9	11	-4	1	1	6	-10	-18	-1	-4	-11	-11	-2	8	9	9	1	14	0	2	-13	8	8	-5	-11	4	14	6	6	-2	-25	5	-26	-26	9	0	-35	5	11	11	-7	19	-10	17	17	-9	7	19	-12	-12	6	4	4	-8	-1	-1	11	11	-9	-17	-17	9	9	2	2	7	7	-10	-10	-9	-23	-23	1	1	-21	-19	-19	8	8	8	14	0	0	9	9	17	-17	-17	2	2	19	19	-6	-6	-16	-16	8	-9	-9	-1	-1	-12	5	6	-4	-11	-11	-11	-24	11	11	4	4	-5	-7	6	10	10	13	-11	-13	-5	2	2	17	4	-15	17	17	6	20	-1	-9	-9	-20	-20	6	6	13	13	7	7	-6	10	-10	-9	-9	1	1	0	-1	-1	-13	-4	4	4	18	18	26	14	2	4	4	-10	-2	-7	-7	-7	12	12	5	5	-3	-3	-9	5	-23	-6	-6	-19	-18	0	-13	-4	-2	15	3	-3	4	4	-6	
Trial:9
25	25	-30	-30	-18	-29	-19	2	2	-6	-26	-4	-4	8	8	-41	38	0	-13	-13	24	-41	-28	-18	20	5	15	-57	-57	37	37	-13	-13	13	13	13	12	12	46	-11	15	14	14	-9	-9	-2	-8	-8	16	16	5	5	-4	-4	7	15	-33	-6	-6	-16	-23	63	63	3	3	-25	2	2	-15	-15	-20	11	-11	-11	-30	-30	-2	-1	-18	11	11	14	-48	16	-3	31	31	13	64	9	-16	21	0	1	-33	-33	-3	-3	-22	-7	15	12	12	-15	-15	-31	-31	1	-7	31	-2	11	-23	-23	-22	-22	25	-1	13	2	-6	-6	-12	-16	-16	2	2	4	-13	3	3	30	30	-8	23	-41	-60	-60	-9	-9	-22	-22	11	11	-1	5	-1	15	15	32	-8	-4	-4	32	32	-11	1	-18	-18	62	62	-28	7	51	-41	-41	-24	33	5	-6	-18	-18	13	29	5	17	17	-11	23	14	14	0	0	-24	-6	16	-12	-12	17	-22	-25	-9	-9	-1	5	-1	-1	5	5	2	
-4	-4	-3	-3	-5	-4	-7	3	3	1	1	-2	-2	2	2	-5	8	-1	-4	-4	-1	-1	-5	-2	6	0	7	-4	-4	5	5	-6	-6	-3	-4	-4	-3	-3	7	-2	0	3	3	-1	-1	-7	-1	-1	-2	-2	0	0	-2	-2	7	-7	-5	-3	-3	-4	2	1	1	2	2	-3	2	-2	0	0	-4	1	-5	-5	-6	-6	6	-4	-1	-4	-4	7	-3	1	-3	-2	-2	0	10	-9	-2	1	-2	-5	-4	-4	-2	-2	2	-2	2	0	0	-3	-3	-7	-7	-1	-2	3	-5	-1	-4	-4	-3	-3	7	-5	2	1	-1	-1	-4	-5	-5	-2	-2	2	-1	2	2	-7	-7	-1	0	-7	-5	-5	-3	-3	-1	-1	4	4	0	2	0	-6	-6	-1	0	5	5	-5	-5	1	2	-3	-3	0	0	-4	0	7	-2	-2	-5	-2	3	-3	-3	-3	-1	4	0	-3	-3	1	1	-1	-1	6	6	-3	0	1	-6	-6	2	-4	-5	-3	-3	0	0	3	3	2	2	-5	
-4	-4	-6	-6	-2	3	-4	5	5	1	4	-2	-2	-5	-5	-2	14	-1	0	0	-5	-8	0	2	5	2	-2	-3	-3	2	2	-2	-2	-17	5	5	-2	-2	4	-2	-1	10	10	1	1	-3	-6	-6	-2	-2	-5	-5	0	0	14	-7	-4	-6	-6	-3	-1	1	1	-6	-6	-4	1	0	-4	-4	-2	-4	-4	-4	-4	-4	3	-2	0	-1	-1	4	1	3	-16	0	0	-1	-1	-1	0	-4	-3	-1	-7	-7	4	4	9	-5	-3	-4	-4	-5	-5	-3	-3	-3	-10	1	1	-3	2	2	1	1	-3	3	-4	4	-1	-1	8	1	1	-2	-2	-4	2	-3	-3	-5	-5	-3	-3	-4	-4	-4	-1	-1	9	9	4	4	-2	-5	-4	-3	-3	-6	2	4	4	-1	-1	-12	0	2	2	-3	-3	-3	3	4	-2	-2	1	-3	-1	-2	-2	-2	7	-2	0	-2	-2	-1	-1	-4	-4	0	0	5	-13	-3	-3	-3	-1	1	-3	-2	-2	11	-13	4	4	1	1	-2	
12	12	0	0	28	-6	-16	-4	-4	8	6	0	0	-15	-15	-4	1	-18	4	4	12	-6	3	-10	0	-8	9	0	0	5	5	-12	-12	-16	12	12	4	4	0	22	-15	-20	-20	-11	-11	15	19	19	-3	-3	-3	-3	-6	-6	-1	1	8	-20	-20	10	-20	4	4	10	10	-12	-4	-6	-6	-6	14	0	-16	-16	-8	-8	2	-16	-5	17	17	-5	20	0	-2	16	16	-5	-4	5	7	-5	0	0	5	5	-1	-1	14	-14	1	-24	-24	-17	-17	-5	-5	9	7	18	7	-7	-11	-11	-6	-6	-11	3	-1	10	4	4	14	12	12	4	4	4	2	-2	-2	-10	-10	19	1	-9	-3	-3	-1	-1	-33	-33	-7	-7	2	1	-6	7	7	1	0	21	21	3	3	-4	-24	-5	-5	-18	-18	10	0	-11	-4	-4	-8	0	-16	-11	21	21	13	2	-1	-14	-14	-10	12	-2	-2	4	4	-3	-2	2	-4	-4	30	8	-2	-4	-4	-4	3	-10	-10	5	5	0	
5	5	2	2	9	-14	-5	-11	-11	1	-3	2	2	-3	-3	-4	4	-3	-2	-2	7	-1	-9	-6	-3	-2	9	7	7	1	1	-6	-6	-2	1	1	0	0	-2	10	-7	-8	-8	-13	-13	2	12	12	2	2	-1	-1	7	7	2	0	4	-9	-9	7	-10	-2	-2	12	12	-11	-11	-14	-3	-3	3	-1	-2	-2	-5	-5	2	-13	-1	5	5	-5	-3	-1	3	1	1	-3	2	-1	1	1	-4	2	-1	-1	-14	-14	3	-3	5	-8	-8	-9	-9	-6	-6	10	8	10	1	-3	-7	-7	-12	-12	2	-1	3	8	2	2	5	8	8	2	2	5	-1	1	1	-7	-7	19	-2	-7	-1	-1	1	1	-25	-25	-5	-5	0	8	-5	-1	-1	-4	3	-8	-8	3	3	5	-22	0	0	-11	-11	-4	1	-3	4	4	-5	6	-8	-6	12	12	3	-2	-1	-5	-5	-1	10	2	2	3	3	-5	5	-5	7	7	14	5	0	-10	-10	3	1	-8	-8	5	5	2	
-9	-9	-2	-2	2	-2	2	-3	-3	2	-2	4	4	2	2	-8	4	-4	-1	-1	0	-1	-8	2	0	-3	0	-5	-5	-3	-3	5	5	-4	-5	-5	-3	-3	3	1	-3	0	0	5	5	2	4	4	7	7	-8	-8	2	2	1	1	-5	-1	-1	0	-2	0	0	7	7	-10	-2	8	-6	-6	1	-4	-2	-2	1	1	-10	0	4	0	0	-2	-11	-1	2	-5	-5	-2	4	-6	-4	4	-2	-3	-8	-8	-6	-6	5	-5	0	-3	-3	-3	-3	-4	-4	0	4	2	-7	-2	-5	-5	-4	-4	3	1	4	0	-11	-11	12	1	1	2	2	-1	2	7	7	-9	-9	3	-3	-3	-9	-9	1	1	-1	-1	-3	-3	0	4	1	0	0	-4	4	-7	-7	-7	-7	-3	-5	5	5	-8	-8	-1	-5	3	-3	-3	-8	-1	3	2	3	3	3	0	-4	3	3	3	4	-3	-3	1	1	-11	2	2	5	5	-3	-1	-1	-1	-1	-2	-5	2	2	4	4	0	
-86	-86	17	17	20	18	21	-13	-13	11	5	27	27	2	2	-16	0	19	-39	-39	11	-5	-17	59	10	0	-44	17	17	-13	-13	14	14	-27	12	12	-42	-42	30	7	-7	6	6	15	15	3	39	39	47	47	-13	-13	-7	-7	-10	-11	7	-12	-12	8	14	10	10	29	29	-25	-9	24	-43	-43	5	-22	1	1	-11	-11	-43	13	8	-12	-12	56	-27	14	-3	-8	-8	-15	38	-43	-26	-7	9	-14	4	4	-40	-40	46	7	21	-16	-16	-19	-19	0	0	8	27	10	-49	-1	-40	-40	-22	-22	33	8	6	-6	-53	-53	55	-18	-18	2	2	-7	27	30	30	-6	-6	-2	9	1	-22	-22	-2	-2	-35	-35	8	8	44	22	-18	11	11	-5	10	-9	-9	-46	-46	-55	-8	42	42	-13	-13	34	-7	13	-36	-36	-12	18	24	19	-5	-5	21	41	29	27	27	15	3	-29	-29	2	2	-36	16	5	16	16	-40	-7	-17	28	28	6	-14	14	14	24	24	-1	
-13	-13	-10	-10	-19	1	-4	6	6	9	-7	14	14	5	5	-32	2	-5	-23	-23	12	-7	-10	13	14	-3	-12	-4	-4	14	14	0	0	-9	13	13	-2	-2	16	4	-5	15	15	-9	-9	-11	-5	-5	20	20	7	7	1	1	-9	7	-4	1	1	-19	7	13	13	13	13	-7	-29	8	-6	-6	-7	8	-4	-4	-16	-16	-4	-12	0	-7	-7	11	-23	8	2	-7	-7	0	29	-24	-21	11	2	-7	-9	-9	-23	-23	22	-2	6	7	7	-12	-12	-18	-18	0	13	25	-10	-5	-9	-9	-6	-6	17	1	14	0	-16	-16	8	-2	-2	-10	-10	4	1	-2	-2	-9	-9	10	13	-11	-32	-32	-8	-8	-17	-17	-6	-6	9	11	1	10	10	11	1	-14	-14	6	6	-18	-6	-1	-1	12	12	2	2	15	-13	-13	-4	1	8	2	-7	-7	12	30	12	1	1	-10	7	1	1	0	0	8	6	8	0	0	-7	-10	-15	-4	-4	-1	-5	-8	-8	8	8	0	
Trial:10
-22	49	49	13	54	23	15	16	-11	-14	-2	-10	-9	18	18	-2	-2	-93	62	62	-1	3	-25	21	21	19	-30	-12	12	-2	-60	-14	-25	-25	-1	-1	4	-19	25	-43	-43	6	23	7	-10	25	25	-14	36	-70	1	1	1	1	-55	-31	-3	-3	24	24	-16	45	45	14	14	19	-66	37	18	18	9	19	-28	-28	-56	-56	14	8	8	32	32	32	8	8	8	-2	-2	-31	3	3	-17	-17	11	-37	-37	55	55	55	5	5	-15	12	12	-16	25	-20	-20	30	-12	-1	11	-38	-16	-16	6	-4	11	11	-70	-70	42	-9	1	-3	-3	31	8	-11	15	15	15	-22	-22	5	-24	-24	6	6	-11	6	28	28	-9	-9	-2	-16	-16	22	22	19	19	-1	-1	-8	-8	8	7	7	-2	-2	-12	-30	-30	-16	-18	-18	59	16	16	8	8	-3	-21	-21	-26	-26	-26	8	58	58	29	29	-15	-7	-7	-22	-22	8	8	-38	-38	-8	-8	-14	29	7	15	15	2	14	
-2	-1	-1	-4	2	0	9	-9	-8	-4	-10	-1	-1	3	3	1	4	-4	3	3	-4	8	-1	14	14	3	-2	-2	-6	-3	5	-1	-11	-11	-4	-4	0	-7	-7	-3	-3	1	6	9	0	-1	-1	-5	3	-6	-1	-1	-4	-4	-9	-6	2	2	8	8	-1	0	0	2	2	0	-12	3	3	3	0	0	1	1	-4	-4	-5	-5	-5	2	2	2	1	1	1	2	2	-7	6	6	-6	-6	0	-9	-9	7	7	7	-2	1	-8	-5	-5	-1	4	3	3	4	-2	-1	-4	-1	-3	-3	1	-7	-2	-2	-11	-11	6	-2	-3	-8	-8	1	-4	2	2	2	2	-7	-7	3	1	1	-5	-5	1	2	3	3	-8	-8	2	-8	-8	5	5	1	1	5	5	1	1	0	2	2	0	0	-3	-5	-5	-3	-5	-5	5	-5	-5	-2	-2	-1	-6	-6	2	2	2	2	3	3	5	5	4	-1	-1	-6	-6	-3	-3	-5	-5	-5	-5	-3	-1	0	0	0	-2	5	
-2	-7	-7	0	2	-3	6	-5	-3	-5	-2	-3	0	7	7	-6	2	-2	0	0	-4	0	-6	4	4	0	3	3	-6	-5	6	-2	-3	-3	-2	-2	2	-4	-3	-1	-1	-1	-5	5	-1	-4	-4	-3	-3	1	0	0	-3	-3	-1	0	4	4	-3	-3	-6	-2	-2	0	0	-1	-8	1	-4	-4	0	-2	5	5	-5	-5	-3	-1	-1	0	0	0	1	1	1	-2	-2	-2	3	3	-6	-6	-5	-4	-4	6	6	6	-1	0	-2	1	1	-2	3	2	2	-4	3	-4	-6	0	0	0	0	-4	-3	-3	-4	-4	2	-1	-3	-1	-1	1	-4	2	-5	-5	-5	-5	-5	0	0	0	1	1	-2	-1	0	0	0	0	0	-3	-3	-12	-12	2	2	0	0	2	2	3	-5	-5	2	2	3	3	3	-1	-3	-3	15	0	0	-7	-7	-9	-3	-3	-3	-3	-3	-15	3	3	-2	-2	1	15	15	-2	-2	-3	-3	-7	-7	-5	-5	-6	-16	0	-3	-3	-4	6	
-19	-20	-20	14	-10	0	12	3	-2	-22	-13	4	-3	-25	-25	-1	-9	-3	-7	-7	-5	-32	-8	8	8	5	-6	5	-3	-4	28	-8	-3	-3	14	14	-16	-6	12	-6	-6	-5	-25	35	2	18	18	15	-22	21	-8	-8	-20	-20	13	-12	13	13	-2	-2	-12	-4	-4	24	24	-13	-3	16	-12	-12	-10	-9	-12	-12	-6	-6	-7	-27	-27	0	0	0	32	32	32	3	3	7	15	15	-17	-17	-10	-7	-7	12	12	12	-3	33	-9	14	14	-5	16	1	1	-3	3	9	25	2	17	17	4	-1	-11	-11	-25	-25	-7	-7	19	-4	-4	-19	-3	-9	3	3	3	0	0	-6	-18	-18	-4	-4	8	-26	-3	-3	23	23	7	0	0	-13	-13	17	17	-17	-17	0	0	-3	-6	-6	-3	-3	-8	-18	-18	-22	0	0	22	-9	-9	8	8	5	-50	-50	3	3	3	9	4	4	-15	-15	19	14	14	-23	-23	11	11	5	5	5	5	13	22	8	-11	-11	11	-26	
-5	-4	-4	7	-6	5	6	8	6	0	-31	12	11	-9	-9	4	-9	1	-4	-4	-2	-6	6	-11	-11	1	-5	11	23	6	3	-9	-4	-4	-7	-7	0	-6	20	3	3	-8	-13	13	-12	8	8	-24	-18	20	4	4	-10	-10	3	-7	5	5	-9	-9	-2	2	2	11	11	-2	0	0	1	1	0	-2	-7	-7	5	5	-6	-27	-27	6	6	6	12	12	12	7	7	4	6	6	-12	-12	-8	0	0	10	10	10	-1	18	-14	9	9	-3	10	-19	-19	8	-7	2	6	-4	19	19	6	3	-7	-7	-18	-18	3	-1	9	7	7	-7	-4	-12	-6	-6	-6	9	9	1	-15	-15	-7	-7	2	-5	-3	-3	-2	-2	22	0	0	-24	-24	7	7	-8	-8	-1	-1	-16	0	0	-8	-8	3	-28	-28	-10	13	13	11	-21	-21	9	9	10	-22	-22	3	3	3	10	7	7	-5	-5	7	4	4	-23	-23	14	14	2	2	12	12	3	3	1	-2	-2	4	-13	
4	-8	-8	0	-3	6	3	0	1	0	-8	-1	1	-15	-15	7	-5	-4	2	2	-8	4	11	10	10	-5	4	5	-1	3	5	-4	-9	-9	2	2	0	-6	0	-2	-2	-1	8	6	-12	5	5	-5	-3	-13	-2	-2	-4	-4	-6	-8	3	3	-4	-4	2	1	1	7	7	-3	-3	1	5	5	-8	-2	5	5	-1	-1	-3	-12	-12	3	3	3	-9	-9	-9	7	7	-3	7	7	-4	-4	-2	-5	-5	2	2	2	0	1	-2	-1	-1	4	-1	-3	-3	-4	-4	-2	-10	3	-2	-2	3	-2	-4	-4	-13	-13	2	3	1	-5	-5	0	-7	0	-3	-3	-3	2	2	2	2	2	3	3	2	4	7	7	-3	-3	-5	-4	-4	-10	-10	3	3	-2	-2	0	0	-4	3	3	7	7	-2	-6	-6	-1	2	2	3	-13	-13	1	1	-5	5	5	-4	-4	-4	-1	-1	-1	0	0	-1	-1	-1	-6	-6	4	4	2	2	2	2	-4	-1	-4	3	3	-1	3	
10	12	12	29	-4	48	11	-3	0	2	-2	-19	6	-3	-3	4	-9	-30	-9	-9	-30	8	22	45	45	-14	-12	7	5	1	42	-1	-35	-35	58	58	12	-7	-5	-20	-20	29	34	-13	-46	18	18	-10	-19	-93	-10	-10	19	19	3	-27	74	74	-20	-20	4	-16	-16	7	7	-4	-25	21	-17	-17	2	8	28	28	-42	-42	3	-5	-5	12	12	12	-77	-77	-77	24	24	13	33	33	-15	-15	11	-34	-34	-57	-57	-57	-2	-12	17	7	7	5	-21	12	12	6	-11	-20	-38	29	18	18	-7	-10	-1	-1	1	1	12	36	7	-33	-33	2	-20	1	-6	-6	-6	12	12	-12	27	27	-1	-1	-25	24	35	35	3	3	10	-8	-8	-28	-28	7	7	8	8	-30	-30	13	6	6	-4	-4	6	-19	-19	-9	17	17	-9	-28	-28	1	1	-64	21	21	-24	-24	-24	18	-54	-54	38	38	-13	12	12	31	31	-7	-7	42	42	-4	-4	0	26	-2	63	63	-18	9	
0	16	16	7	10	24	16	-2	-4	22	-6	-8	-9	0	0	4	-5	-24	13	13	-16	8	3	29	29	4	-11	-6	9	-4	3	-9	-14	-14	10	10	-2	-12	12	-12	-12	4	12	0	-18	23	23	-15	8	-61	0	0	11	11	-38	-23	25	25	14	14	6	13	13	7	7	20	-32	19	9	9	0	23	-12	-12	-42	-42	0	-4	-4	6	6	6	-25	-25	-25	0	0	-13	27	27	3	3	-1	-21	-21	-6	-6	-6	-1	7	2	11	11	2	-5	-13	-13	14	-13	-9	-15	-17	3	3	6	-14	8	8	-23	-23	21	10	2	-5	-5	8	-7	-12	-5	-5	-5	4	4	1	-12	-12	6	6	-15	11	17	17	1	1	-5	1	1	8	8	7	7	12	12	-10	-10	-3	5	5	-3	-3	-6	-3	-3	-3	0	0	11	-9	-9	5	5	-15	-11	-11	-6	-6	-6	3	-11	-11	19	19	5	-12	-12	5	5	7	7	5	5	-5	-5	-6	10	-15	18	18	-2	7	
Trial:11
6	-33	10	10	-16	-16	-1	6	3	-24	-24	-6	17	7	-28	-28	12	11	-6	13	13	-12	1	9	9	16	16	1	25	-32	7	7	17	17	16	21	21	-4	-4	-12	-12	22	22	-11	3	3	-7	-7	-18	-18	-11	-19	-19	-11	20	-35	18	18	-9	-2	-2	-11	6	6	-9	-9	-9	-40	18	18	17	17	-2	-1	-1	11	4	4	-11	16	16	26	26	-4	-8	-38	-3	-3	-3	11	6	6	-15	-15	-2	-57	0	-3	-3	-3	19	2	-2	-17	-17	-1	-1	-12	-12	-37	-37	24	16	-3	-26	-26	-26	0	0	-20	8	8	8	8	6	10	10	10	-5	-5	-11	41	41	7	7	-34	-34	-2	3	44	44	30	28	28	-7	-7	-20	-20	-21	-21	0	0	-3	-18	-18	3	3	3	11	7	7	-14	-14	-20	6	6	-32	-32	6	-24	6	-12	-8	4	-18	-1	-3	-60	-60	-11	-27	25	58	16	-8	-1	-29	13	6	6	-9	0	-7	-7	13	13	1	4	-13	15	
-5	0	-1	-1	-2	-2	2	-3	1	-7	-7	0	0	2	2	2	-2	3	-4	-1	-1	-6	-4	2	2	1	1	-6	-2	-10	4	4	-3	-3	3	5	5	1	1	2	2	0	0	-1	-5	-5	-6	-6	-4	-4	-4	-1	-1	-2	8	-4	0	6	1	-4	-4	-2	4	4	-2	-2	-2	-6	-1	-1	-2	-2	0	-4	-4	3	-4	-4	-1	2	2	1	1	-3	-1	-1	-2	-2	-2	-1	1	1	3	3	1	-1	-1	-7	-7	-7	-2	-4	-5	-1	-1	-3	-3	3	3	-3	-3	1	0	-1	-4	-4	-4	2	2	-1	1	1	1	1	-2	1	1	1	2	2	-3	2	2	-1	-1	-4	-4	-5	2	6	6	0	1	1	1	1	-4	-4	-6	-6	-4	-4	2	-3	-3	3	3	3	-5	-1	-1	0	0	-1	4	4	-6	-6	1	-8	-2	-2	-6	1	-6	-1	-3	2	2	1	-2	-2	5	1	-5	-2	1	3	-1	-1	-5	-3	-3	-3	-4	-4	0	1	-2	-5	
-6	2	-3	-3	4	4	-3	16	1	-8	-8	-1	-5	2	0	0	-1	4	-7	2	2	-3	-4	2	2	-3	-3	0	1	-4	3	3	2	2	2	1	1	1	1	-2	-2	-1	-1	-4	-5	-5	-10	-10	-1	-1	2	-2	-2	-4	9	-3	-5	10	-5	1	1	-2	1	1	0	0	0	-4	-18	-18	-1	-1	3	6	6	-1	-3	-3	3	2	2	-15	-15	4	-7	6	-6	-6	-6	-2	13	13	-1	-1	-1	1	-3	-7	-7	-7	-4	1	-14	2	2	-3	-3	0	0	0	0	-14	-7	7	0	0	0	0	0	6	4	4	-11	-11	1	1	1	1	1	1	3	1	1	0	0	10	10	-1	12	3	3	-6	-8	-8	-4	-4	-2	-2	-3	-3	-3	-3	4	-6	-6	0	0	0	0	-1	-1	8	8	-2	3	3	1	1	-5	1	-12	2	0	-3	-3	-2	-4	3	3	3	-4	-2	-3	1	-8	-1	4	-4	2	2	0	-6	-2	-2	-11	-11	2	-7	-12	5	
-11	-8	1	1	-2	-2	-17	5	14	7	7	-2	-9	13	-13	-13	4	-12	-22	3	3	-7	-19	12	12	7	7	24	9	-20	5	5	-16	-16	3	2	2	-4	-4	-2	-2	-8	-8	-4	-7	-7	-5	-5	11	11	-1	9	9	6	-7	-18	-8	-15	-3	16	16	-1	-4	-4	6	6	6	-17	-11	-11	10	10	-24	8	8	7	-10	-10	5	1	1	-10	-10	24	0	9	2	2	2	0	-2	-2	-16	-16	-7	-3	-3	-2	-2	-2	-7	13	-4	-7	-7	2	2	1	1	12	12	-18	-2	14	-8	-8	-8	-8	-8	4	-7	-7	6	6	-6	0	0	0	1	1	7	1	1	-9	-9	5	5	-4	-2	-20	-20	8	-5	-5	-10	-10	-15	-15	14	14	5	5	-5	-11	-11	-3	-3	-3	3	-15	-15	20	20	7	-2	-2	-18	-18	-10	7	17	-17	-3	16	-25	-21	3	13	13	4	0	12	-7	-8	-26	-24	9	15	4	4	1	-11	5	5	-36	-36	11	-3	-11	2	
0	-4	2	2	-2	-2	-6	3	11	0	0	-5	-5	3	-10	-10	7	-11	-4	-4	-4	-2	-18	9	9	1	1	9	-2	-8	3	3	-11	-11	-3	3	3	-13	-13	5	5	-5	-5	-2	1	1	3	3	-4	-4	-4	7	7	7	-11	-9	-1	-12	2	2	2	5	-6	-6	-3	-3	-3	-4	3	3	7	7	-26	-1	-1	9	14	14	2	-5	-5	-4	-4	3	-1	-7	7	7	7	2	1	1	-16	-16	0	-4	6	4	4	4	-10	8	0	-4	-4	2	2	-6	-6	1	1	-5	8	4	1	1	1	-2	-2	-7	-9	-9	2	2	-5	0	0	0	5	5	2	-4	-4	-4	-4	-1	-1	5	-15	-18	-18	7	-4	-4	-7	-7	-9	-9	11	11	7	7	-12	-9	-9	-2	-2	-2	2	-6	-6	-3	-3	12	1	1	-2	-2	-6	4	6	-17	-1	5	-20	-10	0	9	9	3	2	11	2	-3	-19	-17	8	2	0	0	2	-8	3	3	-9	-9	2	0	3	-4	
-4	1	-4	-4	0	0	0	-2	4	-3	-3	-2	-6	0	3	3	4	1	-5	2	2	-1	-4	-5	-5	-1	-1	-4	-1	4	5	5	-16	-16	0	3	3	-1	-1	1	1	2	2	-4	0	0	-3	-3	-4	-4	3	0	0	-2	-3	-2	5	1	0	-3	-3	6	-10	-10	-1	-1	-1	-5	2	2	3	3	-3	-12	-12	3	5	5	2	-3	-3	-7	-7	3	-1	-3	-2	-2	-2	1	-12	-12	4	4	-5	5	3	5	5	5	6	-7	3	1	1	-4	-4	-8	-8	-7	-7	-4	4	3	-3	-3	-3	-3	-3	-2	0	0	-4	-4	1	2	2	2	4	4	-2	-4	-4	-4	-4	3	3	-2	-1	-3	-3	4	-3	-3	-5	-5	-1	-1	4	4	0	0	-2	-1	-1	3	3	3	-1	-2	-2	-1	-1	7	-3	-3	-10	-10	3	0	-2	-3	-11	4	-4	0	-4	6	6	6	-4	0	0	1	-2	-2	0	-6	-1	-1	-1	1	0	0	2	2	-3	-2	-3	-4	
-33	31	-17	-17	-16	-16	10	-27	-17	-8	-8	-20	-15	23	43	43	16	7	-38	25	25	4	-3	-2	-2	-1	-1	-20	-4	26	16	16	-75	-75	27	6	6	-6	-6	-1	-1	2	2	-6	-29	-29	-1	-1	14	14	33	10	10	-30	-6	9	15	34	-24	-15	-15	14	-17	-17	5	5	5	-6	2	2	29	29	4	-40	-40	-3	6	6	19	21	21	-11	-11	6	5	6	-20	-20	-20	-38	-71	-71	50	50	8	34	9	-7	-7	-7	35	-25	1	4	4	0	0	-24	-24	-29	-29	1	3	14	8	8	8	-43	-43	-14	12	12	-14	-14	28	-3	-3	-3	11	11	-10	-8	-8	3	3	1	1	-36	10	5	5	18	-1	-1	-27	-27	25	25	1	1	4	4	-3	52	52	8	8	8	-25	10	10	-33	-33	11	0	0	-50	-50	9	-23	20	-27	-40	10	29	-24	-48	28	28	39	11	10	14	-3	1	9	7	-33	-14	-14	-8	-6	-6	-6	0	0	35	18	11	-23	
-9	16	12	12	-15	-15	-4	-13	-13	4	4	-15	15	10	1	1	11	4	-14	0	0	3	-5	-7	-7	0	0	-6	5	-6	10	10	-28	-28	9	13	13	6	6	-11	-11	2	2	-1	6	6	-6	-6	-2	-2	-11	6	6	-19	-4	-7	13	27	0	-5	-5	4	7	7	-2	-2	-2	-26	1	1	7	7	2	-19	-19	-1	9	9	5	5	5	12	12	-5	0	-17	-6	-6	-6	6	-21	-21	15	15	-5	-9	-8	-2	-2	-2	-2	-4	-17	3	3	7	7	2	2	-30	-30	18	12	14	-6	-6	-6	-15	-15	-12	5	5	7	7	18	11	11	11	-9	-9	-10	1	1	9	9	-6	-6	-6	1	16	16	9	10	10	-12	-12	-3	-3	-2	-2	4	4	-15	4	4	2	2	2	-13	2	2	-17	-17	-3	4	4	-15	-15	11	-11	8	2	-18	4	-9	1	-10	-10	-10	-5	-12	9	13	-1	-1	-2	-4	5	-3	-3	-9	1	2	2	1	1	8	0	-5	5	
Trial:12
-24	15	15	1	1	1	1	28	28	9	12	12	-23	-23	-27	-5	-5	19	3	3	-9	20	-28	-2	-2	4	4	24	-18	-18	-18	20	-11	4	38	38	-45	-12	11	-61	-61	-6	-6	24	6	22	22	-1	-27	17	27	27	43	43	-13	-13	-22	-22	3	3	6	-33	-33	29	15	23	-46	-46	0	0	0	-92	41	41	5	5	56	-7	-7	31	31	-1	-1	9	9	3	3	-27	-27	6	-34	-34	-6	9	9	-45	1	-25	16	11	11	-9	-9	-15	28	-9	3	3	-14	-36	26	26	-2	-2	-16	-5	-24	-2	-2	19	19	52	52	-27	-27	-35	-19	7	8	8	-14	-35	-39	-39	37	37	18	18	-13	7	7	-33	-33	33	7	7	-17	-17	-2	-2	21	21	11	11	-25	4	42	27	27	-67	-67	3	3	-11	-11	-8	-26	21	31	31	4	-68	4	-3	-3	31	31	-15	-15	-3	-3	-13	8	-19	10	41	-15	-15	-12	-12	-14	46	-30	-21	3	3	3	-10	-7	19	
-4	-4	-4	-2	1	1	1	3	3	1	-1	-1	-1	-1	0	-1	-1	3	-3	-3	-3	2	-9	0	0	-5	3	1	1	1	1	0	-2	-1	5	5	-8	0	-1	-3	-3	2	2	1	1	-5	-5	-2	-2	1	3	3	3	3	-2	-2	-5	-5	4	4	-3	-7	-7	-3	5	0	-5	-5	-1	-1	-1	-4	-1	-1	-2	-2	7	-4	-4	0	0	2	2	1	1	4	4	-4	-4	0	-5	-5	-4	-6	-6	2	0	-6	1	-2	-2	6	6	-6	3	-10	0	0	-4	-6	4	4	4	4	-4	0	-6	1	1	2	2	5	5	-1	-1	-4	2	-1	3	3	2	-8	-6	-6	6	6	-1	-1	1	-3	-3	4	4	-4	-3	-3	-1	-1	-6	-6	4	4	0	0	-8	-1	-4	-1	-1	-8	-8	3	3	-3	-3	-2	-3	-2	3	3	3	-3	0	0	0	2	2	0	0	-8	-8	1	-4	0	-2	-7	-1	-1	0	0	-2	14	-4	-1	3	-1	-1	-8	-6	7	
-5	-11	-11	1	0	0	0	-2	-2	-2	1	1	-2	-2	3	-6	-6	-4	-6	-6	-12	-1	9	0	0	2	0	-1	13	13	13	-14	-3	-1	2	2	-3	-8	-2	4	4	10	10	-7	1	-8	-8	-8	-1	-2	1	1	-3	-3	-6	-6	-1	-1	4	4	-3	10	10	0	0	0	-1	-1	1	1	1	-1	-3	-3	-4	-4	0	-8	-8	-3	-3	-2	-2	2	2	8	8	1	1	-2	-7	-7	0	-5	-5	3	-10	4	-8	6	6	7	7	-3	5	-2	-7	-7	-7	-1	1	1	-4	-4	-16	-5	6	1	1	2	2	2	2	11	11	5	4	-3	1	1	-2	0	-9	-9	-5	-5	-4	-4	-1	-2	-2	3	3	-3	0	0	-5	-5	-6	-6	4	4	0	0	0	8	-5	4	4	-2	-2	-3	-3	4	4	-3	-3	-2	-1	-1	1	2	1	-2	-2	2	2	-2	-2	-3	-3	2	-13	0	-2	-9	-1	-1	6	6	1	-6	-10	9	-1	5	5	-5	0	3	
-11	24	24	23	-5	-5	-5	3	3	5	-11	-11	-21	-21	0	-1	-1	-1	5	5	9	3	19	3	3	-2	-18	-1	14	14	14	-19	16	-10	-23	-23	-4	14	4	20	20	15	15	-34	7	2	2	-41	13	-2	-8	-8	-21	-21	3	3	-4	-4	-8	-8	2	-12	-12	4	-9	-8	-25	-25	14	14	14	42	4	4	0	0	7	-3	-3	7	7	-7	-7	33	33	2	2	-25	-25	-9	-4	-4	-6	-7	-7	17	10	8	-20	15	15	5	5	-16	-15	-21	-5	-5	-12	11	-1	-1	-6	-6	13	-8	-5	-3	-3	14	14	3	3	-14	-14	19	-7	-3	13	13	-18	8	5	5	13	13	-20	-20	-17	-3	-3	4	4	-6	-12	-12	-10	-10	15	15	7	7	-16	-16	15	15	-20	22	22	-3	-3	-19	-19	-1	-1	2	-15	20	-5	-5	-13	29	8	-3	-3	-2	-2	-6	-6	-2	-2	17	6	-11	-4	5	4	4	20	20	5	9	-38	-2	6	-20	-20	2	-9	7	
-4	3	3	8	-1	-1	-1	5	5	4	-8	-8	-11	-11	0	6	6	0	10	10	0	-3	4	0	0	-5	-6	-2	-7	-7	-7	-2	6	0	-18	-18	1	9	5	12	12	4	4	-15	-2	-4	-4	-9	4	1	-8	-8	-8	-8	-3	-3	-3	-3	-10	-10	-1	-17	-17	4	-2	0	-24	-24	9	9	9	10	8	8	4	4	8	-7	-7	13	13	-5	-5	12	12	-2	-2	-12	-12	-4	-1	-1	4	-8	-8	-2	10	6	-14	1	1	0	0	-10	-13	-17	-5	-5	-2	8	-4	-4	1	1	14	-5	-5	-6	-6	8	8	-2	-2	-15	-15	8	-1	1	6	6	-10	8	2	2	2	2	-18	-18	-6	4	4	-6	-6	4	4	4	-1	-1	11	11	-2	-2	-8	-8	6	15	-12	-2	-2	-4	-4	-4	-4	-1	-1	1	-2	5	-2	-2	-11	18	5	4	4	5	5	-4	-4	6	6	5	5	-7	-3	-3	2	2	10	10	-3	9	-16	-13	3	-8	-8	0	-4	-3	
-1	-4	-4	1	1	1	1	-10	-10	2	0	0	1	1	0	0	0	1	-5	-5	6	3	-2	2	2	-2	3	1	6	6	6	3	-2	-8	-1	-1	-10	2	-4	2	2	5	5	-4	-5	-2	-2	-2	-4	4	-5	-5	1	1	-4	-4	-7	-7	2	2	-12	0	0	-5	0	-3	-3	-3	7	7	7	5	-2	-2	-3	-3	1	-8	-8	6	6	1	1	2	2	-5	-5	1	1	-1	2	2	1	-4	-4	0	3	0	-3	-2	-2	3	3	-5	-8	-7	-2	-2	0	3	-5	-5	-4	-4	6	2	3	0	0	-1	-1	-1	-1	-9	-9	7	-4	-3	1	1	3	4	-4	-4	-5	-5	-5	-5	-3	5	5	0	0	-4	0	0	-1	-1	5	5	-3	-3	-5	-5	2	3	-8	1	1	-4	-4	-2	-2	3	3	-8	1	6	-2	-2	3	2	4	-2	-2	-4	-4	-2	-2	3	3	-2	-1	-9	3	-3	0	0	9	9	-2	3	-9	-5	3	-3	-3	-2	1	-1	
-10	-5	-5	1	2	2	2	-48	-48	-7	4	4	7	7	33	-5	-5	11	16	16	14	-8	-19	-22	-22	-27	40	18	-5	-5	-5	5	3	-5	18	18	18	13	-20	5	5	34	34	21	7	3	3	5	-28	-17	-15	-15	12	12	-7	-7	-16	-16	-13	-13	-29	19	19	-13	-11	-12	-7	-7	32	32	32	4	0	0	-16	-16	1	-13	-13	-30	-30	21	21	14	14	-18	-18	33	33	18	-22	-22	-7	-65	-65	25	32	0	-11	11	11	12	12	29	-4	6	13	13	4	-8	-7	-7	-13	-13	-4	18	17	-1	-1	-40	-40	5	5	-8	-8	-8	11	-9	22	22	7	21	-24	-24	-35	-35	10	10	40	-8	-8	-23	-23	-12	-3	-3	0	0	17	17	-12	-12	-27	-27	3	-17	-23	20	20	6	6	12	12	43	43	-1	3	19	-5	-5	-4	5	-3	-5	-5	-32	-32	-9	-9	37	37	-18	14	13	5	-35	-51	-51	26	26	22	-12	-2	-7	31	5	5	-21	-11	-11	
-17	-12	-12	-4	-7	-7	-7	5	5	-3	11	11	0	0	-6	-10	-10	0	3	3	8	0	-2	-6	-6	-22	13	13	-2	-2	-2	9	-6	-19	11	11	-14	2	9	-13	-13	11	11	9	1	7	7	7	-21	12	1	1	3	3	-15	-15	-8	-8	-1	-1	-11	3	3	-6	-4	-3	-18	-18	3	3	3	-21	8	8	6	6	18	-3	-3	-6	-6	2	2	15	15	-10	-10	2	2	4	-13	-13	0	-20	-20	-8	-1	-1	-3	14	14	-17	-17	4	17	-3	2	2	-16	-19	15	15	-5	-5	-5	9	-15	14	14	4	4	17	17	-6	-6	-21	-4	8	4	4	2	-15	-22	-22	0	0	8	8	-9	-1	-1	-10	-10	-5	15	15	3	3	6	6	0	0	-13	-13	-2	0	6	1	1	-18	-18	13	13	10	10	0	-18	14	16	16	-5	-27	0	-3	-3	8	8	-11	-11	-3	-3	-8	19	-7	-6	-1	-14	-14	2	2	-4	12	-8	-18	9	-9	-9	-8	-3	7	
Trial:13
29	29	39	39	25	15	15	0	0	-25	10	-20	36	6	-33	-3	-36	40	40	-37	1	44	30	1	1	-15	-22	-56	15	15	-13	-13	30	30	-32	-32	11	-42	-14	11	11	-33	2	7	7	0	-8	-8	-26	-25	3	3	-11	25	8	8	1	1	-43	-43	17	16	16	18	18	-11	36	36	-27	-27	3	27	2	2	83	83	-7	-6	-6	4	4	-15	10	4	4	-49	-49	-2	-15	-9	-98	-98	7	23	-21	50	50	21	21	-53	-53	-6	-6	15	-14	63	-16	-16	34	1	0	0	-23	-23	3	3	-80	42	42	25	29	-22	9	9	-4	5	26	-55	23	23	7	7	-76	33	33	32	32	18	4	4	27	-18	-18	32	25	25	-78	-78	12	9	9	9	-1	-1	39	39	39	-4	-4	-7	7	7	7	-49	-49	9	-7	-7	-98	-98	50	13	13	4	4	-26	13	13	20	20	20	8	-1	-1	43	43	6	-17	0	-8	-4	-4	31	-16	-16	-16	-11	31	-38	20	
0	0	1	1	3	-2	-2	-8	-8	1	-3	-2	-1	-5	0	3	2	4	4	-2	-4	4	5	-2	-2	1	-2	-3	0	0	-8	-8	2	2	-4	-4	-3	-2	0	-3	-3	-7	2	-3	-3	-2	-2	-2	-10	4	-2	-2	0	6	-1	-1	1	1	0	0	0	-1	-1	1	1	-2	4	4	1	1	-6	1	0	0	3	3	-2	2	2	0	0	2	-7	2	2	-18	-18	1	-3	1	-24	-24	3	-1	-1	7	7	-4	-4	1	1	-2	-2	-8	-3	5	7	7	0	-4	3	3	-1	-1	5	5	-9	3	3	4	5	-7	-7	-7	0	-2	-9	0	-2	-2	-2	-2	-9	1	1	-3	-3	2	1	1	-3	-3	-3	9	7	7	-7	-7	0	-10	-10	-10	-3	-3	5	0	0	-3	-3	0	2	2	2	-10	-10	-1	-2	-2	-6	-6	6	-7	-7	-7	-7	1	-3	-3	1	1	1	1	2	2	-2	-2	0	-16	4	-1	4	4	3	-5	-5	-5	-3	9	-13	0	
4	4	-5	-5	-1	-4	-4	-1	-1	-3	-5	4	-3	-4	1	3	2	-2	-2	-3	-5	-1	-1	-4	-4	-1	-2	-2	2	2	0	0	-1	-1	-10	-10	-2	5	-1	-2	-2	-5	1	-3	-3	-1	-3	-3	0	3	2	2	6	2	-5	-5	1	1	4	4	-7	2	2	-3	-3	-3	0	0	0	0	-3	-7	-1	-1	0	0	-3	2	2	-4	-4	9	-4	-3	-3	-3	-3	-3	-2	2	-8	-8	1	-5	-3	1	1	-6	-6	0	0	-11	-11	-3	1	3	6	6	4	-3	3	3	1	1	2	2	-6	-2	-2	-1	1	-1	-2	-2	-1	-2	-6	0	3	3	-3	-3	-11	-1	-1	-5	-5	5	5	5	0	0	0	-1	6	6	-4	-4	-1	-3	-3	-3	-4	-4	7	-4	-4	3	3	-2	4	4	4	-6	-6	1	11	11	-6	-6	-2	-8	-8	-5	-5	-3	-1	-1	-13	-13	-13	5	3	3	-1	-1	1	0	15	-2	2	2	-1	-7	-7	-7	-6	2	-4	-5	
14	14	-10	-10	21	0	0	-8	-8	25	-2	-24	-14	7	3	2	14	-13	-13	15	4	-8	8	-13	-13	-2	10	-23	13	13	2	2	2	2	-10	-10	-4	23	-47	-19	-19	5	2	-19	-19	0	26	26	4	35	-21	-21	25	-9	-12	-12	-4	-4	39	39	-14	-19	-19	0	0	-29	4	4	1	1	4	-14	14	14	-2	-2	4	-11	-11	-21	-21	8	2	18	18	-41	-41	10	-21	35	-45	-45	44	-31	13	-2	-2	-13	-13	-19	-19	-14	-14	8	2	18	10	10	-20	-22	-2	-2	14	14	22	22	-25	3	3	1	15	40	-6	-6	-4	-17	-3	24	-40	-40	-6	-6	-48	28	28	1	1	1	4	4	18	-14	-14	7	-13	-13	7	7	-13	18	18	18	3	3	-11	2	2	0	0	0	27	27	27	-18	-18	18	-22	-22	7	7	-16	-6	-6	-16	-16	19	2	2	-33	-33	-33	-1	15	15	3	3	7	-1	26	-25	-25	-25	-2	-6	-6	-6	-4	23	-3	-6	
12	12	-6	-6	12	0	0	-7	-7	0	9	-14	-2	4	1	-12	1	-6	-6	1	16	-1	9	-1	-1	1	13	-21	5	5	-6	-6	-5	-5	7	7	0	11	-19	-13	-13	12	-5	-6	-6	-4	-4	-4	-3	18	-22	-22	13	0	-4	-4	4	4	0	0	-1	-7	-7	1	1	-23	10	10	0	0	3	-2	17	17	-1	-1	2	-10	-10	-15	-15	-10	-1	15	15	-36	-36	14	-10	21	-8	-8	15	-10	0	3	3	-4	-4	-11	-11	2	2	4	1	-15	8	8	2	-8	-8	-8	-8	-8	11	11	-17	5	5	3	3	17	-4	-4	-4	11	-1	1	-36	-36	9	9	-21	9	9	4	4	4	4	4	6	-3	-3	12	-13	-13	4	4	6	9	9	9	-5	-5	-4	0	0	-6	-6	7	4	4	4	-8	-8	5	4	4	3	3	-18	-10	-10	-11	-11	10	10	10	-26	-26	-26	-4	6	6	-8	-8	9	4	4	-13	-25	-25	8	-3	-3	-3	5	9	2	4	
10	10	-6	-6	1	-3	-3	-4	-4	-8	-1	5	-5	-8	4	-4	0	-1	-1	1	0	4	5	0	0	0	-3	6	0	0	-4	-4	-6	-6	-12	-12	4	5	-6	-6	-6	2	-9	-9	-9	6	-5	-5	1	-2	4	4	0	-7	-1	-1	2	2	-5	-5	-2	-2	-2	-2	-2	1	6	6	-1	-1	-2	-5	2	2	-1	-1	1	-4	-4	-8	-8	-3	-1	0	0	-3	-3	-4	1	-2	-2	-2	0	-8	-2	1	1	-5	-5	3	3	4	4	0	-6	2	-1	-1	1	-9	4	4	-5	-5	-1	-1	-3	2	2	0	-3	0	-10	-10	-8	1	-1	2	-3	-3	7	7	-3	0	0	-3	-3	7	4	4	5	-8	-8	3	-9	-9	1	1	-4	6	6	6	-3	-3	3	0	0	-4	-4	3	-3	-3	-3	0	0	-3	4	4	-6	-6	-5	3	3	-12	-12	0	3	3	0	0	0	0	2	2	-2	-2	7	-7	0	-10	-3	-3	1	-3	-3	-3	-3	1	-4	-4	
37	37	-14	-14	-15	-31	-31	11	11	-1	0	-4	3	-52	33	-23	17	27	27	-3	-44	31	8	5	5	-1	12	18	25	25	30	30	-8	-8	-44	-44	16	-2	-13	-8	-8	-13	-30	-84	-84	48	7	7	-1	-20	22	22	7	-39	4	4	-1	-1	5	5	-25	-3	-3	6	6	-1	10	10	7	7	11	-32	23	23	-3	-3	12	-12	-12	-64	-64	4	1	20	20	1	1	-27	0	-21	-4	-4	36	-8	-6	8	8	2	2	15	15	50	50	-24	4	4	6	6	19	-81	-1	-1	-24	-24	5	5	-11	-5	-5	5	11	-1	-35	-35	-19	-16	8	23	-11	-11	18	18	6	1	1	8	8	23	29	29	6	6	6	-10	-25	-25	-14	-14	-28	10	10	10	4	4	-9	5	5	6	6	-17	-18	-18	-18	-7	-7	9	-14	-14	-11	-11	19	16	16	-4	-4	-19	10	10	7	7	7	4	9	9	-42	-42	44	-19	-3	-30	15	15	-16	8	8	8	-9	-9	-23	-29	
4	4	16	16	10	-13	-13	-9	-9	-18	-10	-15	15	-14	4	2	1	20	20	-8	-15	11	22	-7	-7	-2	-4	-4	0	0	10	10	3	3	-32	-32	1	-18	2	7	7	-15	-19	-23	-23	7	17	17	-7	-19	-2	-2	-4	10	-4	-4	-3	-3	-21	-21	2	11	11	15	15	-4	28	28	-6	-6	3	-11	4	4	4	4	3	-6	-6	-23	-23	-4	-8	10	10	-56	-56	9	8	-15	-47	-47	19	7	12	24	24	14	14	-10	-10	-4	-4	4	-21	15	6	6	12	-13	3	3	-16	-16	3	3	-22	15	15	13	26	-10	3	3	3	-20	1	8	-26	-26	14	14	-30	18	18	13	13	18	5	5	-1	-25	-25	11	8	8	-19	-19	8	1	1	1	11	11	13	7	7	-8	-8	-8	-1	-1	-1	-28	-28	6	13	13	-35	-35	20	4	4	-19	-19	-9	5	5	3	3	3	5	-2	-2	1	1	5	-10	0	-23	4	4	9	2	2	2	1	-3	-13	-12	
Trial:14
-2	-22	-22	15	15	14	-67	-67	40	40	-33	-5	36	36	7	7	46	-83	-83	62	62	62	-2	39	39	-43	-43	12	12	-15	-15	-10	-10	-99	42	42	1	1	19	0	29	-47	-51	-51	58	50	50	-6	-6	31	-9	9	9	14	14	-24	10	10	-27	-27	-41	28	28	-23	-23	-23	-4	-28	-28	-88	-88	-2	25	15	-7	-37	-37	15	43	-3	33	33	-16	-21	-16	52	52	52	20	-9	-9	38	38	27	8	-46	-15	-15	-15	-18	9	9	-24	-24	45	45	-40	34	34	-24	-24	14	-7	-106	-106	3	3	69	20	20	-2	-2	-2	38	24	24	24	24	-23	11	11	-15	-15	-39	-2	-5	-33	-65	-65	-6	7	35	-3	-3	18	22	31	31	-4	-4	-3	-10	6	-29	-29	46	-18	-23	-15	-35	-35	22	3	-31	14	14	16	-55	-14	9	-4	-4	29	10	2	-10	-10	2	34	-6	-6	-20	-20	-4	17	22	-18	-18	20	20	3	12	-10	-27	-27	-21	8	8	13	13	
-5	-2	-2	2	2	3	-8	-8	5	5	-1	-11	9	9	2	2	3	-1	-1	3	3	3	1	2	2	-10	-10	4	4	-6	-6	0	0	-13	2	2	3	3	2	-2	1	-8	-3	-3	10	-3	-3	-2	-2	-1	-2	-3	-3	3	3	5	-7	-7	-3	-3	-6	3	3	-6	-6	-6	-3	-1	-1	-10	-10	0	1	6	-1	-14	-14	4	7	-12	-14	-14	11	-2	1	4	4	4	7	-4	-4	2	2	-3	1	-8	-3	-3	-3	-1	3	3	-7	-7	2	2	-5	-3	-3	4	4	-3	2	-8	-8	3	3	3	0	0	1	1	1	2	1	1	0	0	-5	-4	-4	0	0	4	0	-1	-5	-6	-6	2	-1	-6	1	1	5	2	1	1	1	1	-2	1	-5	-7	-7	3	-4	5	-3	-4	-4	1	-7	-9	2	2	7	-5	-2	0	-7	-7	6	0	-5	-2	-2	1	1	0	0	4	4	-5	1	-4	-7	-7	0	0	0	-2	-2	4	4	-2	-5	-5	-1	-1	
-9	5	5	1	1	-2	-4	-4	-6	-6	0	-7	1	1	6	6	-5	0	0	2	2	2	-2	1	1	-5	-5	0	0	-8	-8	7	7	-10	2	2	-3	-3	2	-4	1	1	-1	-1	-9	4	4	-2	-2	-3	-1	3	3	-1	-1	7	-5	-5	-4	-4	1	4	4	-7	-7	-7	-5	0	0	-2	-2	1	3	2	-2	-3	-3	0	-1	-9	-6	-6	3	-1	-1	3	3	3	0	3	3	-10	-10	0	-3	-1	-1	-1	-1	-6	5	5	-6	-6	2	2	-5	-3	-3	-4	-4	-6	6	1	1	1	1	-2	0	0	13	13	13	-2	3	3	-9	-9	-6	7	7	-1	-1	1	-7	-3	-5	-2	-2	-2	14	-11	1	1	-3	-3	-3	-3	3	3	6	0	-1	-2	-2	2	-3	-5	5	-1	-1	0	-1	-7	-3	-3	7	-5	2	1	3	3	-6	3	2	-7	-7	-4	0	1	1	0	0	-3	-2	1	-4	-4	-2	-2	-3	1	-1	2	2	4	-2	-2	-3	-3	
-7	-8	-8	-27	-27	19	-19	-19	-10	-10	0	-3	-4	-4	0	0	17	-10	-10	-25	-25	-25	8	30	30	-6	-6	-4	-4	2	2	38	38	-17	22	22	12	12	-30	15	-10	2	10	10	-24	3	3	-13	-13	-16	2	22	22	1	1	29	-11	-11	-7	-7	-7	16	16	11	11	11	15	-12	-12	3	3	-1	-7	-10	17	11	11	-8	28	10	-1	-1	-5	-10	22	-14	-14	-14	-15	-9	-9	12	12	-2	12	-16	-37	-37	-37	-18	28	28	9	9	-19	-19	-15	1	1	-30	-30	-6	37	-33	-33	14	14	24	-3	-3	1	1	1	29	-30	-30	-12	-12	-8	51	51	4	4	-14	-1	-2	0	-26	-26	-33	-8	4	22	22	23	-1	11	11	-13	-13	-6	0	-2	-25	-25	-4	30	2	11	17	17	-16	9	7	10	10	-4	-11	-29	0	18	18	10	-11	3	-20	-20	-11	-3	0	0	14	14	-5	-14	29	-15	-15	-11	-11	30	-5	11	-3	-3	49	-2	-2	-3	-3	
4	-10	-10	-17	-17	10	-2	-2	1	1	3	3	2	2	-8	-8	-3	-7	-7	-8	-8	-8	16	16	16	8	8	-2	-2	-1	-1	20	20	-8	-1	-1	-3	-3	-12	12	5	-14	0	0	-18	-3	-3	-11	-11	-7	8	8	8	7	7	0	-14	-14	-10	-10	-12	1	1	-1	-1	-1	5	0	0	5	5	4	-9	-6	22	3	3	1	10	9	10	10	-17	9	3	-24	-24	-24	-2	-11	-11	3	3	-7	14	-19	-12	-12	-12	-2	15	15	1	1	-3	-3	-10	11	11	-6	-6	-3	22	-18	-18	-7	-7	7	-10	-10	-3	-3	-3	14	-12	-12	-7	-7	1	9	9	-8	-8	2	6	-5	6	7	7	-22	-17	3	12	12	10	9	7	7	-20	-20	-10	7	0	-21	-21	-17	8	6	-13	12	12	-1	5	0	9	9	0	-11	-12	-9	16	16	14	-3	-5	-10	-10	-10	-1	4	4	4	4	0	-7	11	-12	-12	1	1	10	-1	2	0	0	15	-1	-1	0	0	
12	1	1	-9	-9	4	3	3	-2	-2	-5	-14	3	3	-5	-5	-3	5	5	-9	-9	-9	7	3	3	-2	-2	9	9	-1	-1	3	3	-14	0	0	0	0	2	3	-3	-6	0	0	-1	3	3	1	1	-1	10	0	0	-3	-3	1	-6	-6	-12	-12	0	1	1	0	0	0	-7	-6	-6	-2	-2	6	-8	5	-1	-13	-13	7	9	-1	7	7	-3	2	-2	-6	-6	-6	1	-8	-8	0	0	-6	-6	-5	-11	-11	-11	0	5	5	-7	-7	3	3	-1	3	3	-3	-3	-1	-2	1	1	5	5	-2	0	0	2	2	2	1	3	3	-9	-9	0	-4	-4	-1	-1	2	2	3	2	-2	-2	-3	-7	3	-1	-1	1	4	1	1	-14	-14	-2	-5	-10	-14	-14	2	-2	1	2	5	5	9	-9	-3	3	3	2	1	-3	-7	5	5	-1	5	0	-14	-14	-1	2	0	0	0	0	4	-1	1	-1	-1	5	5	-2	-3	1	-3	-3	1	-8	-8	-2	-2	
15	24	24	-26	-26	10	-13	-13	10	10	7	-77	5	5	20	20	-19	58	58	-10	-10	-10	4	-26	-26	11	11	9	9	-5	-5	25	25	-102	33	33	7	7	-20	-1	-6	-1	6	6	22	10	10	32	32	3	26	-48	-48	17	17	7	-8	-8	-27	-27	20	-4	-4	0	0	0	-4	-13	-13	6	6	-11	0	17	-30	-28	-28	36	-6	18	-9	-9	4	26	-8	-39	-39	-39	16	-13	-13	8	8	15	-35	33	-29	-29	-29	14	-10	-10	-21	-21	31	31	7	-1	-1	-1	-1	-2	-69	30	30	-4	-4	12	-21	-21	61	61	61	-15	-4	-4	-28	-28	-1	13	13	4	4	17	32	1	7	-22	-22	2	-20	-34	6	6	12	36	2	2	-30	-30	4	-7	-50	-28	-28	35	9	18	4	-34	-34	44	-15	6	10	10	-24	7	9	-19	30	30	8	7	6	-43	-43	11	30	-15	-15	10	10	19	12	-8	8	8	16	16	-5	-40	-4	-22	-22	-25	-3	-3	-6	-6	
22	-13	-13	-4	-4	11	-18	-18	16	16	-5	-25	13	13	13	13	10	-6	-6	7	7	7	26	7	7	-3	-3	-12	-12	-16	-16	20	20	-72	6	6	9	9	-18	4	18	-11	-12	-12	22	4	4	14	14	23	-1	6	6	6	6	-10	3	3	-17	-17	-11	8	8	-13	-13	-13	6	1	1	-42	-42	-16	0	-3	-4	-21	-21	10	12	17	22	22	-1	2	-18	6	6	6	16	-30	-30	24	24	-7	-10	0	-13	-13	-13	-4	7	7	-20	-20	5	5	-2	3	3	-13	-13	-1	-11	-23	-23	16	16	24	-12	-12	18	18	18	16	-5	-5	8	8	-7	-3	-3	7	7	-1	-5	-10	-3	-21	-21	2	-13	4	-2	-2	6	7	8	8	3	3	-2	-1	6	-30	-30	17	-22	-7	-5	-12	-12	9	-16	-15	7	7	8	-26	-2	4	4	4	14	3	-3	-11	-11	0	13	-2	-2	-6	-6	2	14	11	-5	-5	3	3	-7	-2	-4	-7	-7	-2	-9	-9	10	10	
Trial:15
1	1	-8	-8	22	-21	-21	28	28	-26	-26	33	33	16	16	-13	40	40	-24	-24	-5	-5	14	14	-33	-33	35	0	-27	-10	-10	41	41	-24	-24	-3	-3	6	2	16	9	9	2	-38	11	-25	-26	-26	10	12	-35	25	23	23	-19	27	15	-39	-39	40	40	30	30	13	13	-45	-45	1	-43	-43	31	31	-1	45	45	3	3	-38	-38	-5	47	4	4	-93	-19	4	15	15	6	59	-25	-42	48	-23	-17	-20	14	19	19	-2	24	27	0	13	13	21	22	-29	-5	-5	-4	40	-61	13	12	12	2	-22	-71	40	40	19	26	-55	63	63	-3	18	-10	35	35	-13	28	-23	-1	-1	-38	24	27	-17	-17	-17	60	-4	-4	27	-90	-90	11	11	-31	-57	-57	20	20	20	-12	61	61	12	12	65	-8	11	-22	-22	-61	16	35	35	26	26	-64	-55	-55	1	1	2	2	42	42	19	19	3	15	15	15	15	13	2	-67	20	20	33	22	25	-14	-14	6	-24	
-2	-2	-3	-3	1	-10	-10	5	5	1	1	5	5	-2	-2	-9	6	6	-5	-5	-11	-11	5	5	-4	-4	2	-1	-3	2	2	-4	-4	2	2	-5	-5	2	12	-5	4	4	-1	4	-1	2	0	0	-2	5	0	-3	0	0	-1	2	-1	0	0	-6	-6	0	0	-9	-9	-9	-9	5	-5	-5	-2	-2	8	-1	-1	1	1	-7	-7	1	3	-1	-1	-5	-3	2	-3	-3	3	10	0	0	2	-8	-1	-8	-4	0	0	-2	2	1	-6	5	5	-5	-1	-2	-1	-1	-1	2	-12	0	-2	-2	5	2	-11	2	2	5	9	-9	7	7	-8	9	-2	4	4	-7	3	-4	2	2	-4	5	-2	-4	-4	-4	-3	3	3	3	-9	-9	2	2	-6	-5	-5	1	1	-5	-5	4	4	3	3	5	1	-4	-6	-6	-4	-6	7	7	2	2	-5	3	3	-1	-1	-6	-6	-1	-1	4	4	3	-2	-2	-2	-2	4	2	-5	-8	-8	2	1	4	-12	-12	2	1	
-4	-4	-3	-3	1	2	2	-3	-3	-4	-4	7	7	0	0	0	-4	-4	-1	-1	-24	-24	5	5	6	6	-4	-6	0	4	4	-4	-4	4	4	1	1	-2	3	-1	1	1	-12	5	-5	2	-2	-2	-5	6	6	-3	-9	-9	3	-6	-3	-1	-1	-6	-6	-1	-1	-1	-1	-7	-7	2	-4	-4	1	1	1	7	7	3	3	-4	-4	2	2	-2	-2	4	-2	-4	-3	-3	-5	-1	-3	-14	-1	1	-4	5	0	0	0	0	3	-3	-17	0	0	-8	7	0	4	4	-1	12	-7	-1	-5	-5	1	-8	-10	5	5	4	7	-1	-4	-4	-3	10	2	7	7	-14	-3	-2	7	7	0	-5	-4	-1	-3	-3	-3	-17	-17	6	-4	-4	0	0	2	1	1	-1	-1	-3	3	3	3	-4	-4	4	-2	-2	-1	-1	0	-6	-6	-6	2	2	0	1	1	0	0	-2	-2	-12	-12	1	1	0	-1	-1	8	8	-2	0	-12	-2	-2	-1	-1	0	-2	-2	1	-17	
-8	-8	12	12	27	18	18	-17	-17	5	5	4	4	-5	-5	-3	-10	-10	12	12	-33	-33	33	33	-8	-8	25	-4	15	7	7	-12	-12	13	13	-39	-39	-15	-9	-2	4	4	-28	34	3	-14	-21	-21	2	36	4	-8	21	21	-6	-20	9	0	0	-65	-65	-5	-5	13	13	5	5	-1	15	15	-17	-17	-14	25	25	6	6	-9	-9	-20	6	3	3	-32	-10	20	-13	-13	-26	-7	-25	-10	-20	-15	17	21	21	13	13	4	12	26	1	-9	-9	-5	-20	20	-4	-4	-3	-1	-31	-8	-37	-37	16	-17	17	15	15	3	8	3	-1	-1	5	-4	-6	-14	-14	-2	-6	1	0	0	31	-21	-25	-12	6	6	-13	-4	-4	6	7	7	-6	-6	29	-5	-5	-5	-5	2	4	-1	-1	2	2	17	14	15	-35	-35	13	-31	-15	-15	8	8	-25	-57	-57	23	23	8	8	26	26	19	19	-1	-21	-21	-3	-3	-10	7	-25	17	17	0	17	3	20	20	2	3	
-18	-18	4	4	26	12	12	-18	-18	-2	-2	-10	-10	0	0	-5	-6	-6	6	6	4	4	14	14	-21	-21	8	7	12	11	11	-3	-3	0	0	-16	-16	2	-10	-12	13	13	-20	16	11	-9	-13	-13	3	12	-3	-5	18	18	-2	-15	3	-6	-6	-49	-49	0	0	13	13	8	8	1	6	6	-10	-10	-12	7	7	4	4	-10	-10	-16	6	-2	-2	-8	-13	16	-9	-9	-3	-9	-17	-5	-16	-10	13	11	5	9	9	-16	6	10	-7	1	1	5	-10	14	0	0	-2	3	-10	1	-34	-34	6	-5	2	14	14	6	3	-9	1	1	7	-7	2	-9	-9	1	-9	0	-2	-2	15	-17	-19	-2	2	2	-9	9	9	0	-10	-10	-9	-9	16	9	9	-1	-1	-8	7	6	6	0	0	-2	6	8	-17	-17	-8	-13	1	1	5	5	-16	-30	-30	17	17	4	4	14	14	6	6	-4	-4	-4	-21	-21	0	1	-20	8	8	-8	11	5	9	9	10	7	
-10	-10	1	1	3	1	1	2	2	-9	-9	-2	-2	-4	-4	-9	7	7	-1	-1	1	1	7	7	1	1	0	0	3	6	6	0	0	-4	-4	-6	-6	0	5	-7	-2	-2	1	-1	1	3	-9	-9	2	-7	2	-3	4	4	-6	-5	-1	-10	-10	-8	-8	2	2	-3	-3	-5	-5	2	1	1	2	2	-1	2	2	-2	-2	-10	-10	6	5	5	5	-4	-5	10	0	0	4	7	0	-1	-4	-8	1	0	-3	1	1	-7	6	1	-3	-3	-3	-3	0	4	-2	-2	0	2	-2	2	-14	-14	-1	9	-11	5	5	3	6	-2	0	0	0	-2	8	-2	-2	-1	0	-5	-2	-2	-3	-7	-2	4	-3	-3	-6	6	6	1	-11	-11	-2	-2	-1	3	3	-4	-4	4	5	3	3	0	0	7	2	5	-6	-6	-18	-4	0	0	1	1	0	-5	-5	0	0	2	2	5	5	1	1	1	-4	-4	-2	-2	3	1	-4	-10	-10	-11	5	-7	-2	-2	3	0	
-14	-14	-14	-14	9	-43	-43	34	34	34	34	17	17	-9	-9	-56	8	8	-6	-6	-21	-21	16	16	-10	-10	5	24	30	-14	-14	-2	-2	10	10	3	3	3	-4	-25	-10	-10	6	23	-11	2	-15	-15	16	-4	10	24	-15	-15	-44	-9	11	-30	-30	0	0	10	10	5	5	-6	-6	19	-15	-15	14	14	36	10	10	-23	-23	-17	-17	25	1	22	22	-32	7	5	-8	-8	11	38	20	40	-9	-37	-18	1	-5	14	14	-9	28	5	28	-12	-12	-14	19	7	-21	-21	21	24	-3	30	-43	-43	-54	62	39	14	14	16	7	-7	13	13	2	21	-4	3	3	-15	16	11	-7	-7	-36	10	-1	15	-7	-7	-50	48	48	-19	-48	-48	-11	-11	31	5	5	-20	-20	24	-8	-9	-9	21	21	9	18	3	-20	-20	-50	-46	-36	-36	29	29	33	46	46	-22	-22	14	14	13	13	-3	-3	-6	-23	-23	6	6	17	10	8	-4	-4	-64	8	-1	-20	-20	19	11	
7	7	-15	-15	13	-14	-14	7	7	-9	-9	36	36	5	5	-19	2	2	-13	-13	-5	-5	4	4	4	4	10	21	-11	1	1	2	2	-16	-16	-4	-4	8	27	2	3	3	-2	-4	15	-9	-13	-13	-1	-3	1	14	8	8	-12	9	-6	-37	-37	17	17	16	16	4	4	-13	-13	-1	-8	-8	11	11	6	18	18	-8	-8	-13	-13	10	10	4	4	-42	-6	1	3	3	2	44	1	-16	4	-8	-9	-7	9	14	14	0	15	6	3	-3	-3	-3	15	-16	5	5	4	7	-32	6	-2	-2	-22	14	-21	17	17	23	9	-41	37	37	-5	11	-7	20	20	-8	24	0	2	2	-31	4	18	-3	-1	-1	-10	-3	-3	7	-33	-33	8	8	-11	-29	-29	2	2	10	-3	21	21	21	21	21	0	0	-3	-3	-27	-21	-2	-2	12	12	-12	-12	-12	3	3	6	6	15	15	0	0	0	2	2	13	13	12	-2	-23	-7	-7	-4	17	6	-24	-24	5	-6	
Trial:16
27	27	11	11	-8	-65	-11	27	-35	-19	-10	-4	-4	25	25	23	-25	54	-17	-17	3	3	13	13	-29	-29	44	1	-29	-2	-2	-4	-1	-30	-15	7	7	-24	-24	-8	-37	-37	16	16	-9	-9	2	2	-44	-44	23	29	29	32	32	-45	-45	10	10	0	16	-48	35	35	20	20	-17	62	-6	4	4	-1	-31	6	-44	-44	-3	-49	35	35	-12	-12	-20	-20	3	55	55	-32	1	6	10	16	16	22	-12	-19	-52	-52	7	-81	-2	-5	8	8	-22	-8	57	-4	-4	-30	3	17	17	1	1	-2	18	-61	-26	-26	16	16	7	7	36	36	18	18	-12	1	1	-24	24	24	-12	-27	-27	-13	-13	28	47	47	21	21	16	16	-24	-24	42	2	2	-27	-27	28	-1	-1	7	-15	-15	3	3	-15	38	38	-33	-33	-9	-9	-9	39	-26	-26	-4	9	9	9	6	-3	4	-6	-6	18	18	-4	-12	-3	-54	-54	-10	-26	-51	-51	9	9	23	-34	83	18	18	-26	
3	3	2	2	-2	-4	-4	-7	-2	-6	1	-4	-4	3	3	4	-4	3	0	0	0	0	-5	-5	4	4	-2	0	-5	-2	-2	-1	2	-1	-3	3	3	1	1	-3	-6	-6	-2	-2	-10	-10	-5	-5	-4	-4	3	6	6	1	1	-7	-7	3	3	4	1	-9	-1	-1	0	0	-5	4	-2	1	1	5	-8	-1	-3	-3	2	-1	2	2	-1	-1	-5	-5	-2	5	5	-2	4	-4	0	2	2	2	-4	4	-2	-2	-2	-1	-4	-2	-1	-1	-5	0	5	-2	-2	-6	-3	6	6	-2	-2	-8	4	-4	-7	-7	3	3	-8	-8	4	4	-1	-1	2	-6	-6	-3	5	5	2	1	1	-2	-2	-6	-2	-2	10	10	0	0	-3	-3	-7	-4	-4	0	0	-3	-1	-1	2	1	1	-4	-4	-2	5	5	1	1	1	1	1	1	-7	-7	0	-3	-3	-3	1	-2	4	-2	-2	0	0	-7	-5	-4	-3	-3	1	5	-2	-2	-3	-3	4	-5	8	0	0	-5	
-1	-1	1	1	0	-7	-3	4	-2	-4	1	-1	-1	-4	-4	5	1	-1	5	5	1	1	-8	-8	-11	-11	5	1	-2	-1	-1	0	-5	1	-5	-4	-4	0	0	1	-3	-3	-2	-2	-8	-8	-2	-2	1	1	4	5	5	5	5	-4	-4	-5	-5	1	2	-5	1	1	-2	-2	1	4	-1	-5	-5	-14	0	1	7	7	-3	18	6	6	2	2	-4	-4	-2	13	13	-4	4	-1	0	-9	-9	5	4	-12	4	4	0	-6	-3	0	4	4	-2	2	1	-1	-1	-3	1	5	5	-8	-8	-5	0	-4	-16	-16	4	4	-3	-3	-1	-1	5	5	0	-2	-2	4	1	1	4	5	5	1	1	-5	0	0	-3	-3	6	6	0	0	2	-5	-5	-4	-4	-4	13	13	-4	2	2	-7	-7	-6	6	6	1	1	-4	-4	-4	-2	-7	-7	5	2	2	2	-3	-6	6	-5	-5	9	9	-4	0	-2	-6	-6	-6	0	-4	-4	0	0	1	-5	-2	-3	-3	-1	
-2	-2	-1	-1	-14	-6	12	6	6	0	-5	-14	-14	-14	-14	6	11	-6	27	27	8	8	-9	-9	8	8	-19	-3	12	-13	-13	-7	-18	7	27	-2	-2	-3	-3	2	-10	-10	16	16	-5	-5	-18	-18	-15	-15	7	15	15	0	0	2	2	-21	-21	10	15	-35	14	14	4	4	1	-14	1	3	3	-10	-3	-3	3	3	-5	-2	18	18	-9	-9	-1	-1	-2	9	9	-1	-31	10	-6	0	0	21	-14	-3	-8	-8	1	-2	-29	6	-1	-1	0	-2	2	33	33	-4	-5	-2	-2	-4	-4	-3	-16	-37	-15	-15	-3	-3	4	4	4	4	5	5	-1	-4	-4	11	-12	-12	10	4	4	3	3	9	3	3	-11	-11	-11	-11	8	8	21	2	2	-15	-15	-8	-2	-2	8	3	3	-9	-9	-3	2	2	-5	-5	-21	-21	-21	-17	17	17	-17	15	15	15	18	-9	-13	2	2	16	16	-6	19	-10	-10	-10	-16	-4	3	3	-6	-6	-11	4	16	-24	-24	3	
5	5	7	7	-20	-9	5	11	1	6	1	-20	-20	-5	-5	3	6	-6	12	12	4	4	5	5	7	7	-13	-2	6	-10	-10	-1	-2	0	15	2	2	0	0	5	-13	-13	8	8	2	2	-16	-16	-6	-6	-2	-2	-2	2	2	0	0	-11	-11	12	-2	-42	15	15	6	6	4	-11	1	5	5	-3	-6	4	-12	-12	0	-27	12	12	-12	-12	11	11	-2	4	4	7	-11	2	-10	1	1	-13	-2	-1	3	3	3	4	-19	9	5	5	0	3	-1	15	15	-4	-3	-7	-7	-2	-2	-3	-13	-9	-1	-1	0	0	1	1	12	12	-9	-9	-1	-16	-16	0	-10	-10	11	-2	-2	0	0	8	-6	-6	-6	-6	-18	-18	3	3	-1	10	10	-2	-2	-8	-6	-6	11	-2	-2	-2	-2	-6	3	3	-3	-3	-13	-13	-13	0	2	2	-8	9	9	9	10	1	-29	-2	-2	7	7	-4	5	-17	0	0	-8	4	5	5	-5	-5	-14	-4	11	-22	-22	-3	
3	3	-4	-4	-7	-11	1	3	-3	2	-2	-8	-8	-1	-1	-1	-3	3	-1	-1	-5	-5	-6	-6	-3	-3	5	-1	-4	3	3	1	2	3	0	0	0	-10	-10	4	-8	-8	-3	-3	-1	-1	-2	-2	-5	-5	-4	-8	-8	7	7	-1	-1	8	8	2	0	-9	1	1	-2	-2	-2	-3	0	-4	-4	6	-7	0	4	4	-1	-19	-6	-6	-6	-6	6	6	3	-1	-1	-5	7	5	1	-1	-1	0	3	-6	-2	-2	-5	8	0	0	0	0	-5	5	4	0	0	1	-4	-7	-7	0	0	-2	3	0	0	0	1	1	-10	-10	16	16	1	1	-2	-5	-5	-2	1	1	1	-1	-1	0	0	-6	-8	-8	-1	-1	-7	-7	1	1	0	4	4	-6	-6	-6	3	3	0	1	1	-4	-4	-6	0	0	0	0	-4	-4	-4	-6	4	4	-4	-1	-1	-1	1	-3	3	5	5	-4	-4	5	-5	-3	5	5	-1	2	-2	-2	-7	-7	-2	3	-2	-1	-1	-5	
31	31	-15	-15	4	-29	23	-25	-14	12	13	17	17	-16	-16	-18	16	33	2	2	-29	-29	-23	-23	-40	-40	30	-4	-4	3	3	14	-3	-15	-13	-3	-3	-27	-27	20	8	8	3	3	-11	-11	3	3	-27	-27	11	29	29	8	8	-7	-7	30	30	-7	27	-10	-6	-6	11	11	-12	5	-14	-13	-13	14	-32	-25	18	18	0	-66	4	4	-29	-29	24	24	4	6	6	-74	34	30	20	18	18	-15	22	-17	15	15	4	28	5	-1	5	5	-15	30	-10	19	19	-6	-4	-3	-3	13	13	-4	49	32	2	2	-1	-1	-73	-73	60	60	-4	-4	10	-21	-21	1	5	5	8	4	4	33	33	-26	-21	-21	-2	-2	-21	-21	12	12	3	7	7	-55	-55	1	28	28	-3	16	16	-7	-7	-19	-26	-26	9	9	11	11	11	18	20	20	-23	-24	-24	-24	-33	-15	-6	25	25	-37	-37	6	0	18	15	15	26	-1	11	11	8	8	22	35	-34	-1	-1	-1	
31	31	-13	-13	-16	-29	7	0	-18	-11	3	-10	-10	13	13	13	2	26	-5	-5	-7	-7	5	5	-7	-7	7	-6	-8	-2	-2	-7	5	-14	-22	-4	-4	-10	-10	2	-8	-8	1	1	-3	-3	-4	-4	-30	-30	12	23	23	12	12	-24	-24	3	3	6	17	-25	11	11	8	8	-13	13	-4	-3	-3	-3	-21	-8	-2	-2	5	-37	-2	-2	-3	-3	-1	-1	6	7	7	-12	17	15	9	16	16	-3	-3	-25	-5	-5	-1	-10	-2	-6	7	7	-15	15	12	2	2	-9	-8	5	5	3	3	2	14	-44	-4	-4	10	10	-10	-10	35	35	1	1	8	-3	-3	-9	-2	-2	-3	-3	-3	5	5	-1	-8	-8	16	16	0	0	1	1	2	-2	-2	-16	-16	10	-13	-13	23	-3	-3	-1	-1	0	9	9	-3	-3	8	8	8	2	-15	-15	6	3	3	3	-12	-1	4	5	5	3	3	-12	-7	4	-18	-18	-10	0	-11	-11	11	11	15	1	22	0	0	-14	
Trial:17
-23	-11	13	18	42	42	-35	-24	-14	-14	1	1	32	23	1	10	10	10	-28	15	-112	2	2	4	1	12	-2	-2	8	26	-18	-13	-19	-19	-29	-8	2	43	43	-7	-6	-16	-10	15	15	-1	-1	-4	13	13	5	5	-57	-57	18	18	14	14	-19	-31	-31	36	36	7	15	15	-16	-16	8	8	-3	-7	6	6	23	7	7	16	16	-2	-49	-49	-49	15	15	-6	-6	-6	-14	-14	-3	-42	15	-12	-12	22	3	3	3	-1	-1	24	14	14	-10	-10	-10	20	21	21	-17	-17	-19	-7	-11	-19	-19	-19	0	-15	-15	36	36	36	-4	-6	-5	-5	-2	-54	20	20	16	16	0	40	6	-5	-11	-29	-29	23	23	14	14	-9	-9	-1	11	-19	4	4	3	3	9	9	-51	-51	32	10	10	-3	-3	-2	16	-5	6	-6	-6	1	4	4	0	0	14	20	20	15	15	9	-3	6	-27	-15	23	16	5	5	-14	-14	6	15	16	21	21	-38	-13	-14	-14	-12	
-2	-4	-6	0	3	3	-6	-6	1	1	0	0	-3	8	-4	1	1	1	-6	2	-8	-3	-3	0	-3	-2	-2	-2	-3	3	-6	1	-5	-5	-6	-2	-1	12	12	-1	0	0	-8	1	1	-8	-8	-2	2	2	-2	-2	-3	-3	1	1	9	9	0	-1	-1	0	0	-4	-3	-3	-6	-6	-1	-1	-4	-1	-5	-5	5	4	4	0	0	1	-5	-5	-5	1	1	-2	-1	-1	-3	-3	-3	-3	3	-1	-1	-4	-7	1	1	-3	-3	-2	-4	-4	3	3	3	-1	6	6	-2	-2	-3	-1	-3	-6	-6	-6	3	-4	-4	-2	-2	-2	-5	-1	-3	-3	1	-2	-3	-3	4	4	0	3	2	-1	-1	-4	-4	4	4	-1	-1	-1	-1	1	1	-2	-2	-2	0	0	-4	-4	-6	-6	0	-4	-4	-1	-1	1	1	-4	0	-2	-2	4	-1	-1	-2	-2	1	-3	-3	0	0	-8	0	-3	-7	1	-1	3	0	0	-4	-4	4	2	0	0	0	-3	-4	-3	-3	-4	
-1	-2	-6	2	-15	-15	6	-4	1	1	3	3	2	-4	-3	-7	-7	-7	-7	1	-1	1	1	-9	-4	5	-2	-2	-5	1	-5	4	1	1	1	-3	-1	-1	-1	-2	-4	5	-10	3	3	-2	-2	-3	-4	-4	1	1	3	3	-6	-6	10	10	6	-3	-3	-1	-1	5	-6	-6	-25	-25	20	20	-12	6	-5	-5	-29	16	16	7	7	1	-8	-8	-8	-4	-4	4	4	4	1	1	-16	0	-9	4	4	-14	4	-13	-13	-14	-14	8	1	1	18	18	18	-1	7	7	-11	-11	-3	6	4	1	1	1	1	-8	-8	2	2	2	-6	-2	3	3	0	3	-8	-8	-8	-8	4	1	0	-2	-13	-1	-1	6	6	-7	-7	1	1	3	-9	1	-11	-11	4	4	2	2	8	8	-1	-5	-5	1	1	-5	3	-6	2	1	1	0	-1	-1	-2	-2	-6	0	0	21	21	-1	1	-6	-12	-6	-2	-5	-4	-4	-18	-18	1	-6	1	4	4	-1	-4	-13	-13	4	
3	-12	-1	-16	-2	-2	-14	-8	-1	-1	7	7	22	-4	-14	-11	-11	-11	-2	15	16	-7	-7	-30	13	10	1	1	-26	-8	-5	17	-6	-6	17	5	-21	-1	-1	7	-11	-3	0	6	6	4	4	-19	4	4	0	0	10	10	-6	-6	30	30	-3	5	5	-5	-5	-5	-3	-3	-8	-8	-23	-23	15	-4	-3	-3	-2	19	19	-1	-1	-21	-4	-4	-4	3	3	6	-5	-5	-7	-7	-15	-10	-9	0	0	-6	0	-13	-13	2	2	10	0	0	-2	-2	-2	-9	1	1	-7	-7	1	7	-15	2	2	2	3	9	9	6	6	6	-9	7	-9	-9	-5	31	-10	-10	3	3	4	-1	-2	8	2	-20	-20	22	22	-14	-14	-11	-11	-15	-21	-19	-9	-9	9	9	-1	-1	1	1	2	-5	-5	6	6	0	-1	-16	-4	10	10	-6	9	9	-6	-6	0	-22	-22	7	7	8	23	-7	-13	-4	4	-17	21	21	-4	-4	-5	6	3	10	10	-7	-8	-1	-1	-2	
9	-7	0	-9	-3	-3	-8	-13	-1	-1	6	6	14	-1	-4	-5	-5	-5	2	7	-1	-9	-9	-23	14	10	-1	-1	-18	7	-2	8	-12	-12	4	4	-7	3	3	4	-10	4	4	6	6	0	0	-18	3	3	-3	-3	3	3	9	9	15	15	-5	-4	-4	2	2	-3	-8	-8	1	1	-5	-5	10	-6	-8	-8	7	8	8	0	0	-5	-13	-13	-13	-2	-2	-5	-8	-8	-2	-2	-5	0	-3	6	6	-2	0	-5	-5	-2	-2	6	-3	-3	-1	-1	-1	-10	-2	-2	-6	-6	3	5	-6	3	3	3	1	6	6	2	2	2	-9	2	-4	-4	-2	9	-8	-8	6	6	-2	-2	-1	2	-1	-12	-12	4	4	0	0	-5	-5	-6	-11	1	2	2	-2	-2	-5	-5	-3	-3	-1	-2	-2	0	0	2	-3	-2	-5	5	5	-2	5	5	-4	-4	-3	-16	-16	6	6	0	5	-3	3	7	3	-17	9	9	-1	-1	-5	-6	3	4	4	-1	-5	-2	-2	-3	
3	-1	-2	-4	2	2	1	2	-5	-5	4	4	13	3	-8	1	1	1	-6	7	-7	1	1	-3	9	-5	-1	-1	-4	-5	-4	-2	-8	-8	2	0	3	5	5	4	-5	1	-1	0	0	-7	-7	0	2	2	1	1	-1	-1	2	2	1	1	-1	-7	-7	1	1	-4	1	1	1	1	-3	-3	3	-1	1	1	0	-1	-1	1	1	-1	-1	-1	-1	2	2	3	-2	-2	-4	-4	-2	6	-3	3	3	-13	-12	12	12	-2	-2	4	-6	-6	1	1	1	0	0	0	-6	-6	-8	-1	-3	1	1	1	-1	-5	-5	-6	-6	-6	-5	5	2	2	0	3	-4	-4	6	6	2	0	2	3	0	1	1	0	0	-6	-6	-8	-8	1	-7	-4	0	0	-1	-1	-5	-5	-4	-4	-1	-2	-2	0	0	-1	-1	0	-9	1	1	0	-4	-4	-3	-3	-5	3	3	7	7	-9	-4	2	0	7	2	4	-5	-5	-3	-3	2	0	1	0	0	-3	-10	-2	-2	-1	
-2	-2	8	13	38	38	34	14	-8	-8	16	16	-3	-39	-5	4	4	4	-42	-9	-7	21	21	16	18	-12	-8	-8	-20	-6	-20	15	17	17	-6	5	-12	8	8	23	-17	4	-56	6	6	18	18	4	9	9	18	18	2	2	-17	-17	3	3	-8	-26	-26	15	15	0	28	28	9	9	5	5	6	-19	1	1	2	-8	-8	-53	-53	34	38	38	38	-13	-13	1	5	5	-3	-3	4	12	-22	16	16	-74	-58	47	47	-23	-23	14	5	5	-4	-4	-4	36	6	6	-46	-46	-33	-26	16	3	3	3	16	17	17	-45	-45	-45	-5	32	9	9	14	-8	-18	-18	21	21	32	-5	-4	30	-8	30	30	0	0	-18	-18	-21	-21	10	-1	-5	7	7	-9	-9	-6	-6	3	3	-1	-27	-27	23	23	-17	-22	-37	-26	-13	-13	17	-32	-32	16	16	-12	44	44	26	26	-36	-9	21	17	18	16	20	0	0	-5	-5	24	11	9	-9	-9	9	-41	-9	-9	-7	
-7	-3	-8	1	19	19	2	-11	-11	-11	16	16	17	-4	2	8	8	8	-16	18	-39	3	3	-5	-1	-15	-2	-2	-1	1	-8	-6	4	4	-16	3	-15	26	26	-5	1	0	-14	6	6	14	14	-7	1	1	3	3	-15	-15	15	15	10	10	-6	-22	-22	7	7	6	6	6	-9	-9	3	3	-2	-8	1	1	10	13	13	-8	-8	-2	-4	-4	-4	-13	-13	3	3	3	-11	-11	7	-9	-5	-8	-8	-11	1	16	16	-3	-3	4	2	2	-14	-14	-14	11	7	7	-16	-16	-34	-30	-1	-1	-1	-1	12	1	1	-3	-3	-3	-1	6	-4	-4	-4	-28	8	8	12	12	8	3	2	9	0	5	5	4	4	7	7	-4	-4	-5	14	-4	2	2	-1	-1	-9	-9	-15	-15	10	3	3	3	3	6	4	-6	1	0	0	-6	-12	-12	4	4	9	18	18	-1	-1	-3	5	-2	-13	-2	2	4	-5	-5	-2	-2	4	10	10	8	8	-9	-21	-8	-8	-9	
Trial:18
6	-4	-23	-23	58	-48	-48	27	27	-42	32	-11	-37	23	23	-25	31	31	5	5	20	20	1	23	-10	46	46	-19	-19	3	3	3	-20	-7	-7	-4	-56	-9	-1	-1	-4	-4	17	24	12	15	15	9	9	-2	-2	19	19	15	-20	-5	-25	-25	-15	-15	10	-3	-19	-19	7	-19	-19	-2	-2	15	15	27	-8	-8	-72	-72	-1	-1	5	5	10	10	-1	19	19	24	24	8	20	-33	14	-55	-55	24	-8	1	1	18	18	-8	15	-15	-15	3	3	4	4	-4	-4	5	-2	28	22	5	5	19	-51	-13	-27	-27	-23	13	-2	-2	-2	-2	25	31	-9	-5	-5	-59	-1	16	-8	-8	13	-11	-12	-22	10	10	32	32	-5	-2	7	36	36	4	4	-15	-15	0	0	-81	-81	13	13	-6	-6	-14	-15	8	-18	-18	-15	8	17	4	-5	-5	8	0	0	54	54	5	16	13	13	18	18	-17	-22	-22	24	24	24	31	-7	-13	-2	-66	-66	7	7	-18	-18	9	
8	4	2	2	2	-10	-10	1	1	0	-6	5	-6	4	4	-5	2	2	-2	-2	2	2	-1	-6	-3	3	3	-3	-3	4	4	4	-4	3	3	-2	1	-5	4	4	-4	-4	2	7	0	-6	-6	0	0	5	5	-2	-2	-1	-4	2	0	0	-3	-3	-4	2	-2	-2	0	-6	-3	-5	-5	1	1	3	0	0	-6	-6	-4	-4	2	2	-4	-4	-7	0	0	6	6	2	-1	-3	3	-1	-1	1	-1	-5	-5	5	-1	-9	-5	-3	-3	3	3	3	3	-5	-5	-1	-4	-1	-3	0	0	3	-5	-3	-4	-4	-3	-2	-7	-7	5	5	0	-3	2	-2	-2	-1	-2	-2	3	3	1	5	-8	6	5	5	0	0	-6	-5	0	3	3	-3	-3	1	1	-1	-1	-7	-7	-3	-3	-5	-5	-2	4	-1	-4	-4	-8	1	8	0	-1	-1	2	-4	-4	1	1	-2	3	-3	-3	5	5	-1	-3	-3	-2	-2	-2	1	-2	-2	5	-2	-2	0	0	-6	-6	-6	
2	-1	2	2	-4	-10	-10	8	8	4	-4	5	-3	-12	-12	0	4	4	-5	-5	-4	-4	-2	-2	-2	1	1	-2	-2	4	4	4	-4	-4	-4	-4	16	-7	-1	-1	1	1	3	2	4	-5	-5	-3	-3	-1	-1	4	4	-14	-2	9	-1	-1	-7	-7	-1	-3	0	0	-10	3	4	0	0	2	2	-1	-1	-1	8	8	0	0	-2	-2	-4	-4	-3	-2	-2	4	4	2	3	2	2	-1	-1	-4	-4	-4	-4	-4	3	1	1	0	0	7	7	-4	-4	0	0	-11	5	-5	-14	0	0	2	1	-4	-3	-3	-14	0	4	4	6	6	-2	3	4	-1	-1	-2	-3	-2	3	3	2	1	-4	5	0	0	-12	-12	-1	-4	-4	0	0	5	5	6	6	1	1	-6	-6	-3	-3	4	4	-4	1	-11	1	1	-2	0	8	3	-3	-3	6	2	2	-6	-6	-3	3	-6	-6	-4	-4	5	1	1	-5	-5	-5	-4	-4	4	5	-2	-2	0	0	-7	-7	-4	
2	-2	-1	-1	-6	-25	-25	24	24	16	-8	2	-14	-19	-19	6	-17	-17	-1	-1	8	8	-11	6	-30	-14	-14	-11	-11	18	18	18	4	-3	-3	-15	0	14	0	0	17	17	-1	-5	-14	-16	-16	-36	-36	8	8	45	45	-10	-4	-8	2	2	-14	-14	-15	6	8	8	-16	16	-7	4	4	17	17	7	-3	-3	-32	-32	12	12	4	4	10	10	15	-5	-5	-22	-22	7	-1	21	3	12	12	-2	-16	0	0	-4	14	6	-7	-9	-9	-4	-4	-20	-20	9	9	19	6	-14	8	4	4	9	-5	-8	11	11	-1	0	2	2	-10	-10	-21	13	-1	-22	-22	13	6	-19	-1	-1	-15	14	7	3	0	0	14	14	-1	-29	-22	5	5	11	11	25	25	-7	-7	-8	-8	4	4	4	4	14	-9	-16	-21	-21	4	19	-24	14	-20	-20	2	21	21	4	4	-5	6	10	10	8	8	-14	10	10	-8	-8	-8	8	8	-14	1	-5	-5	13	13	-13	-13	6	
6	-8	-1	-1	0	-13	-13	14	14	-7	-3	-1	-10	-1	-1	11	-14	-14	-4	-4	5	5	-1	5	-17	-11	-11	-5	-5	9	9	9	0	0	0	-4	-1	19	4	4	0	0	-19	1	-7	-2	-2	-20	-20	6	6	18	18	-3	-4	-8	4	4	-12	-12	-33	-1	25	25	-5	3	-7	6	6	11	11	7	-5	-5	-22	-22	3	3	4	4	9	9	8	-2	-2	-9	-9	7	-3	-5	2	8	8	-5	1	1	1	2	2	2	-2	1	1	-6	-6	-2	-2	8	8	7	1	-7	5	-1	-1	-8	3	0	3	3	3	0	-4	-4	-9	-9	-10	1	1	-7	-7	7	10	-16	-3	-3	-14	10	9	-2	-2	-2	11	11	0	-10	-15	5	5	12	12	9	9	-7	-7	3	3	3	3	-11	-11	0	-5	-5	-7	-7	7	8	-10	3	-13	-13	3	9	9	8	8	-5	2	3	3	3	3	-8	2	2	0	0	0	12	7	-8	-4	-4	-4	6	6	0	0	7	
8	6	1	1	-1	-9	-9	-2	-2	-3	-5	4	-8	-3	-3	-2	-7	-7	0	0	-4	-4	0	7	0	-2	-2	-1	-1	3	3	3	-6	5	5	1	3	2	2	2	0	0	-1	0	-5	4	4	-4	-4	-10	-10	-6	-6	5	0	12	5	5	-3	-3	-13	4	4	4	-1	-3	-4	-5	-5	-1	-1	-7	-6	-6	0	0	0	0	8	8	6	6	1	3	3	-7	-7	-1	5	-4	-3	1	1	-1	-3	-2	-2	-1	4	-8	-2	1	1	-6	-6	-5	-5	6	6	2	0	2	3	-5	-5	-4	8	1	-3	-3	-1	0	3	3	-5	-5	0	-4	-1	-8	-8	-2	3	-1	0	0	-4	6	5	-8	-1	-1	-3	-3	-3	3	-6	2	2	5	5	3	3	-2	-2	-1	-1	1	1	-9	-9	-10	2	3	3	3	5	4	-1	-2	-6	-6	-6	5	5	-5	-5	-2	3	3	3	-2	-2	-4	-3	-3	5	5	5	3	3	-4	-3	-1	-1	-4	-4	-6	-6	2	
37	21	40	40	-8	-22	-22	-28	-28	-11	-7	16	-25	26	26	-19	10	10	-13	-13	-48	-48	-4	8	24	9	9	-48	-48	20	20	20	-52	23	23	2	20	16	-29	-29	2	2	-76	-9	15	32	32	-15	-15	-2	-2	-49	-49	56	20	40	28	28	-18	-18	-21	-45	12	12	4	11	-7	-34	-34	18	18	-23	-6	-6	-9	-9	10	10	38	38	-4	-4	30	3	3	-8	-8	-31	35	-29	-6	15	15	19	-26	-13	-13	-1	-3	-14	12	3	3	-26	-26	-20	-20	17	17	3	2	42	-36	9	9	-21	20	0	-4	-4	-19	7	31	31	-11	-11	8	11	18	-12	-12	25	34	-16	-16	-16	-17	20	30	-38	1	1	-3	-3	1	0	-28	-8	-8	8	8	7	7	16	16	0	0	-16	-16	-19	-19	-25	8	5	10	10	26	12	23	-44	-17	-17	-18	-34	-34	17	17	8	-20	27	27	-4	-4	-76	-32	-32	15	15	15	16	12	-11	-28	11	11	-40	-40	-8	-8	36	
9	4	16	16	14	-20	-20	3	3	-11	2	-3	-12	16	16	-5	11	11	-3	-3	-4	-4	3	7	-8	1	1	-19	-19	16	16	16	-18	-10	-10	-7	-18	-11	3	3	11	11	-16	11	13	12	12	0	0	15	15	-14	-14	15	-1	10	1	1	-9	-9	-10	-15	-3	-3	1	3	-10	-10	-10	6	6	9	-1	-1	-25	-25	-14	-14	1	1	-7	-7	11	8	8	7	7	-13	17	-8	-1	-8	-8	9	-13	11	11	-5	-2	-9	5	0	0	-5	-5	-4	-4	-5	-5	-6	-11	22	-7	0	0	4	1	-3	-6	-6	-30	7	1	1	0	0	6	10	7	2	2	-1	-1	1	-16	-16	6	9	-7	-20	12	12	14	14	-5	-15	-26	18	18	17	17	-7	-7	-1	-1	-37	-37	2	2	-6	-6	-8	1	-1	1	1	-4	8	15	-12	-3	-3	0	-13	-13	2	2	7	2	16	16	10	10	-26	0	0	7	7	7	4	-5	-7	-7	-9	-9	-8	-8	-16	-16	13	
Trial:19
24	-17	-23	-23	-18	97	-36	-36	10	10	-10	2	6	83	83	11	-23	-2	-8	-8	-9	3	-21	-21	-65	-5	-22	-18	-15	11	11	17	-6	-2	59	59	-6	14	-10	-9	-27	16	-68	-3	22	3	3	20	-7	-53	-15	-6	0	-12	12	12	24	24	28	28	18	31	31	-4	-4	7	25	36	36	-7	-7	-67	8	62	-1	-1	-4	3	3	6	6	-17	38	27	27	15	15	36	17	-27	2	-128	22	-2	42	42	-4	-4	10	-6	-6	62	62	24	8	-43	33	-22	-18	33	-24	-24	5	5	-11	-14	-17	16	16	6	9	41	41	41	-71	34	-5	-15	1	1	-32	48	39	39	14	14	-1	-33	13	1	1	3	3	-26	-15	-15	52	52	-25	-25	-31	5	-50	-50	4	25	25	-31	-31	63	-19	-9	-9	-41	-41	7	-5	-5	-14	-14	-46	-46	-46	27	54	54	3	-61	-61	31	31	-9	4	4	13	-51	-15	0	-7	-7	31	31	30	-28	-28	23	23	23	-22	-5	
6	-5	4	4	-2	8	-9	-9	-2	-2	-1	3	0	18	18	7	-7	-3	-10	-10	-4	0	-5	-5	-12	2	-4	-11	-4	-5	-5	0	2	3	7	7	2	2	-1	1	-3	0	-16	1	8	7	7	-2	0	-11	-6	4	-1	-5	2	2	1	1	7	7	4	3	3	0	0	4	-5	4	4	-6	-6	-5	-5	3	-1	-1	-5	0	0	1	1	-9	2	4	4	1	1	8	-5	-8	4	-13	5	-3	6	6	-11	-11	1	-9	-9	6	6	-4	-2	-12	4	-5	-3	8	1	1	1	1	-4	-4	-2	4	4	-1	5	4	4	4	-14	1	1	-4	-3	-3	0	5	-3	-3	-3	-3	-5	-11	4	-1	-1	4	4	1	-2	-2	-1	-1	8	8	-8	-4	0	0	7	-1	-1	-4	-4	-3	0	-7	-7	-9	-9	2	-3	-3	-3	-3	-3	-3	-3	-3	-1	-1	4	-2	-2	6	6	-9	-2	-2	1	-6	-6	4	-3	-3	-4	-4	6	-1	-1	4	4	4	-3	2	
-1	-3	-1	-1	7	0	-5	-5	0	0	0	0	3	-1	-1	-3	-1	1	5	5	-2	0	-6	-6	5	-11	-3	-3	-1	-6	-6	0	3	-1	-2	-2	10	4	-2	-6	-1	-2	-7	4	-4	2	2	3	-1	-16	-8	5	-3	-1	-1	-1	4	4	2	2	3	-2	-2	-2	-2	3	-2	3	3	-3	-3	-5	0	-6	2	2	-4	-6	-6	-5	-5	-5	-3	4	4	-1	-1	5	-4	8	3	5	-2	-6	6	6	-11	-11	-4	-6	-6	0	0	-6	-2	-7	-14	0	-3	4	3	3	-2	-2	-7	-3	-6	0	0	6	1	-1	-1	-1	-18	4	-2	-4	6	6	8	-1	-1	-1	1	1	-5	1	-4	-11	-11	4	4	4	3	3	-1	-1	0	0	-2	-1	2	2	-14	6	6	-2	-2	4	2	-1	-1	1	1	-4	-2	-2	-2	-2	-4	-4	-4	-1	0	0	6	-2	-2	0	0	4	-1	-1	-1	-18	7	6	2	2	-3	-3	-5	4	4	1	1	1	12	-1	
5	-17	-14	-14	1	12	6	6	-26	-26	14	23	20	6	6	0	-5	3	-13	-13	5	-7	-6	-6	-7	-11	9	-12	-12	-7	-7	-5	17	-13	18	18	14	15	14	-15	0	7	13	2	-20	-10	-10	-9	-24	-13	-5	-9	0	7	11	11	11	11	3	3	-10	-1	-1	-5	-5	-3	1	16	16	-4	-4	1	1	-6	14	14	-16	-10	-10	-12	-12	19	12	4	4	-10	-10	18	12	1	4	16	-8	-6	8	8	20	20	-4	-38	-38	-1	-1	-8	19	-28	20	6	-4	-1	12	12	-23	-23	19	21	-24	-16	-16	1	14	-3	-3	-3	-19	0	5	6	39	39	8	-33	6	6	-8	-8	-12	22	-1	20	20	-32	-32	6	18	18	-22	-22	4	4	-26	-2	14	14	4	42	42	6	6	-10	4	-14	-14	-31	-31	3	8	8	21	21	-16	-16	-16	1	-20	-20	8	-5	-5	-55	-55	32	10	10	4	-19	33	54	18	18	-40	-40	6	-23	-23	3	3	3	7	0	
3	-6	-2	-2	-9	9	6	6	-21	-21	-3	18	3	24	24	3	-9	-6	-14	-14	4	-5	-3	-3	9	-13	-2	-12	-14	-10	-10	-15	18	-3	5	5	16	2	9	-7	-4	9	-3	-2	-4	1	1	-2	-17	-5	0	-16	-7	10	5	5	-1	-1	3	3	-6	0	0	5	5	-1	5	3	3	-3	-3	-2	9	7	2	2	-15	8	8	-10	-10	-6	15	8	8	-8	-8	10	-3	2	-9	4	-1	2	-2	-2	11	11	-1	-22	-22	3	3	-1	14	-9	7	6	-2	6	-4	-4	-8	-8	3	16	0	-7	-7	-3	12	-11	-11	-11	-22	3	0	11	10	10	-13	-3	11	11	-2	-2	-6	4	3	10	10	-22	-22	0	4	4	-19	-19	4	4	4	-7	7	7	-5	10	10	3	3	-4	-9	-8	-8	-10	-10	-4	-3	-3	14	14	-15	-15	-15	-3	-6	-6	12	-10	-10	-38	-38	5	13	13	3	-12	13	15	11	11	-36	-36	21	-2	-2	7	7	7	-5	3	
5	0	-7	-7	2	3	-1	-1	-2	-2	0	5	0	4	4	0	4	-7	-8	-8	2	-5	11	11	-2	0	0	-2	-8	-7	-7	-21	9	11	3	3	8	-3	6	-8	-7	4	3	0	-4	13	13	4	-2	0	-2	-12	1	-11	-3	-3	-7	-7	4	4	-1	5	5	-1	-1	-1	-4	7	7	-7	-7	-9	1	9	10	10	-10	-2	-2	1	1	-7	0	5	5	-24	-24	19	-13	5	0	-14	8	-2	-5	-5	4	4	0	-3	-3	5	5	-6	-9	-9	-1	2	-4	8	-7	-7	4	4	-10	5	-3	-24	-24	1	12	-3	-3	-3	9	-6	3	6	-2	-2	-13	3	16	16	1	1	-9	-13	5	5	5	-9	-9	-2	1	1	0	0	-14	-14	-11	-6	4	4	9	14	14	-10	-10	7	2	-4	-4	-18	-18	-3	1	1	-1	-1	-8	-8	-8	7	4	4	0	3	3	-10	-10	-10	1	1	0	0	6	1	10	10	-5	-5	6	-8	-8	-4	-4	-4	-6	0	
21	-48	2	2	19	82	54	54	-8	-8	13	2	-11	31	31	-4	47	-21	-18	-18	3	27	37	37	5	15	23	-16	-19	-13	-13	-7	14	10	-8	-8	-18	12	22	-17	-48	8	22	-26	-9	-21	-21	4	21	18	7	1	-5	-21	-2	-2	-35	-35	24	24	-14	0	0	17	17	22	-35	44	44	-9	-9	-10	-2	1	-7	-7	4	-86	-86	50	50	-42	36	42	42	-3	-3	58	4	39	-17	-106	44	-23	-31	-31	28	28	11	-63	-63	27	27	-58	-38	-4	-16	-3	20	57	-20	-20	43	43	-34	12	-38	-4	-4	-21	50	-3	-3	-3	4	-30	14	-13	12	12	-28	-23	47	47	18	18	30	-14	29	2	2	-28	-28	-15	31	31	-24	-24	-39	-39	-73	-22	50	50	27	24	24	-47	-47	23	-6	-33	-33	-27	-27	11	5	5	-2	-2	12	12	12	-4	14	14	-81	40	40	2	2	-4	-6	-6	-10	12	-6	32	-17	-17	37	37	5	-17	-17	-9	-9	-9	-6	-46	
13	-28	14	14	2	40	-8	-8	-8	-8	-6	2	16	47	47	-10	19	-4	-18	-18	-8	-3	9	9	-39	6	1	-17	-2	-7	-7	3	-6	3	19	19	-6	8	5	-11	-10	1	-31	-12	9	-2	-2	-7	9	-12	2	-7	-6	4	2	2	3	3	15	15	1	-1	-1	9	9	8	9	19	19	-2	-2	-23	8	20	-1	-1	7	-8	-8	11	11	-9	10	18	18	-3	-3	17	12	2	-17	-63	15	-22	18	18	-5	-5	-2	-28	-28	19	19	-2	-4	-4	12	-10	-18	15	-16	-16	19	19	-20	-14	-21	-5	-5	-20	22	22	22	22	-31	18	-5	3	-12	-12	-15	7	18	18	10	10	13	-26	2	-12	-12	-8	-8	-8	1	1	10	10	3	3	-38	5	-10	-10	19	6	6	-19	-19	16	-12	-17	-17	-10	-10	12	-4	-4	-2	-2	-25	-25	-25	-1	22	22	-5	-13	-13	14	14	-17	6	6	-5	-13	1	10	-19	-19	23	23	15	-3	-3	-9	-9	-9	-1	-12	
