2020/5/20 8:32:35
Sampling rate: 100
Measure time: 2
Trial:0
3	-4	-4	-8	1	-10	-10	10	10	1	1	-11	-5	-5	-8	-4	5	5	-1	-1	11	10	10	-2	-2	2	-12	3	-5	-5	-5	-4	2	0	0	5	1	-7	-7	-3	-3	-3	4	-8	-1	-1	-5	9	-10	7	7	-11	-1	17	5	1	1	7	7	-4	-4	-4	-4	4	-11	-14	3	3	0	0	-1	-1	9	9	7	9	-11	0	0	-2	-2	1	4	2	-12	-4	-4	-8	1	1	-6	-6	-1	0	0	-9	-9	-9	-8	5	5	-5	-5	8	-8	-8	-8	8	8	-1	8	8	-4	-4	-5	-2	-2	-3	6	-4	3	0	0	-8	-8	-5	11	11	-3	-3	-3	-3	-6	-6	8	8	-4	-10	-4	-4	3	3	1	4	4	0	0	0	-6	0	7	7	-8	12	-4	-4	-1	-1	-14	-7	5	3	3	5	1	-11	-2	-2	3	3	-4	-4	1	-3	-1	-1	1	1	-5	-6	-6	-8	8	8	0	0	1	-4	1	1	-1	-1	1	2	0	1	1	-17	-17	17	
4	-14	-14	-17	2	-11	-11	12	12	4	3	-11	-5	-5	-5	-8	11	11	-9	-9	23	19	19	-7	-7	0	-12	4	-5	-5	-5	5	1	2	2	10	6	-8	-8	-7	-7	-2	-8	-18	-3	-3	-4	14	-16	12	12	-18	3	21	5	6	6	11	11	-7	-7	-5	-5	0	-15	-20	6	6	3	-3	-4	-4	17	17	7	15	-19	-1	-1	1	1	1	3	2	-15	-1	-1	-11	3	3	-8	-8	-4	-1	-1	-6	-6	-6	-13	5	5	-11	-11	12	-10	-10	-10	18	18	-2	11	11	-10	-10	-9	-1	-1	-4	11	0	6	5	5	-3	-3	-8	12	12	0	0	0	-8	-12	-12	1	1	-7	-19	-3	-3	4	4	7	4	4	-3	-3	-2	-6	6	10	10	-16	15	-7	-7	4	4	-16	-6	2	-2	-2	2	-2	-3	4	4	8	8	-7	-7	0	-4	-1	-1	-6	2	-3	-19	-19	-4	8	8	0	6	-3	-3	1	1	1	1	0	-2	-4	-5	-5	-17	-17	13	
8	-45	-45	-42	-13	-14	-14	40	40	-26	-8	1	-5	-5	-27	-21	21	21	4	4	34	34	34	-3	-3	-6	-7	11	-8	-8	-8	-4	-23	10	10	34	-3	-10	-10	-22	-22	5	-40	-66	4	4	21	24	-32	60	60	-47	-7	82	0	5	5	12	12	-20	-20	-14	-14	3	-41	-28	4	4	8	-14	-4	-4	37	37	18	47	-26	-6	-6	6	6	6	17	-3	-24	1	1	-22	19	19	-13	-13	2	4	4	-9	-9	-9	2	8	8	-38	-38	21	-14	-14	-14	28	28	-10	7	7	-12	-12	-13	-6	-6	-7	43	4	22	10	10	-10	-10	-16	30	30	13	13	13	-31	-23	-23	-20	-20	-15	-14	-9	-9	22	22	28	34	34	-36	-36	-13	-10	22	6	6	-30	26	2	2	-1	-1	-9	-12	1	-8	-8	-7	1	-12	9	9	27	27	-18	-18	21	1	10	10	-17	0	-19	-41	-41	-19	34	34	2	32	-18	-15	-2	-2	15	15	-1	-8	-5	-15	-15	-8	-8	11	
74	127	127	-80	-3	6	6	35	35	-128	-73	66	0	0	56	-107	-123	-123	42	42	7	53	53	-123	-123	-49	-66	17	-46	-46	-46	-66	-5	-26	-26	59	-89	112	112	58	58	67	-37	-128	-44	-44	1	-66	-93	103	103	-4	33	88	-52	-34	-34	-43	-43	61	61	-34	-34	24	10	-47	24	24	44	-34	-105	-105	117	117	-77	-1	12	1	1	91	91	19	109	-28	-44	92	92	-6	38	38	-35	-35	59	-19	-19	-102	-102	-102	-66	65	65	-13	-13	-43	-51	-51	-51	60	60	1	79	79	-93	-93	-19	64	64	-95	0	21	53	-25	-25	-38	-38	-77	57	57	5	5	5	24	-68	-68	24	24	-30	-40	-51	-51	120	120	-59	-31	-31	6	6	-31	51	74	-23	-23	-97	-71	35	35	18	18	66	57	-19	-38	-38	51	-86	62	-37	-37	-34	-34	-26	-26	-91	98	104	104	-51	20	-96	6	6	-66	51	51	-84	-7	-40	23	9	9	26	26	6	-90	-80	16	16	56	56	58	
81	113	113	67	39	-16	-16	80	80	41	-53	-128	-91	-91	127	-120	8	8	-128	-128	73	-70	-70	-56	-56	8	-46	-16	-92	-92	-92	-101	89	-41	-41	42	-32	-5	-5	88	88	44	-36	-38	60	60	66	7	-94	-52	-52	29	30	-43	-78	0	0	102	102	-98	-98	78	78	78	127	-99	-54	-54	-39	127	-64	-64	127	127	-75	-32	38	107	107	23	23	-6	33	5	13	-11	-11	44	-14	-14	-62	-62	-7	-54	-54	-76	-76	-76	-27	115	115	75	75	23	-75	-75	-75	-42	-42	-3	95	95	-5	-5	-8	-24	-24	7	-61	49	81	62	62	-26	-26	-98	-15	-15	85	85	85	-33	83	83	69	69	10	-84	-83	-83	84	84	-65	50	50	1	1	-50	99	-59	-45	-45	55	-116	47	47	92	92	-26	3	-32	-92	-92	-30	-49	-23	39	39	4	4	-45	-45	79	-73	92	92	-3	-38	-7	10	10	23	39	39	-105	80	14	14	-69	-69	-9	-9	-119	-74	-17	94	94	15	15	52	
24	-27	-27	-8	-43	62	62	82	82	-100	39	-51	-7	-7	28	-5	-54	-54	-42	-42	70	114	114	17	17	36	70	56	-4	-4	-4	-116	4	-11	-11	-3	58	-43	-43	43	43	64	127	-5	9	9	-90	36	-99	-30	-30	91	26	127	-33	27	27	3	3	5	5	16	16	2	14	-41	7	7	-25	-68	-8	-8	2	2	-30	-74	57	106	106	-45	-45	41	67	35	9	57	57	-69	104	104	61	61	-17	-5	-5	-64	-64	-64	-44	10	10	18	18	-39	34	34	34	22	22	83	57	57	33	33	-48	-54	-54	53	-56	-18	42	-33	-33	-38	-38	-37	-38	-38	51	51	51	4	-58	-58	13	13	9	3	17	17	119	119	-96	27	27	112	112	-98	-53	33	-54	-54	26	16	51	51	17	17	42	-79	1	62	62	-14	18	7	-75	-75	-77	-77	-47	-47	11	36	67	67	79	22	-26	11	11	-20	55	55	-111	15	30	-64	17	17	-74	-74	-17	27	-58	5	5	82	82	-4	
-8	9	9	-5	11	-3	-3	14	14	-9	4	-19	1	1	-24	12	0	0	-3	-3	29	14	14	4	4	-4	-32	24	-18	-18	-18	-25	11	3	3	3	-20	11	11	6	6	-3	19	-26	-8	-8	-39	10	-33	7	7	2	-6	21	-4	13	13	17	17	18	18	-9	-9	9	-14	-28	10	10	-2	-8	-9	-9	11	11	9	3	-5	8	8	-2	-2	15	14	14	-25	-4	-4	-12	18	18	-6	-6	-5	-2	-2	-32	-32	-32	-32	6	6	7	7	3	-19	-19	-19	34	34	3	26	26	1	1	-31	14	14	-16	7	-8	6	-5	-5	-26	-26	-38	22	22	1	1	1	10	-6	-6	13	13	0	-13	-13	-13	3	3	-3	8	8	10	10	-11	-22	-8	12	12	-5	38	-6	-6	4	4	-23	-38	24	20	20	0	-6	-22	-22	-22	-14	-14	-14	-14	-6	5	8	8	27	5	-15	13	13	-25	4	4	-3	-7	24	-3	-3	-3	3	3	15	-7	1	3	3	-12	-12	18	
-5	-1	-1	-6	4	-10	-10	13	13	2	1	-14	-5	-5	-9	1	4	4	-2	-2	17	9	9	-3	-3	-1	-21	6	-10	-10	-10	-10	3	2	2	5	-1	0	0	1	1	-2	4	-6	-6	-6	-17	10	-13	3	3	-10	-4	12	3	6	6	9	9	1	1	-5	-5	8	-10	-18	5	5	-3	-1	3	3	2	2	7	8	-10	0	0	0	0	6	6	8	-14	-4	-4	-8	2	2	-7	-7	-6	0	0	-10	-10	-10	-13	4	4	0	0	6	-10	-10	-10	11	11	0	12	12	-5	-5	-12	6	6	-8	6	-1	1	-1	-1	-10	-10	-14	11	11	-2	-2	-2	1	-3	-3	11	11	-4	-9	-5	-5	4	4	-2	2	2	2	2	-3	-7	-1	12	12	-8	15	-5	-5	0	0	-17	-12	11	5	5	4	0	-12	-10	-10	1	1	-6	-6	-1	3	1	1	6	2	-6	-8	-8	-10	4	4	-1	-5	8	-4	1	1	1	1	6	-4	2	0	0	-6	-6	14	
Trial:1
-5	5	5	1	1	4	-6	2	-3	-3	1	1	-3	-3	0	0	-5	0	3	4	4	4	-1	-4	-2	-4	-4	0	1	0	0	1	1	-1	-1	-2	-1	-1	-3	-3	-9	-9	-7	-7	-6	-6	15	-2	-2	3	3	-18	6	1	1	2	2	-2	-4	-4	7	-2	6	-5	-5	9	9	-6	-3	4	4	-5	-5	1	3	3	-5	-5	2	-8	-8	6	6	-9	1	2	2	4	4	-10	-7	-6	2	2	-5	-1	-3	6	6	7	9	-2	2	-1	-1	-8	1	1	-5	-5	-2	-9	2	-2	-2	-1	2	-4	2	1	-2	-1	-1	-1	-5	-5	4	4	2	-3	5	-6	-6	0	2	-6	-4	1	-4	-4	-10	-10	2	2	-5	5	-6	9	9	2	0	3	-1	-3	-3	3	-5	-5	0	0	-3	-11	9	9	-3	-3	11	6	-15	2	2	2	-3	-2	-1	-2	-2	-2	1	-2	-6	-6	1	4	3	-3	8	2	-9	0	-3	2	2	-2	-5	11	11	-7	-7	-7	
-4	4	4	3	3	0	-3	8	-3	-3	-6	-6	8	8	-1	-1	-5	-4	2	7	7	7	-7	-9	-1	-6	-6	1	-4	-3	-3	1	1	-2	-2	2	-3	-3	0	0	-12	-12	-8	-8	-7	-7	22	3	3	-7	-7	-12	5	-5	-5	6	6	-6	-6	-6	5	-7	8	-7	-7	8	8	-1	4	5	5	-7	-7	9	-3	-3	-3	-3	-2	-10	-3	10	5	-16	4	-2	-2	6	6	-15	-12	-9	-2	-2	-8	-1	1	11	11	6	14	-5	3	-1	-1	-13	-2	6	-7	-7	0	-8	2	-5	-5	5	5	-2	7	3	-4	-4	-4	-3	-4	-4	0	0	-1	-4	13	-7	-7	-3	2	-5	-5	-4	5	-11	-12	-12	7	7	-8	6	-12	16	16	7	0	7	-7	-9	-9	7	-8	-8	0	0	-9	-13	12	12	-3	-3	19	8	-15	2	2	5	-4	-5	2	-6	-6	-3	1	-6	-4	-4	6	-2	4	-4	10	5	-12	-1	-1	8	8	-6	-11	4	4	-11	-11	-9	
-11	-3	-3	13	13	-4	4	16	-11	-11	-13	-13	24	24	-12	-12	3	-9	7	12	12	12	-25	-9	4	-7	-7	-8	-13	-3	-3	6	6	7	7	4	-5	-5	10	10	-40	-40	-14	-14	0	0	19	5	5	-1	-1	-17	20	4	4	20	20	-25	-12	-12	26	-5	9	-12	-12	15	15	16	1	9	9	-15	-15	22	-1	-1	0	0	0	-20	-10	28	0	-18	11	-1	-1	15	15	-29	-27	-7	-9	-9	-10	-14	20	16	16	20	30	-38	21	-5	-5	-23	-8	13	-10	-10	14	-23	8	-19	-19	-16	21	4	13	14	-37	18	18	-9	11	11	1	1	-2	-15	42	-16	-16	-11	10	-12	-18	4	7	-49	-19	-19	9	9	-15	23	-8	26	26	6	1	24	-33	-16	-16	-4	-15	-15	-3	-3	-11	-20	10	10	-12	-12	37	26	-16	31	31	4	-11	-5	-2	-25	-25	0	-6	-18	-8	-8	21	-11	19	9	4	28	-38	-9	-3	9	9	3	-21	3	3	-21	-21	-6	
27	61	61	5	5	6	-5	-7	-38	-38	-59	-59	-40	-40	-45	-45	54	-49	50	-50	-50	-50	64	-23	8	15	15	-38	-27	-24	-24	24	24	6	6	56	53	53	-25	-25	-96	-96	-21	-21	23	23	-40	54	54	-21	-21	51	-1	-28	-28	-110	-110	56	-81	-81	5	21	-17	-13	-13	42	42	32	-33	-10	-10	23	23	-15	45	45	36	36	-11	-67	-67	-19	-17	91	-14	82	82	-1	-1	-13	-23	31	-80	-80	24	-63	28	-29	-29	36	51	-85	24	-21	-21	-22	-24	22	92	92	14	77	-39	-76	-76	-56	18	2	66	96	-3	55	55	-80	12	12	17	17	-75	67	-9	43	43	-28	-10	41	78	-50	76	-40	-20	-20	17	17	30	-52	99	-8	-8	-79	-21	33	-41	18	18	-52	18	18	-33	-33	57	-12	118	118	18	18	-62	66	43	-21	-21	-38	-67	82	71	-22	-22	74	-2	-65	-63	-63	33	60	72	94	34	20	-58	-26	-42	13	13	-9	-76	-34	-34	-41	-41	26	
20	25	25	-42	-42	60	-75	-58	-41	-41	-41	-41	-32	-32	44	44	21	-35	72	-40	-40	-40	39	18	-20	67	67	-87	-70	-85	-85	46	46	68	68	-25	71	71	49	49	-114	-114	14	14	-26	-26	-76	97	97	37	37	21	127	24	24	-118	-118	-19	-13	-13	36	69	74	-128	-128	110	110	44	-55	3	3	-41	-41	-7	68	68	50	50	67	-98	-41	127	-20	51	-46	51	51	-58	-58	19	-60	-48	25	25	-101	-8	-101	-20	-20	37	43	29	-55	-82	-82	51	-105	112	-31	-31	122	-35	-12	-34	-34	42	40	-63	127	48	-30	-42	-42	94	21	21	-60	-60	-4	102	51	28	28	-70	-47	40	79	-86	94	-72	36	36	2	2	40	-59	-27	32	32	39	92	-8	9	-76	-76	-54	57	57	127	127	-15	-83	90	90	19	19	-74	31	-8	-106	-106	63	-128	-19	-10	-86	-86	-40	61	82	-36	-36	93	25	-53	-68	33	-3	18	97	112	-21	-21	88	-42	88	88	45	45	-23	
-50	25	25	71	71	-1	-38	45	14	14	-15	-15	-34	-34	47	47	-20	-65	-5	44	44	44	50	-36	5	6	6	-10	-17	-44	-44	22	22	-2	-2	33	43	43	5	5	76	76	49	49	-108	-108	-74	82	82	7	7	-38	14	1	1	-24	-24	12	-14	-14	86	-57	37	-11	-11	47	47	-28	22	58	58	-78	-78	-113	-17	-17	39	39	98	-4	42	12	64	-25	-29	71	71	-20	-20	-31	-51	-76	17	17	-69	-76	-18	-44	-44	97	86	38	-60	-16	-16	-3	-2	57	70	70	-36	53	36	-82	-82	-32	55	73	-60	2	12	-49	-49	123	9	9	-40	-40	-11	109	4	44	44	26	-43	33	48	-36	-17	-70	-47	-47	-9	-9	-15	124	15	7	7	-1	34	-57	79	-4	-4	61	-7	-7	47	47	91	52	-51	-51	-11	-11	16	10	-21	-51	-51	61	21	-37	-22	50	50	-50	35	10	-71	-71	95	55	-22	-43	19	-81	-56	4	39	71	71	-16	-43	-31	-31	99	99	-70	
-18	9	9	6	6	17	-17	10	-8	-8	-4	-4	-19	-19	9	9	-9	-15	3	0	0	0	4	-20	15	2	2	1	1	-7	-7	-5	-5	3	3	2	-4	-4	7	7	7	7	4	4	-27	-27	7	-4	-4	-7	-7	-19	5	-9	-9	5	5	1	-5	-5	19	-14	20	-10	-10	25	25	-18	-17	19	19	-1	-1	2	4	4	-22	-22	25	-18	-19	14	10	-21	-4	11	11	12	12	-28	-13	-38	42	42	-3	-8	-13	-14	-14	29	12	-4	-2	9	9	-8	7	13	-8	-8	-13	-3	-3	6	6	4	12	-13	-8	7	-1	1	1	-8	-19	-19	3	3	2	19	13	5	5	3	-6	5	-5	-5	1	-5	-8	-8	-6	-6	-11	12	-8	9	9	9	9	1	17	1	1	5	-9	-9	9	9	-4	-19	14	14	-6	-6	-7	5	-26	-2	-2	12	6	-4	-7	-2	-2	-5	4	4	-7	-7	13	5	-5	-8	2	-11	-26	1	3	23	23	10	0	13	13	-1	-1	-14	
-9	5	5	3	3	7	-6	4	-1	-1	-2	-2	-8	-8	3	3	-2	-6	1	2	2	2	-3	-7	5	-5	-5	2	0	-2	-2	0	0	-1	-1	-2	-3	-3	-3	-3	-3	-3	-2	-2	-9	-9	11	0	0	0	0	-13	4	-4	-4	1	1	-1	-6	-6	7	-5	9	-6	-6	9	9	-8	-6	8	8	-4	-4	3	6	6	-10	-10	4	-9	-10	6	6	-9	1	3	3	6	6	-13	-6	-13	12	12	-4	-2	-3	1	1	9	8	-2	0	2	2	-7	4	5	-6	-6	-8	-3	1	0	0	3	3	-10	-2	3	0	2	2	-2	-8	-8	2	2	-1	2	0	-3	-3	0	0	0	-5	0	0	0	-6	-6	1	1	-9	3	-9	7	7	5	1	1	4	-2	-2	3	-5	-5	7	7	-2	-13	11	11	-7	-7	1	3	-15	0	0	-1	-2	0	0	-2	-2	-4	2	-2	-7	-7	4	2	-1	0	6	0	-13	-2	1	8	8	2	-2	9	9	-3	-3	-10	
Trial:2
4	-3	11	-1	-1	-9	-9	3	3	-1	-1	6	-6	5	0	0	-6	-6	-1	12	3	3	13	13	-7	-13	-13	-1	-1	-10	-5	-5	4	4	4	3	10	10	-4	-4	-15	-4	-4	-4	-5	-5	0	-6	-6	0	0	-8	-8	9	9	1	1	-10	-2	-2	7	7	-3	3	3	3	7	7	-5	-2	-2	2	2	0	-1	-3	0	0	6	-4	-6	-3	-3	-4	-4	-3	0	2	2	7	-2	-11	-11	5	5	-6	0	7	-7	0	0	0	-3	-6	2	2	1	1	-1	-6	-6	3	3	7	5	-9	-9	-2	-2	0	7	7	-8	-8	4	-1	-9	4	4	-12	-4	2	1	6	6	-5	2	-9	-9	-10	-2	1	11	-5	9	9	-7	-7	-5	-5	-9	-9	4	0	1	5	5	-4	8	4	4	1	1	-13	-2	16	-1	-1	4	4	-1	-1	2	2	-5	3	-4	1	-9	-9	7	2	-6	1	1	-2	1	4	-2	-6	-6	-2	-2	-2	-5	-5	-2	1	1	17	
4	-7	10	-2	-2	-13	-13	4	4	2	2	5	-9	16	-7	-7	-12	-12	0	11	2	2	13	13	0	-18	-18	-3	-3	-9	-7	-7	5	5	5	4	18	18	-11	-11	-17	-1	-1	1	-1	-1	2	3	3	-5	-5	-19	-19	-1	-1	5	5	-22	2	2	15	15	-2	11	11	11	8	8	-3	1	1	-2	-2	3	4	-8	-5	-5	5	-4	-12	-2	-2	-9	-9	-5	1	6	6	12	-3	-10	-10	5	5	-6	6	5	-4	-9	-2	-2	-10	-12	7	7	3	3	-1	-15	-15	3	3	8	16	-8	-8	-5	-5	1	12	12	-13	-13	4	4	-9	11	11	-15	-3	-1	2	5	5	-16	-1	-8	-8	-9	-1	-4	12	-3	10	10	-2	-2	-4	-4	-17	-17	5	1	-3	19	19	-13	16	2	2	2	2	-13	-6	21	2	2	1	1	-3	-3	4	4	-5	-1	-4	3	-5	-5	9	2	-1	-1	-1	-7	-6	-1	-1	-3	-3	-4	-4	-5	1	1	-3	-1	-1	28	
32	-16	36	-16	-16	-29	-29	5	5	20	20	-1	-4	39	-31	-31	-37	-37	-3	12	-16	-16	-4	-4	8	-20	-20	6	6	-14	-4	-4	9	9	9	6	56	56	-16	-16	-31	9	9	11	-8	-8	-9	8	8	12	12	-24	-24	-14	-14	15	15	-47	11	11	38	38	-5	0	0	0	20	20	-8	-7	-7	-18	-18	7	27	-17	-17	-17	12	-29	-16	-10	-10	-6	-6	-11	8	9	9	24	-15	-6	-6	25	25	-17	12	15	-9	-32	11	11	-34	-41	1	1	26	26	2	-21	-21	7	7	17	46	-22	-22	22	22	-5	23	23	-33	-33	7	21	-24	19	19	-11	-20	-3	7	14	14	-41	-18	-24	-24	-18	-13	19	41	17	17	17	-8	-8	-13	-13	-39	-39	-3	26	6	71	71	-41	60	-8	-8	15	15	-13	5	43	1	1	-3	-3	-2	-2	25	25	-3	29	-10	4	-12	-12	22	7	-16	-1	-1	-19	-13	10	0	4	4	8	8	-11	-7	-7	6	-22	-22	70	
27	8	54	-87	-87	-80	-80	-28	-28	-55	-55	75	-43	108	-63	-63	-65	-65	71	18	-44	-44	-106	-106	28	65	65	-88	-88	98	-1	-1	2	2	2	27	9	9	-5	-5	-28	67	67	-71	-110	-110	-56	-24	-24	112	112	-27	-27	-31	-31	-46	-46	95	19	19	53	53	-52	-22	-22	-22	70	70	-41	15	15	-12	-12	-22	7	-44	14	14	-44	28	106	-75	-75	8	8	-7	-11	115	115	-31	-69	58	58	48	48	-94	119	-50	-28	40	7	7	37	-39	-32	-32	7	7	44	-128	-128	-82	-82	-27	-29	-25	-25	127	127	66	45	45	-44	-44	-83	84	-76	-89	-89	53	66	-72	127	-48	-48	-44	-67	11	11	-78	11	93	-49	89	6	6	-22	-22	-107	-107	84	84	-2	126	10	34	34	29	11	-47	-47	-67	-67	-91	47	3	5	5	25	25	-74	-74	127	127	23	-10	13	78	26	26	-25	23	-127	-42	-42	79	77	79	-33	-26	-26	1	1	90	-110	-110	-77	-62	-62	99	
-77	1	-64	-46	-46	62	62	72	72	62	62	85	-45	-44	52	52	13	13	-87	-13	-18	-18	67	67	37	102	102	-31	-31	47	59	59	13	13	13	12	-122	-122	-34	-34	-23	47	47	-58	-21	-21	-38	32	32	-11	-11	42	42	83	83	74	74	25	64	64	-50	-50	22	57	57	57	-128	-128	64	-38	-38	-64	-64	-57	-76	-91	39	39	-126	-17	127	14	14	123	123	52	-90	-81	-81	58	-7	39	39	1	1	38	-61	-8	60	-82	17	17	35	118	-53	-53	44	44	35	73	73	-84	-84	-69	58	-1	-1	-42	-42	27	25	25	21	21	64	99	-128	-68	-68	25	-34	-65	-19	-105	-105	-75	-95	123	123	-27	17	7	-56	52	-29	-29	89	89	-1	-1	114	114	11	82	-7	-51	-51	-23	-39	67	67	-46	-46	-60	46	-18	10	10	-18	-18	21	21	-57	-57	127	8	-51	89	47	47	-71	20	122	-78	-78	-93	29	27	-113	17	17	-28	-28	117	98	98	122	15	15	-77	
33	15	-91	-19	-19	-37	-37	-12	-12	-19	-19	41	21	1	-3	-3	47	47	50	1	2	2	-40	-40	-21	27	27	5	5	-28	29	29	40	40	40	39	-128	-128	-46	-46	-10	94	94	53	64	64	34	-12	-12	115	115	-124	-124	62	62	-77	-77	18	-3	-3	37	37	61	-35	-35	-35	-89	-89	20	-15	-15	25	25	15	-44	13	31	31	34	2	-12	-27	-27	-92	-92	81	2	29	29	28	-117	-31	-31	4	4	-29	-85	39	101	-41	91	91	-65	28	4	4	-106	-106	-13	-80	-80	71	71	-13	14	-11	-11	25	25	55	-54	-54	16	16	76	-13	-50	31	31	-89	12	-5	-4	-14	-14	-45	-4	67	67	-88	13	43	-103	-30	8	8	107	107	4	4	-7	-7	-6	26	90	66	66	-61	50	-30	-30	8	8	-65	38	-34	22	22	-5	-5	-19	-19	-17	-17	-20	-57	-57	35	-1	-1	33	-24	22	52	52	4	0	9	1	-26	-26	-30	-30	-3	-36	-36	17	-13	-13	47	
9	3	34	-6	-6	-18	-18	-3	-3	-24	-24	20	-20	18	-10	-10	-3	-3	15	6	-5	-5	4	4	1	1	1	2	2	-20	10	10	14	14	14	1	-3	-3	-11	-11	-33	4	4	3	8	8	8	-34	-34	-17	-17	-16	-16	41	41	-11	-11	-18	0	0	10	10	4	10	10	10	14	14	-3	6	6	14	14	-5	-8	-12	-2	-2	13	10	1	5	5	-11	-11	15	-8	22	22	10	3	-19	-19	-7	-7	-12	-8	3	-2	-2	11	11	-5	-3	1	1	-10	-10	-11	-12	-12	39	39	15	-2	-16	-16	-27	-27	8	19	19	-8	-8	4	-12	-14	8	8	-39	-2	15	-11	13	13	-12	6	4	4	-28	-4	14	6	-23	11	11	0	0	0	0	-16	-16	27	-5	9	2	2	-9	7	2	2	-12	-12	-27	1	13	7	7	9	9	-19	-19	-1	-1	-5	-3	-26	12	-8	-8	22	-7	-1	14	14	9	2	16	-1	-31	-31	-6	-6	-2	-9	-9	-17	-3	-3	24	
1	0	20	-2	-2	-11	-11	5	5	-10	-10	8	-11	11	-5	-5	-6	-6	3	8	-3	-3	2	2	-3	-3	-3	2	2	-9	-3	-3	8	8	8	6	4	4	1	1	-21	0	0	-4	0	0	1	-18	-18	-9	-9	-9	-9	16	16	-7	-7	-13	-4	-4	7	7	-2	8	8	8	10	10	-5	4	4	6	6	-5	-4	-5	-1	-1	8	2	-1	3	3	-8	-8	-1	-3	3	3	4	4	-11	-11	1	1	-4	-2	3	-7	-3	2	2	-1	-4	3	3	-1	-1	-1	-6	-6	11	11	9	1	-8	-8	-12	-12	2	13	13	-9	-9	6	-6	-7	5	5	-22	-3	7	-4	4	4	-11	4	-4	-4	-12	1	7	6	-10	5	5	-5	-5	-2	-2	-13	-13	12	-4	2	2	2	-6	5	4	4	1	1	-18	0	12	5	5	4	4	-5	-5	1	1	-6	0	-8	3	-5	-5	7	-6	-10	2	2	4	0	9	-3	-13	-13	-4	-4	-1	-4	-4	-8	-1	-1	15	
Trial:3
-8	-8	0	6	2	2	-4	-4	-3	-2	-2	-4	-4	-1	-1	2	2	1	1	1	1	1	-1	-1	-9	-1	-1	3	3	1	1	-3	-3	2	2	-4	-3	-3	1	1	-3	-1	3	4	4	-3	-1	1	1	2	2	2	1	-1	4	4	1	1	-1	-6	-6	-2	-2	2	7	-1	-1	-5	-5	-4	1	1	0	1	1	1	-4	-4	2	2	-6	1	1	3	3	1	-1	-8	-2	-5	-5	4	-6	-6	2	2	3	-3	-2	4	-4	-5	-7	1	1	-4	-4	-4	-5	6	4	4	-3	-3	0	0	-4	-4	-6	-6	-1	0	0	-4	-2	1	-1	-1	-1	-1	3	3	-2	-2	-5	2	4	-2	-2	8	-4	-9	-9	-3	-3	6	1	-3	-5	-5	1	1	3	-5	-5	-1	-5	1	2	2	-6	-6	-1	-1	-1	-3	-3	-3	0	-10	-10	4	4	-2	-8	5	-4	-4	5	-2	4	4	-5	-5	-1	-2	0	4	4	0	-21	1	-13	-11	17	17	-3	-3	-18	7	
-11	-11	-2	8	-1	-1	-2	-2	-4	-6	-6	-1	-1	5	5	10	10	-3	-3	0	1	1	-10	-10	-14	-3	-3	9	9	1	1	-5	-5	4	4	-5	-5	-5	6	6	-5	2	-9	14	14	-8	4	1	1	1	1	8	0	-5	2	2	-5	-4	-4	-9	-9	3	3	-3	10	-1	-1	-2	-13	-1	-4	-4	3	4	6	6	-2	-2	-1	-1	-3	-1	-1	1	1	-6	-3	-7	-4	-18	-18	2	-5	-5	4	4	2	-6	-6	11	1	-2	0	4	4	-5	-5	-5	-1	11	8	8	-3	-3	13	13	-6	-6	-11	-11	-5	-3	-3	3	-2	-2	-10	-10	-6	-6	-5	-5	4	4	-9	8	4	-2	-2	6	-5	-5	-5	-3	-3	12	2	-1	-3	-3	-1	0	7	-13	-13	-5	-2	3	-1	-1	-11	-11	1	1	-4	3	-2	-2	2	-13	-13	5	5	-7	-11	10	-5	-5	12	-8	5	5	-7	-7	-1	5	0	8	8	1	1	-7	-14	-2	10	10	-4	-4	-3	-7	
-56	-56	4	2	6	6	1	1	-1	-12	-12	-2	-2	8	8	33	33	-4	-4	2	-1	-1	-16	-16	-30	-22	-22	23	23	-1	-1	-11	-11	23	23	0	-23	-23	30	30	-8	-13	-3	34	34	-29	-1	-8	-8	6	6	12	-8	-5	4	4	-23	-8	-10	4	4	3	3	-12	14	-5	-5	-9	-21	0	-17	-17	32	5	3	3	-4	-4	-10	-10	-8	-5	-5	0	0	-22	1	-1	-3	-12	-12	3	-12	-12	13	13	5	-19	-4	17	10	-3	-4	7	7	-1	-1	-18	-14	25	-2	-2	0	0	6	6	-9	-9	-36	-36	6	-3	-3	14	-9	1	-2	-2	-9	-9	-10	-10	0	0	-6	6	7	1	1	24	-17	-1	-1	-11	-11	29	4	-22	-7	-7	-8	-1	0	-28	-28	-3	-16	2	-9	-9	-2	-2	7	7	11	6	-9	-9	3	-26	-26	25	25	7	-7	11	1	1	18	-8	-8	-8	-21	-21	-1	0	-4	28	28	-4	-12	17	-19	-18	-2	-2	-3	-3	-7	-11	
-108	-108	-50	-124	58	58	-11	-11	-10	-17	-17	-128	-128	89	89	-46	-46	10	10	28	-8	-8	39	39	-23	-26	-26	14	14	127	127	-23	-23	-7	-7	10	-80	-80	-67	-67	110	-35	-2	-12	-12	-35	-26	-15	-15	74	74	-69	30	63	-51	-51	-50	-48	39	10	10	-22	-22	-54	36	23	23	-57	4	1	-52	-52	103	-11	39	39	43	43	4	4	-8	-22	-22	-76	-76	-17	70	-22	79	18	18	-107	40	40	58	58	6	60	-40	41	35	-29	-21	1	1	19	19	-17	15	44	20	20	-6	-6	-115	-115	90	90	-41	-41	22	7	7	-55	-1	-13	58	58	-13	-13	1	1	-41	-41	29	-18	10	1	1	28	-47	-75	-75	5	5	101	36	-31	-35	-35	-62	7	-13	-1	-1	13	-81	-77	36	36	50	50	-13	-13	109	-51	4	4	57	-81	-81	-31	-31	-29	127	48	84	84	32	20	-63	-63	-19	-19	-63	-72	13	10	10	-13	1	44	45	-94	-7	-7	-15	-15	46	-77	
40	40	127	-31	73	73	-72	-72	-115	-28	-28	-65	-65	127	127	72	72	-53	-53	51	-45	-45	122	122	19	-62	-62	-104	-104	127	127	-27	-27	-119	-119	68	88	88	-128	-128	96	50	-27	-55	-55	7	17	0	0	107	107	-19	19	-40	19	19	-89	-53	-89	17	17	-5	-5	1	-50	93	93	58	30	-36	-82	-82	-45	-26	18	18	120	120	67	67	-35	-71	-71	-46	-46	19	36	13	58	24	24	103	104	104	-110	-110	-2	79	-124	-67	13	-51	88	63	63	-1	-1	69	108	31	-108	-108	11	11	-65	-65	36	36	-82	-82	-57	127	127	14	-74	-6	104	104	44	44	-9	-9	68	68	-98	34	-49	54	54	-41	-80	6	6	-68	-68	-61	-46	-21	-1	-1	-6	127	0	-1	-1	-30	32	-75	127	127	35	35	-13	-13	-47	-6	90	90	54	71	71	-85	-85	-51	24	-55	117	117	5	-20	42	42	45	45	-57	33	-32	42	42	-128	-83	64	38	90	6	6	58	58	30	-44	
48	48	20	-23	37	37	8	8	31	-61	-61	-117	-117	105	105	-16	-16	9	9	-10	-59	-59	-25	-25	17	49	49	31	31	-17	-17	-19	-19	-32	-32	75	-33	-33	-3	-3	34	2	44	18	18	5	-71	-47	-47	-5	-5	51	10	-21	12	12	-30	11	-8	62	62	-53	-53	-83	115	22	22	125	19	-46	-22	-22	-128	-48	18	18	30	30	46	46	49	5	5	74	74	-58	-68	-81	-36	-7	-7	15	-39	-39	-8	-8	-10	-20	-14	-55	63	-47	-57	45	45	-21	-21	-6	-60	-25	52	52	6	6	-38	-38	90	90	54	54	-20	-26	-26	-64	44	-29	67	67	3	3	-69	-69	-6	-6	-37	25	-62	65	65	40	-63	-6	-6	-18	-18	-31	33	-6	-27	-27	9	60	37	-13	-13	-10	-19	18	49	49	32	32	54	54	31	-15	16	16	12	-19	-19	-18	-18	24	70	-18	23	23	14	-7	59	59	15	15	53	111	-34	-120	-120	-103	18	68	-84	37	64	64	-20	-20	-9	-36	
20	20	-1	12	8	8	9	9	-23	-12	-12	-36	-36	10	10	9	9	-6	-6	1	11	11	-9	-9	-2	1	1	-3	-3	11	11	0	0	-2	-2	-8	8	8	-1	-1	-1	6	-1	15	15	-5	14	-16	-16	-3	-3	-11	3	-4	2	2	-3	13	7	3	3	-20	-20	-6	19	15	15	-3	-5	0	2	2	-20	0	15	15	2	2	-3	-3	2	10	10	11	11	-4	-8	-26	1	-12	-12	3	-8	-8	-10	-10	10	-13	-9	0	-6	-7	1	10	10	-9	-9	3	-14	3	-6	-6	-10	-10	-1	-1	3	3	10	10	4	-11	-11	-13	-3	6	-17	-17	-3	-3	-5	-5	5	5	-13	6	4	-7	-7	15	1	-17	-17	-2	-2	8	1	2	-3	-3	7	-2	4	-3	-3	-7	-2	5	11	11	-28	-28	1	1	-14	-14	11	11	17	-22	-22	-6	-6	1	2	9	1	1	11	-4	22	22	2	2	-6	-5	-8	-14	-14	-17	-9	-12	-5	19	-1	-1	2	2	-2	-10	
2	2	0	7	2	2	-1	-1	-10	-3	-3	-11	-11	2	2	1	1	-1	-1	1	5	5	-2	-2	-4	0	0	1	1	1	1	-3	-3	-1	-1	-8	1	1	0	0	-1	0	3	7	7	-1	6	-4	-4	-2	-2	-4	-2	-2	5	5	-5	1	-1	-4	-4	-10	-10	-3	10	4	4	-4	-3	0	0	0	-6	1	8	8	-1	-1	-2	-2	-1	2	2	8	8	-1	-1	-9	-1	-5	-5	2	-7	-7	-4	-4	4	-8	0	3	-6	1	-4	2	2	-6	-6	2	-8	4	-3	-3	-3	-3	1	1	-3	-3	-2	-2	-2	-4	-4	-5	-3	4	-7	-7	-1	-1	0	0	-2	-2	-6	-1	4	-5	-5	6	-1	-12	-12	-2	-2	9	-2	-2	-5	-5	4	-3	5	-4	-4	-6	-2	4	4	4	-12	-12	0	0	-4	-6	-2	-2	6	-13	-13	1	1	1	-6	7	-4	-4	6	-1	7	7	0	0	-2	-1	-4	1	1	-2	-16	11	-2	-4	-3	-3	-2	-2	-4	-3	
Trial:4
-7	1	-6	3	3	-9	-9	1	-1	-1	8	8	1	-3	-3	-5	-3	-2	1	-2	-2	0	0	-6	3	3	-2	-2	-3	-1	-1	-5	-5	-5	0	0	-1	0	0	3	-2	-2	-2	0	0	3	-2	-2	1	1	3	-2	2	-1	-1	-2	-6	0	0	-3	-3	-15	-1	-1	4	4	-2	-2	-3	-3	-10	-10	-3	0	3	-1	-2	-2	-1	-5	-1	4	4	-1	-1	4	-3	-3	-1	-1	-1	-1	-5	-5	-2	-2	5	-12	3	-5	-5	-2	3	-3	-6	-2	-2	-4	0	0	5	5	3	-2	4	-3	-3	-1	3	-2	-2	-3	-3	-3	-3	-2	-5	-5	2	-7	1	1	1	-1	1	3	-4	-4	3	-10	-1	-3	-3	0	1	-2	-6	-2	6	3	1	1	6	-8	-8	1	-5	-4	7	-5	-1	-2	11	-7	-1	-1	1	1	-1	8	8	8	3	3	2	5	5	-5	-5	-1	-1	-2	-4	3	-6	-5	0	0	-7	-7	-5	-2	-2	2	2	-4	-4	2	2	-9	
-9	-3	-12	1	1	-21	-21	3	-4	-4	6	6	6	0	0	-14	-3	-6	6	-3	-3	-5	-5	-9	0	0	2	2	-6	10	10	-10	-10	-10	1	-4	3	-9	-9	8	2	2	2	0	0	1	0	0	-3	-3	-7	0	0	-4	-4	-2	-6	5	5	3	3	-13	-9	5	7	7	-4	-4	-6	-6	-16	-16	-2	-1	2	3	-5	-5	-6	0	2	2	2	-6	-6	9	-3	-3	-2	-2	-1	-1	-9	-9	0	0	3	-16	9	-2	-2	-3	8	-8	-7	-3	5	-2	6	6	12	12	5	2	8	-6	-6	1	-1	-8	-8	2	2	-10	2	-1	-9	-9	5	-13	-1	0	0	0	7	7	-16	-16	7	-5	-6	-3	-3	2	4	-4	-10	-4	14	-2	6	6	13	-10	-10	6	-3	-12	18	-11	-2	-3	19	-15	3	3	5	5	-2	10	10	10	-2	-2	0	19	19	-9	-9	-4	-2	-7	-4	12	-8	0	-4	-4	-10	-10	-7	-4	2	2	2	-2	-2	3	3	-15	
-18	-14	3	2	2	-37	-37	14	-9	-9	17	17	9	-2	-2	-24	2	-6	18	-3	-3	-23	-23	-15	-14	-14	0	0	-3	33	33	-28	-28	-28	5	-7	-5	-21	-21	28	20	20	20	-3	-3	-3	1	1	-12	-12	-8	3	0	-17	-17	-5	-14	9	9	3	3	-29	4	14	10	10	4	4	-20	-20	-33	-33	-5	-5	12	8	2	2	-9	-13	12	-3	-3	-1	-1	11	3	3	8	8	13	13	-13	-13	3	3	-3	-32	20	-35	-35	8	12	-38	7	-11	12	3	18	18	37	37	13	-12	6	-13	-13	6	5	-7	-7	5	5	-24	-1	-8	-19	-19	9	-28	4	25	25	-6	25	23	-28	-28	4	1	-17	-24	-24	8	0	6	-13	-16	19	-25	25	25	27	-23	-23	41	-4	-43	61	-18	-16	-14	57	-38	-9	-9	17	17	-17	44	44	44	-4	-4	0	64	64	-23	-23	-28	-14	-11	0	16	9	-16	-5	-5	-14	-14	-6	-16	9	25	25	-15	-15	17	17	-50	
-43	-66	43	39	39	-51	-51	-14	87	87	66	66	11	6	6	-16	-5	26	-30	8	8	-80	-80	96	-47	-47	10	10	-2	102	102	-108	-108	-108	39	42	-68	-86	-86	58	20	20	20	-76	-76	17	44	44	-43	-43	-2	-42	40	2	2	42	-124	45	45	13	13	26	44	44	-29	-29	-58	-58	32	32	-47	-47	-43	37	26	-16	-65	-65	-30	-60	37	-66	-66	-7	-7	28	-3	-3	-31	-31	63	63	57	57	-10	-10	-32	7	68	34	34	76	-47	-110	-50	-48	37	-17	1	1	71	71	-32	43	-20	-4	-4	47	-54	-25	-25	67	67	11	-17	-9	1	1	-102	-75	31	-33	-33	28	-54	73	10	10	-35	39	-32	-85	-85	-19	-71	-67	38	-31	47	-100	27	27	3	-10	-10	-122	26	44	123	2	-23	-7	5	30	-11	-11	56	56	-50	63	63	63	21	21	32	-128	-128	63	63	-45	90	-44	60	-6	-18	-88	3	3	43	43	57	-5	29	38	38	-27	-27	-62	-62	6	
-30	-47	127	-63	-63	98	98	-55	108	108	26	26	-70	1	1	73	96	-15	-109	-22	-22	-88	-88	37	26	26	-44	-44	111	52	52	-128	-128	-128	108	29	-90	-68	-68	79	-67	-67	-67	-25	-25	66	115	115	34	34	-110	-128	-7	13	13	-78	-95	102	102	18	18	107	-84	31	-110	-110	37	37	102	102	-98	-98	-32	24	3	-45	101	101	63	-10	32	-106	-106	-53	-53	-32	-28	-28	23	23	53	53	-36	-36	-63	-63	-64	117	80	63	63	-3	55	13	-3	20	-4	57	-106	-106	29	29	41	-23	28	-11	-11	-20	-65	-59	-59	42	42	23	-86	15	71	71	-22	-16	-60	-23	-23	1	-50	-36	30	30	-24	25	-37	-73	-73	-29	27	-32	-68	3	96	-70	-79	-79	17	31	31	-91	102	63	-104	35	-51	-50	41	72	10	10	-83	-83	43	-20	-20	-20	111	111	127	-128	-128	100	100	-105	110	106	93	10	-42	-7	-46	-46	-5	-5	108	-21	-101	19	19	33	33	-46	-46	0	
-17	50	-10	-80	-80	31	31	13	-16	-16	15	15	-14	18	18	-53	46	25	-41	-41	-41	74	74	-20	84	84	-24	-24	-4	-30	-30	-10	-10	-10	110	51	-11	-61	-61	84	-65	-65	-65	-3	-3	-17	43	43	1	1	-72	-50	-74	120	120	-15	-27	4	4	-120	-120	24	-86	29	41	41	5	5	-13	-13	-51	-51	31	-30	-2	22	64	64	34	-2	-8	-13	-13	-82	-82	-55	7	7	2	2	15	15	5	5	31	31	-77	6	15	21	21	71	-19	7	30	-3	-15	0	-51	-51	-9	-9	-9	-34	33	65	65	-36	0	66	66	-61	-61	-9	-51	-4	52	52	42	-28	6	-94	-94	-40	-10	-16	-35	-35	34	-28	20	16	16	2	24	19	-40	39	54	9	-15	-15	-5	23	23	-10	22	62	1	37	-5	-29	-98	43	-2	-2	22	22	-28	-19	-19	-19	-124	-124	96	-11	-11	38	38	-23	12	9	103	0	-32	-79	18	18	-9	-9	-14	-62	-12	-35	-35	9	9	-48	-48	17	
-2	12	-18	-5	-5	-35	-35	10	-4	-4	18	18	5	-8	-8	9	-13	-9	6	3	3	-1	-1	-5	11	11	3	3	-5	-1	-1	-10	-10	-10	9	-11	1	-2	-2	0	-19	-19	-19	-4	-4	10	19	19	0	0	2	1	-10	6	6	-7	-9	5	5	-19	-19	-11	-2	7	13	13	-10	-10	-9	-9	-11	-11	6	2	-2	15	-28	-28	18	-2	-3	12	12	-14	-14	9	-7	-7	7	7	1	1	-7	-7	-1	-1	3	-13	5	-8	-8	3	3	5	-19	2	-25	-14	-1	-1	0	0	-3	-7	18	13	13	-9	0	-2	-2	-6	-6	4	-9	-1	1	1	5	-2	-2	-20	-20	5	-4	-10	-4	-4	12	-19	16	-5	-5	4	7	-7	-20	0	13	11	-3	-3	9	-3	-3	4	-3	13	5	5	6	-9	-5	4	-7	-7	12	12	2	-5	-5	-5	-14	-14	13	-15	-15	-4	-4	7	12	-5	1	-2	-22	-17	3	3	-6	-6	6	3	-6	-16	-16	21	21	-4	-4	-20	
-2	6	-13	0	0	-19	-19	7	0	0	6	6	4	-7	-7	-1	-5	-3	2	0	0	-2	-2	-3	6	6	1	1	0	-1	-1	-7	-7	-7	2	-6	1	0	0	1	-7	-7	-7	-3	-3	5	5	5	1	1	1	-2	-5	4	4	-6	-5	2	2	-7	-7	-9	-1	3	6	6	-4	-4	-6	-6	-8	-8	1	1	1	4	-11	-11	6	-3	0	8	8	-4	-4	3	-5	-5	1	1	-2	-2	-6	-6	-3	-3	4	-12	1	-6	-6	0	3	2	-11	-1	-7	-4	2	2	3	3	0	-4	4	0	0	-2	1	-2	-2	-4	-4	-1	-6	-2	-3	-3	4	-4	-1	-4	-4	4	-1	-1	-5	-5	4	-12	3	-4	-4	1	-1	-4	-7	-4	3	4	-1	-1	7	-7	-7	3	-2	3	4	-2	1	-4	3	4	-3	-3	6	6	0	1	1	1	-4	-4	3	-5	-5	-5	-5	2	5	-4	-3	0	-8	-9	1	1	-6	-6	-1	2	-5	0	0	3	3	0	0	-10	
Trial:5
-4	0	0	0	0	-4	2	-7	-7	-6	-6	-2	2	2	2	3	-3	-3	-4	-4	-1	-3	-1	2	2	2	6	4	-5	-6	-6	0	-1	-6	4	4	-4	0	-1	5	5	-13	-13	1	2	-1	-1	-5	-5	0	5	5	-3	-3	-13	2	-4	-4	0	0	0	1	2	-2	-2	0	2	-5	-8	2	2	-3	2	-3	-1	-1	-5	-6	0	8	8	-4	1	-1	-1	-3	-3	-5	1	1	3	-4	-4	5	-6	1	2	2	-1	-1	-2	-2	-3	-3	-2	1	-1	-2	-2	-2	-2	-3	-3	-2	-2	-6	-3	0	0	-2	-2	7	-3	2	-5	-5	2	-2	-10	-10	0	3	-7	-7	13	-7	-7	-2	-2	-11	-2	4	0	-2	-2	0	0	0	-15	-15	3	-13	-4	-4	6	6	-1	-1	3	-1	-1	6	4	0	3	0	-2	0	6	6	1	1	-3	1	1	-4	-4	-3	-1	0	5	5	-5	-1	-8	-2	-3	-3	4	-4	3	5	5	-7	6	2	-1	-10	5	5	
-15	-3	-3	3	3	-5	7	-7	-7	-5	-5	6	2	2	-3	12	-7	-7	-5	-5	4	-2	-9	-2	-2	10	4	8	1	-11	-11	-5	-3	-2	3	3	-3	3	-4	8	8	-8	-8	1	6	-2	-2	-6	-6	-5	3	3	-5	-5	-17	3	3	3	1	1	2	2	-7	15	15	-3	3	-5	-9	-4	-4	3	-2	-5	-2	-2	-11	-2	-3	14	14	-6	-6	0	0	-3	-3	-5	3	-3	-3	-3	-3	1	-8	6	0	0	-6	-1	-1	-1	-6	-6	-3	0	0	0	0	0	0	-2	-2	7	7	-5	-1	-8	-8	-8	-8	10	-7	8	-1	-1	1	-6	-9	-9	-1	1	-12	-12	26	-16	-16	-3	-3	-10	-5	5	1	-4	-4	4	-8	-8	-7	-7	6	-4	5	5	0	0	-3	-3	1	-10	-10	3	5	-5	2	0	-4	-4	10	10	0	0	3	2	2	-11	-11	-5	4	3	-4	-4	2	-5	-19	-1	-2	-2	11	-5	2	6	6	-6	9	1	1	-10	1	1	
-26	-6	-6	-5	-5	-11	4	-3	-3	4	4	6	4	4	-5	12	0	0	1	1	-1	6	-17	-3	-3	11	2	13	5	-15	-15	-3	5	5	5	5	-8	18	-7	12	12	-19	-19	8	18	7	7	-2	-2	-13	14	14	-15	-15	-22	9	-3	-3	4	4	0	1	1	15	15	-8	0	4	-6	-5	-5	8	-25	-10	-3	-3	-9	3	-6	7	7	6	-12	3	3	4	4	23	3	-1	2	-16	-16	-3	-10	9	-10	-10	21	-10	-11	-11	-32	-32	-11	0	10	-4	-4	-11	-11	4	4	11	11	-14	6	-9	-9	-13	-13	10	-13	17	24	24	-4	-16	1	1	-13	-1	-27	-27	63	-43	-43	12	12	-12	-15	2	11	-23	-23	6	-10	-10	-8	-8	5	2	-6	-6	19	19	-1	-1	-4	7	7	-3	11	-25	-1	-1	-5	-3	22	22	-7	-7	5	11	11	-23	-23	-26	8	-4	5	5	12	-3	-12	-9	29	29	5	-7	0	11	11	-24	9	16	-12	-12	-8	-8	
-45	-2	-2	21	21	-9	-12	2	2	15	15	-43	10	10	-30	33	19	19	69	69	7	20	-40	2	2	-6	20	-28	22	-7	-7	-66	40	53	0	0	-63	57	9	114	114	-58	-58	20	62	38	38	-11	-11	-78	-55	-55	-47	-47	-76	-12	-54	-54	51	51	-13	17	-41	57	57	25	-66	115	0	31	31	53	-94	36	-16	-16	-34	8	14	-47	-47	-6	2	55	55	-24	-24	-10	5	-30	1	-18	-18	-9	2	0	-5	-5	36	20	-54	-54	-44	-44	-25	-25	38	-9	-9	79	79	33	33	-41	-41	-3	75	-17	-17	-24	-24	-48	26	2	98	98	-14	-11	3	3	-7	-31	-77	-77	-37	50	50	89	89	-6	30	-51	37	-6	-6	13	29	29	-39	-39	-47	-53	-12	-12	36	36	-3	-3	31	108	108	-56	24	-80	46	-16	-44	5	21	21	3	3	-54	78	78	17	17	-80	-56	25	43	43	9	34	-23	-64	98	98	-76	30	4	3	3	-6	47	17	-118	-23	-4	-4	
65	-33	-33	-22	-22	52	-9	-53	-53	22	22	43	-10	-10	-128	-21	-77	-77	127	127	-15	45	-63	6	6	47	-31	7	-53	-49	-49	-47	66	127	-42	-42	105	-54	82	-20	-20	-114	-114	30	-43	-10	-10	-21	-21	-79	-2	-2	46	46	52	29	89	89	-30	-30	-9	25	53	-11	-11	-62	-89	59	44	50	50	-20	-63	25	-51	-51	24	-112	-16	-65	-65	20	105	-15	-15	0	0	9	99	-40	-49	3	3	-2	17	-41	-107	-107	79	-35	60	60	97	97	-65	70	96	3	3	78	78	-116	-116	29	29	-107	35	-87	-87	29	29	27	11	15	37	37	99	96	46	46	-73	65	-107	-107	69	-70	-70	-23	-23	19	70	63	114	-15	-15	83	-33	-33	-94	-94	-84	88	26	26	-13	-13	59	59	-44	77	77	70	125	-17	-37	8	-97	16	62	62	13	13	-58	42	42	-27	-27	-4	-87	39	117	117	37	105	-85	-21	53	53	-65	-128	16	-38	-38	31	-34	81	-93	22	39	39	
-21	-102	-102	40	40	-58	25	-2	-2	44	44	-22	-64	-64	-3	12	7	7	76	76	-13	-30	-26	21	21	45	69	-76	40	-8	-8	57	23	33	-51	-51	-18	85	-76	-8	-8	-25	-25	13	1	-53	-53	13	13	83	45	45	25	25	-40	16	24	24	-13	-13	-6	13	28	-1	-1	57	-19	-40	-61	25	25	1	1	13	30	30	-39	-98	21	-73	-73	9	33	-28	-28	32	32	-7	64	45	-88	0	0	23	-16	-19	27	27	42	83	-42	-42	9	9	-81	-13	-9	-36	-36	-11	-11	17	17	40	40	-16	48	-1	-1	78	78	-2	106	-18	83	83	-57	-78	-32	-32	45	66	-30	-30	20	-89	-89	-50	-50	63	-53	113	9	26	26	27	-29	-29	-28	-28	24	-18	-51	-51	55	55	-93	-93	86	74	74	-36	23	24	34	-31	19	-33	12	12	18	18	-31	80	80	-13	-13	-16	-15	30	-69	-69	29	-105	-70	40	-25	-25	62	-16	-16	31	31	-36	27	43	-30	-48	59	59	
-1	-11	-11	6	6	-13	15	-18	-18	5	5	-12	-17	-17	0	20	2	2	0	0	-11	-8	-3	-4	-4	10	16	2	-5	-9	-9	2	1	-13	-3	-3	-9	8	2	23	23	-11	-11	-3	-6	6	6	-13	-13	0	0	0	0	0	-15	1	0	0	-6	-6	8	9	14	9	9	-2	7	-25	-12	12	12	5	12	-1	-2	-2	-15	-18	3	15	15	-5	10	1	1	-4	-4	-8	14	0	-5	-3	-3	6	-7	8	15	15	-2	0	-18	-18	-5	-5	-13	8	2	6	6	-2	-2	-4	-4	-23	-23	5	10	-13	-13	0	0	5	-1	-13	-11	-11	0	-19	-30	-30	-1	7	21	21	26	-1	-1	5	5	-6	-2	20	9	3	3	-9	4	4	3	3	-1	-8	4	4	8	8	-5	-5	10	5	5	-6	8	0	1	0	-9	-7	4	4	7	7	-15	6	6	-7	-7	-18	-15	9	-10	-10	0	-14	-19	14	0	0	4	3	-3	14	14	-5	13	10	-5	-12	14	14	
0	-4	-4	2	2	-5	6	-9	-9	0	0	-3	-2	-2	1	11	0	0	-4	-4	-4	-4	-2	-4	-4	1	9	4	-6	-4	-4	0	-1	-5	0	0	-7	1	0	8	8	-8	-8	1	-1	4	4	-7	-7	1	2	2	-3	-3	-13	0	-2	-2	-2	-2	3	5	2	3	3	0	5	-12	-6	5	5	2	2	-4	-1	-1	-8	-5	0	11	11	-4	4	-1	-1	-3	-3	-3	4	-4	0	-6	-6	3	-5	9	2	2	3	-3	-9	-9	-2	-2	-5	3	2	0	0	-3	-3	-3	-3	-12	-12	-1	1	-5	-5	-3	-3	5	-2	-1	-10	-10	2	-4	-13	-13	-2	-1	5	5	10	-6	-6	2	2	-10	-2	5	3	5	5	-11	6	6	1	1	5	-11	15	15	-1	-1	-3	-3	3	1	1	-5	4	-4	4	-1	-1	-2	6	6	2	2	-7	-1	-1	-8	-8	-5	-7	4	-3	-3	-5	-3	-6	4	-1	-1	5	-1	-1	3	3	-7	6	7	-1	-11	3	3	
Trial:6
-5	-2	-6	-6	3	3	0	0	-3	-3	3	3	6	4	-2	6	6	-2	-2	4	-1	-9	-9	4	-4	-2	2	2	-3	6	-7	-7	-1	-1	-4	-4	2	3	3	0	5	-3	2	2	2	0	2	6	-1	-1	1	1	-1	1	1	-5	-1	-1	-7	-4	-4	-5	-5	-2	0	0	-4	-4	7	-2	-4	-4	-4	1	1	4	4	1	1	6	-19	-7	2	2	-3	0	-1	-1	-5	-5	-3	3	-2	1	1	-4	0	-2	-2	-8	-8	-3	0	4	-1	6	-5	-4	27	7	7	7	-4	-9	-7	-3	-3	4	-7	-7	-4	-3	5	-4	-8	-8	2	2	-2	-2	-5	0	0	-8	6	-10	-3	1	1	-8	0	-2	-5	-5	3	3	3	2	2	3	3	0	-4	-2	-2	-3	-3	3	-1	-3	-1	-1	2	2	-3	-3	5	5	1	-15	6	-2	-2	-8	-8	-2	-2	-7	-7	2	-7	0	3	3	-11	0	-2	1	1	0	-2	1	1	3	3	-9	-6	2	-11	-11	
3	2	-8	-8	7	7	-2	2	5	5	5	5	3	-1	0	-6	-6	-6	4	4	4	-7	-7	12	-6	2	8	8	-7	5	-9	-9	-1	-1	-1	6	5	1	1	-5	8	4	-5	-5	-5	-7	3	9	5	5	1	4	-2	7	7	-12	-4	-4	-15	-7	-7	-9	-9	4	3	3	1	1	11	-5	-6	-6	-6	0	0	1	1	-4	-4	1	-24	-12	8	8	1	-1	3	-2	-8	-8	-2	5	0	-10	-10	-4	-1	5	5	-7	-7	-9	-3	7	1	4	-7	1	34	4	4	20	-5	0	2	12	12	-10	-12	-22	-3	-16	0	-1	-5	-5	8	8	-8	-8	11	1	1	-10	7	-11	-2	-6	-6	-7	1	-7	-10	-10	6	6	6	2	2	7	7	-5	-1	-5	2	-2	-2	1	0	0	7	7	6	6	1	1	-7	-7	2	-8	9	-4	-4	-6	-6	-5	-5	-1	-1	2	-8	-6	4	4	-10	-2	-1	-2	-2	4	-12	-1	-1	10	10	-13	-7	4	-12	-12	
5	-1	-16	-16	5	5	-13	10	-2	-2	18	18	-4	12	10	4	4	-2	-3	2	5	-6	-6	25	-11	1	8	8	-7	0	-12	-12	0	0	0	2	11	2	2	-7	5	18	-9	-9	-9	-5	-5	7	12	12	1	2	-18	5	5	-23	-1	-1	-18	-23	-23	-9	-9	2	14	14	-8	-8	27	-14	-11	-11	-11	14	14	-23	-23	-10	-10	3	20	-9	8	8	-16	-6	12	10	-16	-16	-4	3	7	-15	-15	3	0	12	12	-19	-19	-14	9	-2	23	22	-11	5	5	-16	-16	16	-5	-1	-3	5	5	3	-32	0	-7	-3	3	7	-6	-6	6	6	-19	-19	15	3	3	-11	2	-3	-4	-7	-7	-4	6	-9	-5	-5	7	7	4	8	8	10	10	-1	5	-3	8	6	6	-13	-4	9	12	12	21	21	-7	-7	-7	-7	3	10	-4	-3	-3	-13	-13	-8	-8	0	0	19	-22	-4	4	4	-18	-3	8	-10	-10	-10	-17	0	0	-2	-2	-18	-13	16	-11	-11	
41	10	-19	-19	57	57	105	36	15	15	34	34	-29	-4	2	-10	-10	-44	11	-15	-19	5	5	-14	-2	22	56	56	-39	-18	-27	-27	-41	-41	-28	-29	24	20	20	15	9	53	1	1	1	-51	-109	4	-12	-12	22	-25	5	1	1	58	-14	-14	10	-22	-22	-12	-12	-6	83	83	-81	-81	9	-32	-81	-81	-81	-67	-67	51	51	1	1	-22	30	-27	0	0	-68	-13	40	-46	-15	-15	48	-16	0	-19	-19	30	-1	-4	-4	-1	-1	7	-18	-15	43	-24	44	5	8	25	25	-4	-28	-65	4	-39	-39	66	-28	-32	-13	52	-3	67	-6	-6	-12	-12	-92	-92	65	3	3	-22	-30	50	-39	-57	-57	35	18	-11	-8	-8	-16	-16	-22	27	27	-3	-3	-14	-11	-13	88	-6	-6	24	-30	-15	-2	-2	35	35	-22	-22	-30	-30	-3	-11	13	81	81	-17	-17	-40	-40	17	17	-31	6	14	-13	-13	-49	15	25	-72	-72	-18	-24	40	40	7	7	17	-46	-36	13	13	
127	123	37	37	2	2	106	127	66	66	-69	-69	29	-29	-91	-62	-62	38	-37	-12	21	1	1	-11	50	-32	-46	-46	-11	-40	-18	-18	-19	-19	-66	63	11	3	3	48	15	-42	104	104	104	-58	-59	56	47	47	83	-15	30	51	51	-22	48	48	-57	-121	-121	-84	-84	-52	96	96	36	36	-2	20	-43	-43	-43	-70	-70	-23	-23	127	127	-20	48	-79	-64	-64	22	80	-36	-110	11	11	111	-65	-81	31	31	98	23	14	14	-85	-85	-2	-56	58	97	4	15	-116	-38	-18	-18	5	40	-18	67	-128	-128	-17	-70	54	46	65	8	-18	114	114	-87	-87	-123	-123	79	24	24	7	-128	35	33	-105	-105	50	-14	49	-11	-11	-15	-15	65	-16	-16	57	57	-3	-102	-79	-33	31	31	30	34	-55	-59	-59	37	37	15	15	-40	-40	83	48	101	43	43	33	33	-77	-77	25	25	-70	-27	-31	-83	-83	80	-72	-39	-128	-128	62	-63	-32	-32	-89	-89	45	-40	-3	89	89	
-16	25	30	30	2	2	-16	95	10	10	-39	-39	14	-19	-6	112	112	-43	34	-6	-22	-21	-21	-73	22	-13	-46	-46	-11	-42	60	60	30	30	-2	11	28	58	58	-15	56	-20	7	7	7	-19	28	-7	1	1	-70	9	65	66	66	-81	14	14	-13	-46	-46	-20	-20	97	61	61	-21	-21	-14	27	8	8	8	-7	-7	-20	-20	42	42	-119	23	-34	-25	-25	-17	-53	-12	-7	33	33	12	18	-1	-32	-32	-8	-4	-18	-18	0	0	54	17	75	42	-19	-28	21	10	-8	-8	-51	-36	20	5	18	18	-9	35	-7	19	77	50	37	-36	-36	-26	-26	-61	-61	19	-24	-24	0	14	-31	45	3	3	-8	12	-7	-25	-25	18	18	-49	49	49	35	35	72	-63	20	-16	-9	-9	-15	37	10	-43	-43	-12	-12	-18	-18	5	5	-14	3	25	-15	-15	-1	-1	-15	-15	-15	-15	-71	-23	27	22	22	37	-17	-44	-61	-61	-4	2	11	11	46	46	16	-34	13	-20	-20	
1	3	-9	-9	3	3	7	2	2	2	-7	-7	14	0	-11	-1	-1	-4	2	13	1	-2	-2	-2	-9	-7	-7	-7	5	0	-7	-7	4	4	-12	-3	6	10	10	0	13	-13	-5	-5	-5	3	0	15	-3	-3	-3	3	9	9	9	-1	5	5	-25	-1	-1	-12	-12	11	-4	-4	3	3	2	3	-9	-9	-9	4	4	3	3	4	4	-13	-4	-6	7	7	-8	-12	4	3	-1	-1	-7	4	-4	-8	-8	-1	4	2	2	-4	-4	10	-10	2	-2	-5	-3	4	16	-8	-8	4	-5	-1	2	-2	-2	-3	-7	-1	5	10	3	-3	-17	-17	0	0	-6	-6	6	1	1	-5	8	-27	0	8	8	-6	-2	-12	-15	-15	11	11	-4	26	26	9	9	-5	-17	-5	-4	-3	-3	12	6	-1	-7	-7	-2	-2	-2	-2	-3	-3	-8	-1	16	-10	-10	3	3	-6	-6	2	2	-21	-5	7	18	18	-7	1	-13	-11	-11	0	-8	6	6	18	18	-12	-4	2	-23	-23	
-2	1	-5	-5	5	5	0	1	0	0	1	1	2	-2	-5	0	0	-2	-3	7	1	-7	-7	2	-7	-1	-2	-2	1	4	-9	-9	0	0	-6	-3	3	3	3	0	7	-3	-1	-1	-1	1	0	5	0	0	-1	4	0	5	5	1	2	2	-10	-3	-3	-8	-8	1	-2	-2	-2	-2	3	-4	-5	-5	-5	3	3	7	7	-3	-3	-7	-5	-3	2	2	-5	-3	3	0	-5	-5	-5	1	0	0	0	-3	-1	2	2	-7	-7	2	-5	0	-1	2	-3	1	8	9	9	-6	-1	-3	-1	-5	-5	2	-16	-6	3	-2	9	-4	-8	-8	3	3	0	0	0	1	1	-4	2	-13	-4	-1	-1	-8	-1	-1	-11	-11	2	2	-1	11	11	4	4	-6	-6	-2	-3	0	0	3	-2	0	-3	-3	-2	-2	-3	-3	-1	-1	-1	21	34	-1	-1	-5	-5	-16	-16	-17	-17	-6	-11	8	5	5	-8	-3	-6	0	0	0	-3	2	2	5	5	-12	-6	1	-11	-11	
Trial:7
-1	3	-4	-4	6	6	-4	-4	-4	1	1	0	0	1	0	0	-6	-6	3	3	-5	-5	0	0	3	-6	-1	-1	-1	-3	0	0	0	-4	-4	4	0	0	0	0	4	1	-1	-7	-7	-7	-4	-3	-3	1	1	0	-7	-8	8	8	-8	-5	3	-4	0	-1	-5	0	-5	3	3	-9	0	3	6	6	7	-3	-9	-2	-2	4	0	0	-3	-3	-3	8	-5	2	2	-5	-5	3	3	3	-5	-5	-3	-4	-4	1	4	4	4	2	-2	-2	-1	-1	2	2	-5	-5	-5	-10	-10	7	7	-2	-2	2	2	-8	-3	-3	6	6	-3	1	3	3	-7	-7	-6	-10	-3	3	3	-2	-10	3	-7	-7	-7	-2	6	-1	2	2	-4	-1	-4	-8	-8	-2	-2	2	2	-3	-3	4	-2	-5	2	2	2	4	-5	2	-1	-1	1	1	-6	-1	-1	4	4	5	5	-1	-1	-4	-4	1	-4	-4	-4	-4	-9	-6	2	2	1	1	0	-3	-3	-7	-7	-7	-2	-1	
0	3	0	0	7	7	-16	-16	3	-6	-6	8	3	6	2	2	-5	-5	6	6	-3	-8	-2	-2	-1	-4	-6	3	3	3	2	-3	-3	-4	-4	9	-5	-5	-2	-2	6	-4	1	-12	-12	-12	-11	-10	-10	-5	-5	-1	-3	-11	16	16	-6	-4	-5	-4	6	-6	-5	10	-3	4	4	-9	-3	5	6	6	8	-6	-12	-5	-5	2	2	0	-5	-5	-5	2	3	-2	-2	-8	-8	2	2	11	-15	-15	-3	2	2	9	-1	-1	-1	-2	1	1	1	1	-1	-1	-4	-4	0	-15	-15	4	4	-1	-1	2	2	-9	-10	-10	8	8	-4	3	8	8	-8	-8	-4	-12	-1	6	6	-6	-10	-2	-2	-2	-2	2	9	-10	2	2	-1	4	-4	-9	-9	-1	-1	-2	-2	-4	-4	4	4	-3	5	5	5	4	-5	2	1	1	-3	-3	-5	-5	-5	5	5	-2	-2	10	10	0	0	-3	-3	-3	-5	-5	-13	-8	-2	-2	0	0	0	-5	-5	-1	-1	-1	2	-3	
-6	1	9	9	22	22	-26	-26	-4	-4	-4	7	7	-2	10	10	-10	-10	1	1	-9	-18	3	3	13	-6	-2	13	13	8	-5	-9	-9	-20	-20	13	-1	-1	4	4	22	-2	-10	-22	-22	-22	-26	-19	-19	7	7	-26	7	-19	10	10	4	-4	-3	-29	16	-6	-1	20	-1	15	15	-16	-3	5	14	14	11	8	-18	-1	-1	-2	2	-9	-9	-5	-5	2	-4	-19	-19	-8	-8	-10	-10	20	-6	-6	-9	8	8	28	0	0	0	1	-2	-2	2	2	-7	-7	-6	-6	22	-25	-25	-1	-1	-6	-6	-2	-2	-12	-15	-15	8	8	-19	-14	13	13	-14	-14	-3	-9	5	19	19	-10	-15	-11	3	3	3	1	15	-15	0	0	-8	9	5	-15	-15	9	9	-9	-9	0	0	10	2	-6	2	2	2	18	9	-9	-6	-6	8	8	-5	0	0	4	4	8	8	6	6	7	7	-8	-8	-8	-8	-8	-18	-6	7	7	-3	-3	-3	-7	-7	-10	-10	-10	0	-3	
-3	6	-21	-21	81	81	-20	-20	19	16	16	-41	-6	-2	26	26	-58	-58	19	19	-16	-35	-5	-5	20	45	-18	35	35	-30	-83	0	0	-71	-71	4	-16	-16	53	53	70	18	-1	-28	-28	-28	80	35	35	78	78	-40	73	-7	-22	-22	-46	-68	14	89	16	-9	1	28	-92	88	88	-24	43	-117	-26	-26	-82	-50	4	19	19	84	81	-3	-37	-12	-12	45	-1	22	22	-96	-96	-26	-26	-18	-29	-29	12	3	3	22	-22	-22	-22	3	18	18	-53	-53	-29	-29	113	113	41	-10	-10	2	2	28	28	18	18	27	-32	-32	56	56	27	38	-89	-89	104	104	39	60	4	-21	-21	-19	76	19	25	25	25	-21	-33	-41	69	69	40	-44	-90	-35	-35	48	48	-51	-51	-8	-8	-40	-2	-41	-19	49	49	-23	81	-73	26	26	42	42	-15	34	34	66	66	44	44	-113	-113	30	30	-18	-32	-32	17	17	-36	15	16	16	-57	-57	25	-35	-35	37	37	37	25	-65	
-16	-57	-14	-14	-43	-43	22	22	18	-82	-82	-128	-62	77	-5	-5	3	3	-80	-80	3	32	118	118	16	-58	-52	80	80	-48	-90	44	44	30	30	38	-54	-54	-47	-47	16	71	-41	-11	-11	-11	55	-28	-28	59	59	-89	31	-108	-82	-82	5	-52	-95	127	87	-110	71	-53	-7	-16	-16	33	-47	-26	-1	-1	-90	-65	-32	-18	-18	62	44	-111	-46	-17	-17	50	32	5	5	20	20	-75	-75	26	18	18	-23	49	49	-34	-74	-74	-74	-16	-20	-20	33	33	46	46	127	127	-73	80	80	31	31	-58	-58	61	61	65	-1	-1	23	23	-19	-28	-57	-57	119	119	-108	78	11	119	119	-5	121	21	97	97	97	-82	-54	-33	35	35	60	-93	-9	-23	-23	-3	-3	-47	-47	-31	-31	-46	81	42	44	42	42	57	-96	-53	59	59	73	73	16	46	46	-11	-11	-46	-46	-82	-82	6	6	-128	72	72	-30	-30	-110	81	24	24	-86	-86	-44	24	24	101	101	101	-27	50	
-50	-22	-48	-48	-40	-40	9	9	-10	15	15	-62	-26	-46	9	9	47	47	-36	-36	3	39	51	51	13	-18	2	4	4	-87	18	119	119	-76	-76	47	-31	-31	56	56	-6	75	-31	58	58	58	-40	-50	-50	62	62	14	-61	40	-18	-18	-9	68	-23	119	2	6	-51	-65	-18	5	5	-10	8	95	3	3	-19	-31	-64	-20	-20	37	38	112	-5	-49	-49	-88	43	30	30	-70	-70	-37	-37	22	70	70	22	12	12	37	-92	-92	-92	-49	-21	-21	9	9	-19	-19	59	59	22	-80	-80	51	51	8	8	26	26	-13	86	86	34	34	-115	42	2	2	18	18	20	38	-5	-27	-27	-25	46	-4	-9	-9	-9	-24	-22	-19	-22	-22	-29	-22	30	-67	-67	29	29	29	29	-23	-23	19	15	-11	13	90	90	8	13	-87	39	39	-48	-48	23	33	33	27	27	-39	-39	23	23	11	11	114	4	4	-26	-26	-87	-45	69	69	-30	-30	-26	26	26	5	5	5	-109	67	
-7	0	-14	-14	13	13	-4	-4	2	1	1	-20	1	0	2	2	-4	-4	3	3	-3	-24	8	8	1	14	-1	-6	-6	-6	-9	5	5	13	13	8	-3	-3	7	7	0	-4	-4	16	16	16	9	-10	-10	9	9	-3	-19	-19	11	11	-12	3	3	8	1	11	-20	-17	-3	9	9	-11	-9	10	6	6	7	8	-20	-2	-2	5	-5	-9	-1	-22	-22	18	-37	16	16	-7	-7	5	5	-4	-12	-12	-3	12	12	-13	8	8	8	12	-4	-4	-16	-16	2	2	7	7	2	-27	-27	10	10	8	8	14	14	-22	-7	-7	21	21	-5	12	-5	-5	-11	-11	-7	-15	5	-4	-4	-4	-6	5	0	0	0	-4	-1	-3	-4	-4	4	-2	-9	-33	-33	-10	-10	9	9	8	8	2	2	-10	0	21	21	-4	-1	0	2	2	0	0	-9	-4	-4	13	13	-12	-12	-2	-2	-3	-3	8	0	0	-5	-5	-8	-12	12	12	3	3	2	-9	-9	2	2	2	-12	6	
-2	0	-6	-6	7	7	-4	-4	-3	1	1	-3	-1	4	-1	-1	-3	-3	1	1	1	-8	3	3	-2	4	-4	-1	-1	-2	-1	0	0	3	3	5	0	0	-1	-1	1	-1	-2	-1	-1	-1	-1	-4	-4	2	2	2	-7	-11	3	3	-7	1	5	3	-7	3	-8	-4	0	5	5	-11	-3	8	4	4	4	3	-13	-1	-1	4	-3	-6	0	-8	-8	8	-12	4	4	-8	-8	-2	-2	2	-6	-6	-4	2	2	0	3	3	3	6	-3	-3	-5	-5	1	1	-1	-1	-1	-13	-13	7	7	-3	-3	3	3	-10	-3	-3	7	7	1	0	-1	-1	-7	-7	-7	-8	1	2	2	-2	-7	0	-1	-1	-1	1	3	-3	2	2	0	1	-8	-12	-12	-3	-3	3	3	0	0	0	-2	-5	-1	8	8	2	-1	0	-1	-1	0	0	-9	0	0	7	7	-3	-3	-2	-2	-3	-3	0	2	2	-4	-4	-3	-4	1	1	1	1	0	-5	-5	-4	-4	-4	-2	-1	
Trial:8
0	-5	-5	-5	-1	-8	-13	-13	7	-9	1	-4	1	-8	-8	8	8	0	0	-3	2	-4	-4	6	1	9	-5	-5	-1	-1	-1	6	-7	-3	-3	-2	-1	3	3	6	6	2	-2	3	-2	-2	-5	-6	-1	-1	6	6	3	-3	-5	2	-8	-4	-4	1	1	-2	-4	-4	-8	-8	10	10	-6	-6	7	2	7	-3	-3	-12	-2	-1	4	4	-8	-3	-1	-1	2	2	-1	4	3	2	2	-5	-4	-3	-3	2	2	0	0	0	9	9	2	0	-2	-10	-10	5	-2	-2	-2	-10	1	-9	-5	-5	-4	-4	1	-7	-11	7	7	4	4	-3	3	3	0	0	4	2	2	-1	-1	-2	-1	-6	-6	-1	-1	-5	-7	2	2	3	3	-6	-6	-6	0	0	-1	-1	0	0	3	3	1	3	3	-3	-3	-6	-6	-3	-3	-1	-1	-4	17	17	-2	-2	-2	-6	0	0	-8	-8	-6	-3	-3	-3	-3	-3	-3	2	2	8	8	0	1	1	-1	-1	-1	-6	3	0	
17	-11	-11	-7	9	-11	-16	-16	12	-11	1	-1	8	-5	0	8	8	-6	-6	4	-1	-4	-4	5	5	-6	-6	-6	-1	-1	-6	8	-10	3	3	-9	-5	-9	-9	22	22	-3	3	8	4	4	-9	-8	-3	-3	15	15	2	4	-7	-3	-9	5	5	9	9	-4	-12	-12	-7	-7	2	2	-6	-6	2	0	8	-1	-1	-11	-7	3	3	3	-13	4	-2	-2	9	9	-4	7	6	7	7	-9	3	-4	-4	-9	-1	-2	-3	-3	5	5	11	0	-5	-15	-15	3	-11	6	6	-4	0	-9	-1	-1	-9	-9	-4	-5	-9	13	13	2	2	-1	0	0	-4	-4	1	4	4	-1	-1	-2	2	-5	-5	-2	-2	-9	-7	3	3	13	13	-12	-8	-8	0	0	-2	-2	-2	-2	2	2	3	4	4	-3	-3	-6	-6	-5	-5	2	2	-6	14	14	-1	-1	-1	3	-2	-2	-23	-23	-4	-6	-6	2	2	2	-3	2	2	10	10	-6	2	2	-6	-6	-6	-3	8	0	
11	-35	-35	-11	-27	-12	-8	-8	11	-33	-2	34	1	-23	14	10	10	-26	-26	16	-12	-15	-15	12	10	5	-9	-9	-9	-9	-2	22	-10	-10	-10	3	-20	0	0	57	57	-15	3	5	-1	-1	-22	-8	-30	-30	30	30	-6	18	-19	-6	-8	5	5	52	52	0	-18	-18	-12	-12	2	2	-34	-34	-3	-1	23	-3	-3	-1	-11	5	22	22	-25	23	-12	-12	13	13	-16	2	4	7	7	-9	1	-2	-2	11	-10	-9	1	1	17	17	11	-1	-5	-24	-24	15	-8	11	11	0	9	-20	-8	-8	-18	-18	-9	8	-7	10	10	10	10	-4	-5	-5	-10	-10	11	11	11	0	0	-7	-14	-11	-11	17	17	-9	-5	12	12	19	19	-13	-15	-15	-5	-5	1	1	-6	-6	9	9	-21	12	12	4	4	-3	-3	-23	-23	7	7	-13	9	9	12	12	12	-3	-13	-13	-26	-26	2	-10	-10	10	10	10	-5	8	8	31	31	-9	-5	-5	-1	-1	-1	-2	20	3	
-128	-52	-52	59	20	-6	-5	-5	8	-16	-29	67	62	-19	-45	-57	-57	-22	-22	114	-19	16	16	8	96	1	20	20	-79	-79	-34	-62	9	-66	-66	78	41	23	23	-57	-57	61	-94	7	-7	-7	-31	-1	2	2	77	77	-79	32	-48	37	-55	20	20	74	74	-63	13	13	-4	-4	98	98	-76	-76	-100	-25	73	-25	-25	50	-54	30	-49	-49	-54	31	14	14	23	23	24	-10	-35	117	117	-10	45	11	11	-66	-18	65	-45	-45	5	5	20	-28	-72	32	32	117	33	-61	-61	14	-91	-65	-19	-19	5	5	1	43	53	-5	-5	27	27	-68	-40	-40	39	39	28	37	37	0	0	-9	-4	-61	-61	-35	-35	21	2	46	46	-10	-10	-21	7	7	27	27	-12	-12	4	4	-16	-16	-45	49	49	56	56	20	20	-46	-46	51	51	-73	-72	-72	-7	-7	-7	37	-17	-17	-39	-39	7	-45	-45	24	24	24	-18	-8	-8	101	101	-16	60	60	55	55	55	-31	29	-3	
84	-7	-7	30	21	-59	102	102	4	127	-109	-83	32	-14	77	39	39	-128	-128	-36	-77	103	103	-41	110	97	-16	-16	-69	-69	-35	-13	29	-100	-100	89	75	72	72	-13	-13	77	-45	-33	-5	-5	83	54	6	6	10	10	-47	55	-89	27	-106	-38	-38	-36	-36	41	-6	-6	79	79	15	15	58	58	-72	-53	-45	-69	-69	127	-87	102	-15	-15	-36	23	82	82	-48	-48	-16	1	-77	-4	-4	10	89	-18	-18	-97	52	69	-29	-29	-10	-10	89	83	127	-83	-83	-60	-14	-57	-57	-28	-19	40	10	10	-63	-63	50	23	127	-16	-16	-12	-12	14	-67	-67	80	80	-27	47	47	-3	-3	23	-44	-30	-30	-37	-37	76	44	19	19	-5	-5	17	27	27	-45	-45	-35	-35	-43	-43	-28	-28	-34	3	3	-13	-13	23	23	-61	-61	127	127	-62	-68	-68	75	75	75	30	45	45	103	103	-15	-57	-57	-98	-98	-98	-24	2	2	76	76	118	-77	-77	0	0	0	76	56	12	
34	-37	-37	-24	7	60	-5	-5	68	-101	-55	-33	-2	-47	127	55	55	-36	-36	77	-20	31	31	7	-19	-50	-6	-6	22	22	-5	10	-78	-68	-68	-22	11	-14	-14	19	19	0	-28	27	29	29	79	-41	-31	-31	-64	-64	-58	-59	-3	127	-14	57	57	79	79	35	-12	-12	1	1	9	9	-100	-100	115	57	-53	-36	-36	-44	-44	15	9	9	16	-6	-13	-13	32	32	15	-127	-55	-38	-38	50	62	16	16	-9	-2	43	52	52	-4	-4	-49	15	58	58	58	15	47	-34	-34	-103	34	-37	-47	-47	49	49	52	-16	-52	101	101	49	49	0	-22	-22	-7	-7	-75	-7	-7	25	25	-64	-4	6	6	-60	-60	45	32	13	13	45	45	1	28	28	-102	-102	32	32	-73	-73	46	46	-1	33	33	-47	-47	45	45	50	50	83	83	-74	42	42	96	96	96	-85	12	12	18	18	31	-87	-87	17	17	17	-94	11	11	24	24	-5	16	16	27	27	27	7	-42	43	
18	-3	-3	-21	-11	-9	-23	-23	28	-23	3	0	-2	-3	-30	21	21	-6	-6	11	-5	13	13	16	10	-8	-4	-4	-14	-14	10	-3	-12	4	4	-10	14	2	2	9	9	-12	1	16	-5	-5	-7	4	7	7	21	21	-4	-24	4	1	-29	-9	-9	16	16	2	-12	-12	-6	-6	20	20	-17	-17	-2	6	5	-3	-3	-15	-10	1	4	4	2	-19	-3	-3	5	5	3	8	-5	-3	-3	2	-4	-10	-10	-11	11	12	5	5	14	14	17	4	-15	-20	-20	16	0	8	8	-20	-1	-20	-8	-8	-13	-13	-5	-5	-10	32	32	-2	-2	-3	-2	-2	3	3	-1	7	7	4	4	2	-8	-4	-4	-21	-21	2	-5	8	8	4	4	4	3	3	-13	-13	3	3	-2	-2	11	11	-8	9	9	-8	-8	3	3	-6	-6	0	0	6	30	30	-2	-2	-2	-17	-2	-2	-34	-34	-16	-15	-15	10	10	10	-5	8	8	6	6	-9	7	7	4	4	4	-6	-6	5	
5	-1	-1	-7	-5	-11	-15	-15	12	-9	3	-1	-1	-5	-11	8	8	-8	-8	2	-4	2	2	6	6	-7	-2	-2	-1	-1	8	1	-8	2	2	-6	2	0	0	4	4	1	-1	5	-5	-5	-6	2	2	2	9	9	0	-7	0	1	-13	-8	-8	4	4	0	-4	-4	-5	-5	9	9	-7	-7	1	2	4	-1	-1	-12	-2	-1	2	2	-1	-8	0	0	3	3	-1	4	-1	1	1	-3	-6	-4	-4	-3	6	1	-2	-2	9	9	4	4	-4	-14	-14	7	-3	3	3	-10	-2	-7	-2	-2	-10	-10	-4	0	-3	12	12	-3	-3	-2	-2	-2	3	3	1	6	6	3	3	1	-8	-4	-4	-4	-4	-2	-7	3	3	2	2	2	-3	-3	-3	-3	-1	-1	0	0	3	3	-2	3	3	-3	-3	-3	-3	-1	-1	-1	-1	1	13	13	1	1	1	-4	0	0	-21	-21	-7	-5	-5	4	4	4	-2	6	6	3	3	-4	0	0	1	1	1	-8	0	1	
Trial:9
-2	-2	1	1	0	-4	-4	-4	-4	-3	3	6	-1	-1	-1	-3	0	0	2	2	2	-5	-5	-3	-3	3	3	1	-6	-6	-4	-4	0	-3	-3	-6	-3	3	4	-1	-1	4	4	1	0	0	1	1	1	-1	-2	-2	6	6	-4	-4	-3	-3	-3	-3	-6	-2	-2	2	2	2	-10	-10	0	0	-2	6	0	0	-1	-1	6	-1	-1	-3	-3	-3	-3	1	1	-1	-1	-8	0	0	-4	-4	-3	-1	-1	-1	-1	3	3	0	0	1	1	-1	-3	-2	0	0	-5	3	-2	-2	-3	-3	3	1	2	0	0	-8	-8	0	0	-10	-10	-3	-3	5	-1	-1	-2	-4	2	-5	-2	-2	3	3	0	4	4	0	0	3	3	1	1	-6	-6	-1	-6	-6	-9	-9	1	8	8	8	-5	-5	-1	-1	-1	-2	-2	-2	2	1	0	0	-3	1	5	5	-5	-5	-3	-5	3	-7	-7	-1	-1	-3	-3	3	3	0	-3	0	0	0	-3	1	0	0	-5	-5	3	-3	
-5	-5	-6	-6	1	-3	-3	-1	-1	-6	2	13	-5	-5	2	2	-7	-7	1	1	1	-7	-7	-2	-2	5	5	-2	-2	-2	-6	-6	10	-6	-6	-8	4	14	-1	-10	-10	11	11	0	-5	-5	0	0	0	4	-5	-5	6	6	-3	-3	-7	-7	1	1	-10	-1	-1	0	0	4	-16	-16	8	8	4	9	5	5	-1	-1	4	-3	-3	-5	-5	-4	-4	3	3	-1	-1	-11	-1	-1	-3	-3	0	6	6	-7	-7	5	5	-8	-4	4	4	-2	-2	-9	2	2	-2	5	-3	-3	-4	-4	4	3	-5	4	4	-2	-5	8	8	-11	-11	-7	-10	0	-3	-3	-6	-2	-2	1	-1	-1	14	14	11	0	0	4	4	-5	-5	-2	-2	-10	-10	2	-6	-6	-2	-2	-3	2	2	2	-5	-5	-8	1	1	-7	-7	0	9	-5	7	7	-2	6	10	10	-5	-5	-2	-6	-2	-8	-8	9	9	-13	-13	-3	-3	2	-1	-6	3	3	-3	3	7	7	-7	-7	9	-3	
12	12	-22	-22	-9	10	10	11	11	-9	7	25	-21	-21	2	2	-24	-24	5	5	5	-1	-1	0	0	17	17	-7	-10	-10	-19	-19	10	-11	-11	-16	1	35	-5	-4	-4	16	16	6	5	5	-14	-14	-14	15	6	6	7	7	0	0	-10	-10	4	4	-9	-1	-1	9	9	10	-25	-25	7	7	-8	19	-8	-8	0	0	2	-10	-10	-15	-15	-10	-10	3	3	3	3	-8	4	4	5	5	-1	-4	-4	-12	-12	8	8	-17	-7	15	15	-10	0	8	1	1	-6	0	-13	-13	-4	-4	-4	10	-14	10	10	5	-5	4	4	-8	-8	-12	-13	-10	17	17	-6	3	-12	-8	12	12	21	21	17	4	4	14	14	-5	-5	-4	-4	-22	-22	-4	-9	-9	-3	-3	-6	7	7	7	4	4	-5	12	12	-9	-9	-5	4	4	2	2	-10	-17	21	21	-12	-12	6	-12	1	-16	-16	11	11	-19	-19	-12	-12	-15	4	-2	0	0	-5	18	33	33	-12	-12	3	-7	
79	79	-31	-31	-101	-24	-24	32	32	81	49	-31	-7	-7	-33	-25	2	2	-2	-2	-2	102	102	-3	-3	10	10	-7	9	9	-19	-19	26	-38	-38	-18	-52	-10	-46	103	103	-3	-3	-40	-24	-24	-23	-23	-23	107	-29	-29	8	8	23	23	0	0	-19	-19	-1	-59	-59	13	13	33	-12	-12	-75	-75	1	82	-97	-97	-8	-8	8	12	12	12	12	14	14	-44	-44	57	57	70	12	12	-61	-61	-12	49	49	-26	-26	22	22	-2	1	-66	-66	21	-67	53	60	60	-17	34	3	3	-29	-29	-39	34	-82	-4	-4	11	-102	18	18	26	26	28	-35	-18	46	46	-21	39	-44	23	52	52	-20	-20	31	-35	-35	-13	-13	18	18	18	18	-5	-5	-12	-38	-38	23	23	-49	55	55	55	-27	-27	25	19	19	15	15	-33	14	17	-87	-87	9	-40	-42	-42	17	17	32	22	73	-27	-27	37	37	-34	-34	-50	-50	18	104	41	-40	-40	-19	73	108	108	-85	-85	-32	11	
-20	-20	63	63	-53	18	18	49	49	33	68	3	-33	-33	115	-33	-55	-55	-13	-13	-13	89	89	-15	-15	34	34	-45	-40	-40	3	3	-7	-44	-44	-47	-28	65	40	50	50	16	16	-28	93	93	-90	-90	-90	20	23	23	43	43	-38	-38	-19	-19	11	11	-80	33	33	-10	-10	95	-33	-33	48	48	-78	-25	19	19	53	53	-78	-24	-24	83	83	97	97	-19	-19	-41	-41	88	26	26	-76	-76	-99	87	87	29	29	-13	-13	63	43	-75	-75	15	-33	-40	-1	-1	14	69	20	20	21	21	3	57	-106	-74	-74	40	7	-9	-9	-64	-64	48	43	57	-86	-86	46	51	32	15	-86	-86	-16	-16	94	105	105	-21	-21	-113	-113	49	49	13	13	121	-115	-115	-48	-48	-17	61	61	61	-40	-40	-29	35	35	127	127	-44	-17	105	1	1	17	-41	-17	-17	-3	-3	19	-15	-77	-35	-35	-85	-85	62	62	-78	-78	39	119	-49	81	81	-25	45	18	18	-56	-56	9	-40	
-60	-60	57	57	19	93	93	3	3	-12	9	-43	21	21	17	-11	9	9	0	0	0	33	33	-18	-18	26	26	-9	-11	-11	11	11	-18	13	13	19	0	-14	-1	18	18	-21	-21	-15	-11	-11	1	1	1	13	3	3	23	23	34	34	20	20	-11	-11	-73	-5	-5	-11	-11	26	22	22	9	9	-36	-10	-33	-33	-15	-15	3	24	24	20	20	-17	-17	23	23	35	35	19	41	41	-10	-10	-12	-4	-4	-39	-39	-39	-39	-34	-11	-40	-40	22	-16	-5	13	13	6	-39	0	0	-30	-30	-15	15	3	-18	-18	49	-7	18	18	-67	-67	60	-12	14	9	9	14	57	-14	19	3	3	-22	-22	22	-27	-27	36	36	7	7	-5	-5	-24	-24	-26	-1	-1	-24	-24	7	-21	-21	-21	25	25	-19	26	26	-42	-42	1	11	0	4	4	19	-12	5	5	9	9	4	-100	9	-16	-16	-12	-12	17	17	-15	-15	18	3	5	-7	-7	-13	1	15	15	30	30	11	-15	
-15	-15	11	11	-4	-3	-3	4	4	5	3	-15	6	6	-6	-8	7	7	-1	-1	-1	-6	-6	5	5	-2	-2	6	-2	-2	-9	-9	3	1	1	5	2	3	0	7	7	7	7	-4	-13	-13	6	6	6	-6	-3	-3	6	6	-2	-2	0	0	-4	-4	-13	-1	-1	0	0	10	-13	-13	5	5	-5	7	-2	-2	-1	-1	-4	-1	-1	1	1	0	0	8	8	0	0	2	-2	-2	-12	-12	-1	0	0	3	3	-4	-4	-12	2	7	7	0	-3	4	-3	-3	-3	-6	0	0	-3	-3	2	4	1	-3	-3	3	-5	-7	-7	-4	-4	-8	3	-3	-10	-10	6	-1	2	-4	0	0	-1	-1	-1	-12	-12	6	6	0	0	1	1	-6	-6	5	5	5	-9	-9	4	-1	-1	-1	1	1	-13	6	6	-7	-7	6	15	-2	1	1	5	4	9	9	-8	-8	-7	-6	0	-3	-3	1	1	-1	-1	4	4	1	0	-7	-1	-1	-7	-2	-2	-2	6	6	7	-2	
-7	-7	3	3	-2	-8	-8	0	0	1	2	-3	1	1	-5	-3	1	1	1	1	1	-3	-3	1	1	-1	-1	3	-2	-2	-3	-3	2	-2	-2	1	0	2	0	0	0	2	2	-1	-4	-4	3	3	3	-4	-2	-2	4	4	0	0	-2	-2	-2	-2	-5	-2	-2	-2	-2	6	-11	-11	2	2	-4	5	-2	-2	1	1	-1	1	1	-1	-1	-3	-3	3	3	-2	-2	-1	-1	-1	-6	-6	-2	0	0	1	1	-2	-2	-6	-2	5	5	-1	1	0	-1	-1	-3	1	-2	-2	-2	-2	1	1	1	1	1	3	-4	-4	-4	-5	-5	-5	5	-3	-6	-6	2	-3	-1	-5	1	1	-1	-1	1	-2	-2	2	2	0	0	0	0	-4	-4	1	3	3	-4	-4	1	3	3	3	-1	-1	-7	0	0	-3	-3	0	5	0	1	1	0	0	6	6	-5	-5	-4	-3	-2	-3	-3	0	0	-2	-2	3	3	-2	1	-3	-2	-2	-5	1	1	1	0	0	4	-2	
Trial:10
3	3	6	-6	-6	-3	-3	-2	-2	-4	-4	-11	-11	5	-1	9	2	2	-1	-1	1	1	-4	-4	4	0	0	-2	-2	-2	-4	3	-6	-6	3	-3	2	9	9	9	-11	-11	-4	-15	-15	-2	-2	2	2	2	-7	-7	1	1	2	2	-2	-2	-1	-7	-2	5	0	4	2	-7	-1	-1	-2	1	-3	3	4	4	-9	-2	0	0	0	0	2	-1	0	-2	-2	2	-4	-1	-1	-6	-6	-2	2	-3	6	6	1	2	1	-3	-5	-3	4	3	-5	-5	-5	-8	0	1	1	0	3	4	-3	1	4	4	-1	-5	-4	-1	-6	-6	1	-6	-1	-4	-4	-2	-2	4	2	2	-7	-7	0	3	-1	-1	2	2	-3	-4	-1	-3	-3	3	3	-2	-2	-1	-1	-5	2	-3	0	0	2	2	-2	-2	-7	-7	-4	-1	0	6	6	3	3	-3	-3	-4	-4	1	2	-5	2	2	3	-2	-5	0	2	-4	-1	3	-3	4	4	-1	-1	3	3	-2	-2	-4	2	-2	
-1	-1	3	-10	-10	-4	-4	-3	-3	0	0	-7	-7	-1	-5	9	3	3	1	1	-1	-1	-4	-4	2	2	-2	1	1	0	-1	0	-5	-5	1	2	8	-8	-8	-8	-3	-3	-1	-5	-5	9	9	-3	0	0	0	0	3	3	-4	-4	2	2	-6	-3	-2	4	-1	-5	-7	-12	-6	-6	5	5	-7	-1	0	0	-7	7	1	1	2	2	9	-6	3	0	0	-1	-3	0	0	-12	-12	-4	1	1	8	8	-5	-2	-3	6	-7	-2	3	3	-8	0	0	-6	-4	1	1	-1	6	0	-1	1	0	0	2	-4	-8	1	3	3	2	-12	-1	-4	-4	0	0	1	-4	-4	-7	-7	2	1	-1	-7	1	1	-11	-4	4	-5	-5	6	6	-1	-1	2	2	-7	0	-7	2	2	4	4	2	2	-6	-6	2	-1	-3	8	8	-1	-1	-12	-12	2	2	-2	6	-6	7	7	2	5	-7	-4	2	-11	-3	-3	-4	12	12	0	0	7	7	-3	-3	-4	1	-1	
-1	-1	12	7	7	-15	-15	-13	-13	-7	-7	-17	-17	2	-15	21	-7	-7	5	5	21	21	-10	-10	12	-6	16	0	0	-6	-6	-5	-1	-1	-1	-3	2	-6	-6	-6	-9	-9	-7	-15	-15	41	41	-14	-2	-2	13	13	-7	-7	-15	-15	11	11	-6	-1	17	19	0	3	-23	-14	-24	-24	3	7	-5	-9	2	2	-11	3	-11	-11	-4	-4	7	-16	10	10	10	-2	3	3	3	-13	-13	-2	-12	8	18	18	-9	-7	-1	21	-14	-3	-16	-3	-9	-6	-6	-19	-7	3	3	11	16	-14	-5	6	-1	-1	7	-4	9	5	9	9	13	-19	-7	1	1	3	3	-6	1	1	8	8	-9	-6	-7	-9	-1	-1	-4	-10	5	-6	-6	1	1	-12	-12	3	3	-15	10	-6	5	5	6	6	-3	-3	-6	-6	17	12	7	7	7	0	0	-12	-12	8	8	-14	5	-21	2	2	7	26	-19	-9	5	-13	-4	-3	4	21	21	0	-5	-4	-4	-7	-7	1	-1	17	
6	6	-69	0	0	-61	-61	5	5	7	7	4	4	-17	82	26	8	8	8	8	-28	-28	11	11	40	10	-112	33	33	9	-63	22	8	8	-19	23	50	11	11	11	-1	-1	-45	58	58	-62	-62	-8	24	24	15	15	-24	-24	22	22	32	32	-6	-51	21	8	36	-96	-59	25	17	17	-35	41	22	-41	-88	-88	29	-14	-69	-69	55	55	-28	-14	27	41	41	49	-49	-6	-6	-24	-24	3	-16	22	-40	-40	-25	-6	-26	127	5	-39	-26	-58	-28	-84	-84	-44	8	26	26	73	-2	-48	-38	18	41	41	34	42	-9	23	31	31	0	44	2	-14	-14	16	16	15	-26	-26	19	19	-28	-1	2	-30	-7	-7	-12	-2	74	-7	-7	-43	-43	-61	-61	17	17	-50	-2	30	-41	-41	50	50	-44	-44	16	16	20	-21	-39	-6	-6	69	69	-41	-41	25	25	0	28	-114	29	29	57	74	-53	-19	-70	-9	11	-19	4	27	27	56	-5	18	18	26	26	7	-17	18	
-100	-100	-43	6	6	-22	-22	75	75	51	51	25	25	-62	81	-19	20	20	-100	-100	-66	-66	5	5	111	103	-55	45	45	3	-115	58	50	50	11	90	-7	-41	-41	-41	-35	-35	-47	74	74	83	83	-46	52	52	-46	-46	-103	-103	6	6	58	58	82	-45	-20	-102	63	-51	-6	-12	4	4	69	105	19	-100	70	70	50	26	-65	-65	-1	-1	-102	-42	-64	5	5	127	31	-10	-10	47	47	-39	-52	50	96	96	24	-52	-7	15	-128	-65	-113	-80	-77	-56	-56	-49	34	56	56	-20	-48	-34	-75	5	23	23	102	-65	6	12	-34	-34	127	39	-29	-28	-28	-95	-95	4	46	46	-8	-8	70	-19	15	-9	41	41	-48	120	119	-75	-75	-26	-26	-44	-44	7	7	-76	-5	81	-29	-29	28	28	40	40	-37	-37	21	-98	24	-82	-82	35	35	-20	-20	10	10	101	-78	-81	-47	-47	-14	-11	-41	92	-17	87	105	-59	27	-94	-94	40	72	-67	-67	110	110	-76	28	8	
-24	-24	14	9	9	-105	-105	82	82	-14	-14	-10	-10	70	-69	60	-42	-42	-26	-26	-58	-58	-31	-31	16	-5	18	18	18	43	-13	-20	-62	-62	29	22	30	-8	-8	-8	-40	-40	-13	-38	-38	-9	-9	40	19	19	61	61	-42	-42	-19	-19	-20	-20	-37	-39	16	-19	9	76	31	-70	-52	-52	-17	3	-39	14	1	1	2	0	18	18	-15	-15	-8	-59	22	12	12	45	-9	-8	-8	-14	-14	-37	21	15	2	2	0	6	40	4	-48	-27	-79	-61	-6	9	9	6	-2	-19	-19	6	-84	11	-23	1	-3	-3	9	-35	3	1	-22	-22	46	37	26	-35	-35	-38	-38	7	-7	-7	7	7	9	-12	-18	21	29	29	24	10	-23	-3	-3	18	18	-20	-20	-9	-9	-68	-7	31	2	2	-23	-23	-17	-17	86	86	10	-27	40	-34	-34	-5	-5	-16	-16	26	26	0	6	-22	47	47	24	-27	30	0	-87	8	-75	93	-91	26	26	14	48	72	72	42	42	-52	13	-43	
12	12	2	-4	-4	-2	-2	-4	-4	-8	-8	0	0	-6	-5	33	2	2	-10	-10	-8	-8	-2	-2	8	2	-10	4	4	-4	-13	-4	-16	-16	13	-3	6	3	3	3	-16	-16	5	-2	-2	-13	-13	-1	9	9	13	13	-8	-8	11	11	-14	-14	-14	-8	16	2	2	5	10	-13	-7	-7	-2	-2	-21	0	2	2	-17	4	4	4	1	1	0	-5	9	6	6	8	-3	-5	-5	-13	-13	-26	8	4	9	9	4	0	0	3	5	-18	6	1	-24	-11	-11	-2	7	-14	-14	-8	-4	13	-15	11	6	6	14	-12	4	5	-18	-18	0	4	3	-16	-16	8	8	1	-9	-9	-8	-8	-8	8	0	4	12	12	6	-10	-3	3	3	16	16	1	1	-6	-6	-18	-6	-1	-4	-4	9	9	-8	-8	-2	-2	-5	-15	3	-1	-1	-2	-2	-5	-5	1	1	2	5	-9	-6	-6	-1	-5	-6	0	-12	-7	15	13	-1	19	19	2	-7	20	20	10	10	-14	9	-19	
32	32	33	-2	-2	2	2	-1	-1	-4	-4	-5	-5	-3	0	13	6	6	-2	-2	10	10	-6	-6	4	1	-2	-2	-2	-6	-5	-3	-7	-7	10	3	3	51	51	51	-64	-64	12	26	26	-27	-27	-8	-9	-9	-11	-11	-3	-3	8	8	5	5	1	2	-11	10	-2	1	-6	-1	0	0	0	0	-5	3	2	2	-7	1	0	0	1	1	-4	2	0	0	0	1	-2	-2	-2	-7	-7	-7	4	-1	7	7	-1	0	0	-1	-2	-4	8	0	-11	-5	-5	-6	3	-3	-3	-2	0	4	-10	5	0	0	3	-7	-1	1	-5	-5	-1	-5	-1	-5	-5	3	3	2	-4	-4	-3	-3	-7	2	0	-6	4	4	-3	-6	2	-2	-2	4	4	-3	-3	1	1	-9	1	2	0	0	3	3	-6	-6	-7	-7	0	-7	2	0	0	4	4	-4	-4	2	2	0	2	-5	0	0	-2	-5	1	-2	-5	-3	6	4	-3	2	2	3	1	8	8	1	1	-5	4	-6	
Trial:11
3	3	-1	-1	-3	0	4	3	3	-2	-5	5	5	-6	-6	-4	-1	-4	8	-5	-10	5	4	-9	-9	2	-12	18	18	-9	-9	5	-1	-10	1	1	-1	0	7	7	-10	-10	-3	-13	4	-2	-2	-3	-3	0	-4	-4	5	5	-7	-7	3	3	-5	-5	4	4	4	3	3	-9	-9	0	0	-1	-1	-18	1	-2	4	4	0	-2	1	2	2	2	5	-3	-3	2	2	-6	-8	7	-3	-3	0	0	-3	-3	-1	-1	-6	2	2	4	4	4	-1	-2	-4	-4	-2	-2	-1	-1	0	0	-2	-7	-2	-2	-2	5	-2	-6	0	0	2	-1	0	0	-1	0	-2	-1	3	2	2	-1	-1	-7	-4	-4	-4	1	-2	-2	-6	-1	2	-3	0	3	3	-3	-3	2	-4	-2	-5	-5	0	-3	0	2	2	2	-2	-7	-7	-7	1	-3	-5	-2	4	-1	0	-2	-2	3	2	2	-3	3	-1	2	2	2	-3	-3	-7	2	2	3	-4	-6	-8	-8	-1	-3	-1	1	
-2	-2	-3	-3	-1	6	1	7	7	-7	-8	7	7	-4	-4	-3	-7	-9	9	-4	-7	10	5	-9	-9	1	-15	23	23	-10	-10	4	-4	-18	4	4	-15	-4	8	8	-1	-1	-2	-20	11	-8	-8	-5	-5	-1	-4	-4	-3	-3	-9	-9	0	0	-1	-1	15	4	4	1	1	-4	-4	-2	-2	0	0	-17	-4	-13	2	2	3	3	6	-1	8	8	-3	0	0	2	2	-9	-5	5	-5	-5	-8	-8	-4	-4	9	-3	-5	1	1	9	9	3	-2	-4	0	0	-4	-4	0	0	1	1	-3	-11	-6	2	2	3	-2	-4	9	9	3	-5	2	2	-5	-2	-4	-1	0	7	7	-11	-11	-13	-5	-5	-5	3	0	4	-4	-3	2	-5	-9	7	7	-10	-10	1	0	-1	-2	-2	4	0	4	2	2	2	-4	-6	-6	-6	-3	-4	-12	-3	-1	-3	1	-3	7	9	1	1	-9	3	-3	4	4	4	-8	-8	-10	-4	-4	11	-8	2	-8	-8	-4	4	-2	4	
-11	-11	-6	-6	3	-3	37	11	11	-11	-20	19	19	-17	-17	-20	-7	-16	15	10	-21	18	-9	-26	-26	4	-50	91	91	-25	-25	26	25	-30	20	20	-28	-17	-5	-5	-22	-22	3	-14	37	-27	-27	-12	-12	-3	-20	-20	-4	-4	-20	-20	7	7	-5	-5	38	17	17	-2	-2	-10	-10	-11	-11	5	5	-46	-18	-13	20	20	-9	1	20	0	11	11	5	-2	-2	-7	-7	-8	6	10	-3	-3	-31	-31	0	0	7	-6	-5	-4	-4	17	17	9	11	5	17	17	-16	-16	1	1	-9	-9	-3	-14	15	7	7	-2	-10	-3	10	10	10	-13	3	3	-14	-7	-23	-11	10	0	0	-24	-24	-10	-7	-7	-7	13	14	12	-7	-11	7	-6	6	14	14	-4	-4	-5	11	1	-4	-4	4	5	11	-8	-8	-8	-8	-9	-9	-9	-8	2	-10	-9	11	-9	1	-5	-5	18	0	0	-6	7	-11	4	4	4	-28	-28	8	-1	-1	9	-17	7	-8	-8	-12	1	-4	-1	
22	22	-32	-32	20	-23	14	60	60	120	-28	-123	-123	10	10	-27	101	88	37	25	-92	-11	65	-45	-45	-15	-83	9	9	19	19	-46	78	51	36	36	-119	-24	38	38	63	63	26	37	-75	-47	-47	-119	-119	26	-3	-3	-43	-43	45	45	55	55	65	65	-86	63	63	-16	-16	-50	-50	-17	-17	-11	-11	87	-44	-70	27	27	-41	71	7	-77	24	24	-30	17	17	-36	-36	-46	45	9	56	56	-41	-41	16	16	54	-10	-2	7	7	-23	-23	-13	-16	67	-25	-25	-64	-64	8	8	-27	-27	-69	10	-8	73	73	37	23	55	31	31	24	-15	-50	-50	43	-50	-19	-19	-11	69	69	-5	-5	-34	-62	-62	-62	-7	-9	3	-24	-111	33	-3	26	-80	-80	60	60	5	14	30	-14	-14	34	60	79	-49	-49	-49	-65	41	41	41	-48	38	-67	-8	2	-16	-8	2	-13	-25	-4	-4	29	7	-19	97	97	97	-86	-86	28	-70	-70	-28	-23	38	37	37	-9	29	26	-35	
46	46	33	33	-75	1	57	80	80	61	61	-121	-121	-26	-26	-61	44	102	-63	74	73	24	-2	-40	-40	51	65	-115	-115	-64	-64	-103	18	111	-44	-44	93	57	72	72	-111	-111	-38	79	-18	82	82	-60	-60	-31	127	127	-56	-56	-96	-96	127	127	87	87	-46	-113	-113	3	3	-83	-83	-54	-54	-48	-48	127	-11	51	-23	-23	-9	-52	55	79	-33	-33	-33	27	27	92	92	54	104	-29	-82	-82	-81	-81	-12	-12	44	-26	97	86	86	-13	-13	30	97	-25	-60	-60	-56	-56	-29	-29	-72	-72	117	-79	-27	-70	-70	63	86	68	-99	-99	31	-96	-49	-49	-58	-32	2	9	12	46	46	3	3	-10	-61	-61	-61	35	111	-34	-76	-21	22	48	-50	1	1	31	31	-39	-1	40	44	44	-49	10	45	19	19	19	25	-17	-17	-17	-20	94	6	-22	27	-37	-37	-43	-5	61	9	9	81	1	-31	21	21	21	4	4	47	4	4	-107	-24	-48	-83	-83	43	35	-75	80	
23	23	-2	-2	45	-9	16	28	28	71	45	-84	-84	17	17	-79	98	19	17	4	19	10	27	-94	-94	15	-73	19	19	-105	-105	40	-29	21	-58	-58	84	25	7	7	-64	-64	46	42	5	4	4	-72	-72	-24	54	54	12	12	-17	-17	70	70	10	10	80	5	5	-31	-31	-25	-25	-55	-55	46	46	75	44	-37	14	14	-25	10	5	25	-31	-31	-23	-45	-45	-32	-32	-21	-29	24	47	47	-68	-68	15	15	-14	44	32	127	127	11	11	-46	1	2	-23	-23	3	3	-33	-33	-10	-10	13	-56	-27	-67	-67	60	-24	-17	-48	-48	37	8	30	30	1	9	-95	12	93	25	25	20	20	15	-25	-25	-25	-26	42	12	-11	-125	52	48	1	-46	-46	-9	-9	1	24	8	-34	-34	21	-14	20	-12	-12	-12	27	-82	-82	-82	23	25	14	-12	-24	7	34	8	3	9	17	17	3	53	2	-6	-6	-6	5	5	-19	-7	-7	9	45	-13	-27	-27	35	62	-18	30	
16	16	3	3	-11	-10	1	11	11	3	-6	-10	-10	-2	-2	-7	9	4	13	-13	9	2	10	-8	-8	6	-5	-4	-4	-28	-28	22	-22	-22	-8	-8	0	14	22	22	-8	-8	4	-9	3	13	13	-29	-29	-1	5	5	3	3	-4	-4	-5	-5	4	4	10	14	14	0	0	-8	-8	-1	-1	-3	-3	-5	24	-5	-14	-14	-2	-4	0	7	0	0	5	-2	-2	3	3	-25	-13	7	2	2	-23	-23	-10	-10	7	2	2	22	22	12	12	-6	-8	-5	-5	-5	-9	-9	-17	-17	16	16	6	-13	5	-17	-17	25	-4	-20	1	1	3	6	-2	-2	8	-5	-9	3	10	1	1	-1	-1	-19	-16	-16	-16	9	-5	2	-8	-15	17	-1	-3	8	8	-1	-1	3	-1	-6	1	1	-14	-10	19	14	14	14	4	-29	-29	-29	8	0	-4	-9	1	-5	3	-7	-1	6	3	3	-16	11	-5	11	11	11	0	0	-10	-20	-20	16	-16	9	-4	-4	-3	-2	-11	8	
6	6	2	2	-6	1	3	7	7	-3	-3	5	5	-3	-3	-2	2	0	9	-11	-4	2	0	-4	-4	4	-6	6	6	-12	-12	10	-8	-14	-2	-2	0	5	8	8	-2	-2	-3	-7	3	2	2	-12	-12	-2	1	1	0	0	-5	-5	-1	-1	0	0	2	9	9	5	5	-6	-6	2	2	-6	-6	-9	2	-2	-3	-3	-1	1	1	1	-1	-1	5	-1	-1	4	4	-14	-9	3	-4	-4	-5	-5	-4	-4	2	0	-1	6	6	5	5	-1	-2	-4	-1	-1	-4	-4	-6	-6	3	3	0	-7	1	-5	-5	9	-4	-9	0	0	3	3	1	1	-1	0	-3	-1	5	-2	-2	-2	-2	-7	-3	-3	-3	0	-2	1	-5	-8	4	-4	-1	1	1	-1	-1	2	2	-5	-2	-2	-3	-6	2	-4	-4	-4	2	-9	-9	-9	3	1	-5	2	3	-4	1	-3	-2	4	1	1	-5	6	-3	0	0	0	-2	-2	1	-1	-1	4	-11	-4	-9	-9	-1	1	-5	-2	
Trial:12
-11	-11	0	2	2	-5	-4	-4	1	-3	-6	-9	-9	-5	-7	-1	-7	5	5	-4	0	4	0	4	2	2	-1	-1	-4	5	0	0	-4	1	1	-1	-1	5	1	0	0	-2	-2	-1	-4	-4	4	4	0	0	0	-3	-5	-5	-2	1	-3	5	5	-7	2	0	0	0	-3	-4	5	5	1	1	-6	1	-1	-1	3	3	-6	-3	2	5	5	5	2	4	-1	0	0	0	0	-7	-4	-4	-5	-5	-3	-3	-5	-5	0	-5	3	-6	4	4	-2	0	-4	2	2	0	0	-1	-9	-9	-6	-6	-6	-1	3	3	-2	-2	-4	-4	-1	-1	0	0	0	-3	-3	0	0	4	5	5	5	-6	-6	2	2	2	-1	-1	-3	-5	0	0	-3	-3	2	-5	-5	-3	-3	-5	-5	0	0	-2	-2	-2	4	4	2	2	1	0	-1	-5	-5	-5	2	-7	5	-5	-5	-2	-2	-1	0	0	3	3	-1	9	-7	-7	32	-35	-28	-28	-1	-1	-9	-9	0	-5	-5	-4	
-18	-18	4	-1	-1	-11	-3	-3	9	0	-10	0	0	-3	-13	4	-10	14	14	-3	5	-3	-7	6	-2	-2	-1	-1	-4	8	1	1	-4	-1	-1	2	2	0	7	3	3	-6	-6	-2	-5	-3	4	4	-1	-5	-5	1	1	1	3	1	-9	8	8	-21	3	2	1	1	0	-4	3	3	5	5	-8	10	-2	-2	-1	-1	-14	3	5	10	10	10	1	2	-3	-3	-3	-3	-1	-6	-2	-2	-4	-4	-7	-7	0	0	-1	0	1	-2	6	6	-1	8	-1	0	0	-3	-3	3	-3	-3	-12	-12	-12	-2	0	0	0	0	1	1	-2	-2	0	0	-3	-1	-1	1	1	2	1	1	1	-7	-7	1	1	1	-2	-2	-5	-5	0	0	-6	-6	1	4	4	-5	-5	-3	-3	1	1	8	8	-6	2	2	4	4	5	7	4	-7	-7	-7	4	-9	0	-4	-4	-3	-2	-7	0	0	3	3	-13	9	-13	-13	-12	-2	-3	-3	-2	-2	2	2	-1	6	6	-2	
-23	-23	6	20	20	-7	-13	-13	15	6	-9	-5	-5	-1	-19	9	-17	9	9	-3	-4	-7	-8	9	-1	-1	-4	-4	-18	16	-13	-13	-7	8	8	16	16	4	9	-8	-8	-7	-7	3	2	-13	-5	-5	-1	-17	-17	-11	14	14	5	0	-16	28	28	-12	12	4	-4	-4	1	16	2	2	9	9	-19	16	-5	-5	3	3	-25	8	-9	20	20	20	-10	-3	-6	-2	-2	2	-3	-3	-7	-7	-20	-20	-4	-4	-2	-2	-3	28	0	5	8	8	-3	13	5	3	3	0	0	8	-13	-13	-17	-17	-17	5	-3	-3	4	4	-8	-8	0	0	-1	-1	-10	-1	-1	12	12	12	6	6	6	-4	-4	0	-5	-5	3	3	-8	-2	-5	-5	-21	-21	2	3	3	-13	-13	3	3	1	1	2	2	-2	-2	-2	23	23	4	12	-1	1	1	1	31	-23	-8	-16	-16	8	1	-11	-8	-8	12	12	-10	-5	7	7	-34	-2	4	4	-3	-3	22	22	-29	38	38	-20	
37	37	-56	14	14	-80	8	8	11	57	17	-23	-23	20	59	-19	-39	-3	-3	71	-52	24	-18	17	61	61	-91	-91	22	2	39	39	34	-37	-37	97	97	-64	-34	-28	-28	52	52	43	-1	-34	-106	-106	11	-5	-5	-13	5	5	16	-24	5	12	12	-41	-13	40	-23	-23	14	72	48	48	-121	-121	-25	53	14	14	-4	-4	-22	44	70	-18	-18	-18	53	12	-27	17	17	-97	-19	48	-25	-25	-51	-51	24	24	23	23	-4	25	5	32	-9	-9	13	52	17	13	13	-21	-21	-13	-4	-4	-8	-8	-8	2	0	0	-48	-48	6	6	20	20	-44	-44	4	27	27	59	59	51	-20	-20	-20	-4	-4	-49	-6	-6	-1	-1	26	-70	-33	-33	84	84	19	-128	-128	-4	-4	7	7	-21	-21	-11	-11	6	0	0	-8	-8	19	3	21	30	30	30	14	-89	-12	-8	-8	-29	42	-6	-37	-37	76	76	35	-83	-19	-19	37	13	0	0	61	61	84	84	-30	-63	-63	-51	
41	41	-39	-50	-50	-11	8	8	-13	57	10	85	85	3	75	-75	57	-57	-57	38	16	110	-39	-28	31	31	-94	-94	32	-90	24	24	94	-78	-78	114	114	-61	-45	-84	-84	4	4	74	70	-58	-15	-15	20	108	108	3	-14	-14	34	-32	51	54	54	-128	-30	18	-8	-8	-41	-29	-38	-38	4	4	-57	54	-14	-14	-4	-4	21	15	94	-13	-13	-13	-2	91	85	-6	-6	-51	-36	-70	30	30	11	11	66	66	62	62	-60	-54	-13	-11	-26	-26	35	51	95	100	100	-116	-116	10	60	60	-52	-52	-52	-112	-61	-61	-33	-33	-97	-97	78	78	9	9	-3	-10	-10	119	119	13	21	21	21	14	14	0	-118	-118	24	24	-11	0	12	12	54	54	30	-123	-123	69	69	37	37	-102	-102	11	11	109	-43	-43	-64	-64	36	21	-1	91	91	91	-51	-6	-65	113	113	-53	-62	26	-12	-12	-68	-68	46	-110	1	1	-43	0	25	25	71	71	48	48	70	-59	-59	85	
-29	-29	64	-49	-49	-2	0	0	-14	-22	67	-10	-10	69	1	-61	-8	41	41	-18	13	63	30	-59	18	18	79	79	21	-90	3	3	70	-16	-16	64	64	-54	-14	-17	-17	-20	-20	-25	-63	2	1	1	10	-29	-29	58	-84	-84	-11	-15	-15	26	26	-36	20	62	1	1	11	-36	25	25	-12	-12	-27	38	-3	-3	35	35	14	-16	5	19	19	19	24	23	7	24	24	26	-3	-15	-47	-47	-88	-88	31	31	11	11	-56	-50	17	1	9	9	13	41	-3	-35	-35	56	56	46	-30	-30	49	49	49	0	-25	-25	-6	-6	14	14	-31	-31	-31	-31	-5	-5	-5	-23	-23	18	-16	-16	-16	20	20	-88	41	41	-10	-10	14	10	-37	-37	32	32	2	-13	-13	35	35	9	9	19	19	34	34	-10	-117	-117	49	49	34	41	13	40	40	40	-21	-37	-10	26	26	51	-5	25	-50	-50	8	8	-49	-15	-40	-40	-9	-6	-17	-17	-81	-81	7	7	60	18	18	-42	
-25	-25	9	2	2	-11	-7	-7	6	-4	13	-10	-10	1	-9	-5	-8	3	3	-2	6	6	-8	4	10	10	-6	-6	5	-1	-4	-4	-6	10	10	0	0	6	8	-1	-1	-1	-1	-1	-22	3	-4	-4	3	-1	-1	8	-38	-38	6	-6	-10	11	11	-11	15	4	-11	-11	5	-6	4	4	1	1	-1	5	-16	-16	8	8	3	1	14	8	8	8	-4	-3	8	7	7	-7	-4	-5	-2	-2	-17	-17	-1	-1	-3	-3	-2	-8	10	-3	2	2	1	-8	9	-3	-3	-3	-3	-8	-1	-1	2	2	2	-6	7	7	-4	-4	-13	-13	-14	-14	6	6	5	3	3	-11	-11	6	2	2	2	-16	-16	-10	8	8	2	2	4	6	-5	-5	2	2	4	0	0	-9	-9	6	6	5	5	0	0	-10	1	1	7	7	-3	12	-12	-6	-6	-6	-1	-11	12	-13	-13	17	-1	-8	-7	-7	14	14	7	3	-17	-17	-17	5	1	1	-2	-2	-2	-2	8	12	12	-8	
-15	-15	4	4	4	-3	-2	-2	4	0	-1	-9	-9	-2	-6	-3	-8	4	4	-1	0	2	-2	7	4	4	-2	-2	-2	6	-4	-4	-1	6	6	-5	-5	4	4	0	0	0	0	-2	-8	-1	-2	-2	1	-1	-1	0	-13	-13	2	0	-5	3	3	-3	6	0	-2	-2	3	-7	1	1	-1	-1	-3	3	-7	-7	5	5	-4	-1	7	6	6	6	4	-3	2	1	1	-2	0	-6	-1	-1	-6	-6	-1	-1	-5	-5	-3	-1	0	0	1	1	4	-3	-2	2	2	-3	-3	-5	-3	-3	-1	-1	-1	1	3	3	-2	-2	-4	-4	-5	-5	1	1	4	-3	-3	-5	-5	5	1	1	1	-3	-3	-4	2	2	0	0	0	1	-3	-3	0	0	1	1	1	-4	-4	-3	-3	-2	-2	0	0	-6	3	3	3	3	0	1	-6	-2	-2	-2	0	-5	5	-7	-7	4	-2	-1	-9	-9	6	6	11	-4	-8	-8	-20	27	-4	-4	13	13	5	5	1	11	11	-6	
Trial:13
-3	-6	-2	-2	0	0	-2	-2	-2	-1	1	-6	-6	3	3	3	-5	-5	5	5	-5	0	-5	-5	0	0	-1	-1	1	1	5	5	-6	2	2	0	0	5	5	-7	-7	-9	-9	3	1	1	-1	-1	1	-3	-3	-1	-3	-3	3	4	4	3	3	0	7	-6	-6	0	0	-6	-1	-1	2	2	-6	2	2	2	-2	-2	0	3	3	0	0	1	-3	-3	-3	-2	-2	-5	0	0	-1	-1	2	1	-1	-2	-2	5	2	-3	3	-5	-5	0	0	2	-4	-4	-1	-1	-1	3	3	-7	-7	2	-3	-3	3	3	-1	3	-3	-4	-4	-4	1	1	1	0	0	-5	-5	-3	1	1	-1	2	-5	0	0	0	0	-6	-6	8	8	0	0	-4	-2	-2	-4	0	3	1	1	-5	-5	-5	-5	-4	-4	-5	3	0	1	1	4	2	-9	-9	-3	-3	6	-6	5	-2	-2	3	-5	-4	-4	2	8	8	3	-7	-2	-2	-8	-8	-2	-4	-4	-2	-2	0	-6	0	
-3	-10	1	1	1	1	-11	-11	3	0	-2	-7	-7	4	4	4	-2	-2	5	5	-5	-1	-6	-6	-1	-1	-2	-1	3	3	6	6	-9	0	0	-5	-5	7	7	-4	-4	-8	-8	2	2	2	1	1	5	0	0	2	-5	-5	4	5	5	1	1	-8	4	-3	-3	-2	-2	-8	-5	-5	8	8	-6	0	0	0	1	1	2	6	6	-2	-2	-2	-2	-3	-3	-3	-3	-5	-1	-1	-1	-1	3	4	-4	-4	-4	7	2	-7	5	-11	-11	2	2	2	-3	-3	2	2	-3	1	1	-5	-5	-1	1	1	5	5	-4	2	-7	-3	-3	-7	0	-2	-2	4	4	-3	-1	-3	1	1	0	-2	-7	0	0	2	2	-11	-11	9	9	0	0	2	-6	-6	0	0	9	3	-4	-10	-10	1	1	-4	-4	-10	9	5	1	1	-6	9	-12	-12	-10	-10	12	-2	12	-4	-4	-4	-5	3	3	2	11	11	9	-1	6	6	-9	-9	-9	-7	-7	-1	-1	1	-11	1	
-14	-19	1	1	18	18	-43	-43	-1	8	3	1	1	6	6	6	-2	-2	11	11	-9	1	-16	-16	-8	-8	-7	-5	22	22	7	7	-13	0	0	-13	-13	15	15	5	5	-19	-19	0	14	14	14	14	-3	-5	-5	3	-10	-10	5	14	14	-13	-13	-12	20	-5	-5	0	0	-22	-10	-10	13	13	-2	6	6	6	6	6	5	12	12	-11	-11	0	-19	11	11	-11	-11	-10	-6	-6	-4	-4	9	4	-11	0	0	13	3	-10	14	-15	-15	0	0	3	-2	-2	1	1	-7	-2	-2	-10	-10	1	5	5	20	20	-15	-1	-11	-8	-8	0	5	-2	-2	8	8	6	0	0	0	0	1	17	-4	-5	-5	-4	-4	-6	-6	24	24	-7	-7	-1	-12	-12	3	-2	8	3	-6	-21	-21	16	16	-6	-6	-26	34	23	14	14	-23	23	-33	-33	-31	-31	16	-23	32	2	2	28	-18	-4	-4	0	1	1	16	-21	22	22	-19	-19	-6	-17	-17	9	9	-9	-10	14	
43	1	35	35	8	8	-69	-69	-21	29	-1	40	40	17	17	17	55	55	11	11	52	-63	-41	-41	36	36	-57	8	11	11	127	127	-41	-31	-31	-82	-82	-14	-14	68	68	52	52	-32	57	57	43	43	-27	-39	-39	-9	-37	-37	1	-2	-2	0	0	-23	37	31	31	-28	-28	15	34	34	-28	-28	-45	18	18	18	58	58	-37	-22	-22	-16	-16	-6	-47	14	14	31	31	19	-5	-5	13	13	-9	21	-22	-13	-13	-45	-99	13	-18	12	12	-20	-20	15	-13	-13	17	17	-13	-43	-43	-7	-7	-7	31	31	-38	-38	-41	-24	-54	31	31	-27	-21	23	23	20	20	69	-47	13	-20	-20	52	-20	-10	-5	-5	-25	-25	19	19	-20	-20	11	11	-23	-26	-26	6	-16	9	31	38	-18	-18	71	71	-43	-43	-128	-76	43	41	41	-69	2	84	84	3	3	-87	59	82	74	74	-28	-100	-11	-11	-90	92	92	-100	-32	-16	-16	71	71	50	81	81	78	78	-92	-1	16	
127	-115	39	39	44	44	-35	-35	21	17	6	94	94	-48	-48	-48	61	61	-47	-47	125	-80	16	16	87	87	-90	27	125	125	-16	-16	62	-47	-47	-87	-87	-74	-74	34	34	-37	-37	19	5	5	94	94	79	2	2	-24	-104	-104	127	-22	-22	-14	-14	14	80	55	55	-65	-65	-20	37	37	-9	-9	-93	52	52	52	1	1	-54	12	12	-49	-49	-2	-20	-21	-21	19	19	47	62	62	-88	-88	-46	-76	18	44	44	80	-51	-2	-9	59	59	2	2	-25	-58	-58	30	30	70	-94	-94	90	90	19	-15	-15	-70	-70	-29	83	-52	47	47	-128	-19	-10	-10	33	33	77	75	4	-64	-64	-56	-28	120	69	69	-93	-93	21	21	44	44	-43	-43	-84	-62	-62	58	-26	54	85	-52	96	96	-91	-91	34	34	-47	-104	27	2	2	-108	-104	127	127	-3	-3	58	58	7	79	79	-82	-49	60	60	-72	25	25	104	-14	-27	-27	-128	-128	40	-28	-28	-103	-103	-12	11	38	
12	-17	15	15	5	5	-12	-12	-5	-3	8	-3	-3	-9	-9	-9	-14	-14	-3	-3	16	-7	-7	-7	21	21	-2	0	20	20	-9	-9	5	30	30	-31	-31	10	10	-8	-8	-32	-32	28	-18	-18	14	14	-11	-1	-1	-3	-18	-18	19	23	23	-22	-22	33	61	10	10	-13	-13	-7	3	3	-8	-8	-29	33	33	33	31	31	-23	-17	-17	-9	-9	-5	-12	-6	-6	1	1	23	1	1	-30	-30	-4	-22	7	25	25	-24	15	0	-1	22	22	12	12	8	-74	-74	16	16	-20	-8	-8	13	13	14	4	4	11	11	-16	5	13	25	25	-36	-2	2	2	-2	-2	-33	7	26	8	8	-13	-28	-5	14	14	-7	-7	1	1	-2	-2	-33	-33	63	-40	-40	-1	-25	7	26	-5	20	20	8	8	-50	-50	-17	37	-64	53	53	0	-41	48	48	29	29	-15	23	-67	46	46	20	70	-12	-12	21	41	41	-61	-11	26	26	-82	-82	43	6	6	-92	-92	35	-7	24	
1	-7	-4	-4	-8	-8	4	4	-4	-2	2	-26	-26	8	8	8	2	2	12	12	-3	-2	-4	-4	6	6	-1	5	-7	-7	5	5	11	-4	-4	-3	-3	-3	-3	-10	-10	-22	-22	13	9	9	-7	-7	4	-3	-3	0	-4	-4	5	8	8	0	0	-1	7	-10	-10	-2	-2	0	-2	-2	5	5	-9	4	4	4	5	5	-10	5	5	-9	-9	-1	-10	-3	-3	0	0	4	-5	-5	0	0	-1	4	-13	4	4	8	0	1	2	2	2	9	9	-3	-9	-9	-1	-1	-11	8	8	-1	-1	-3	-2	-2	3	3	-8	1	-1	-10	-10	-7	-3	4	4	6	6	-1	-5	0	-8	-8	3	-1	-10	2	2	2	2	-12	-12	5	5	-3	-3	1	-4	-4	5	-5	5	8	8	-2	-2	-6	-6	-9	-9	-7	-15	6	-11	-11	4	-8	5	5	-14	-14	13	-1	2	-5	-5	9	-3	3	3	16	0	0	7	7	-4	-4	-12	-12	-3	-4	-4	-2	-2	-8	-2	-4	
-4	-5	-3	-3	-4	-4	1	1	-2	-2	-1	-14	-14	6	6	6	0	0	6	6	-5	-1	-6	-6	3	3	2	-1	-6	-6	7	7	3	1	1	-5	-5	-1	-1	-5	-5	-12	-12	3	6	6	-1	-1	3	-3	-3	0	-2	-2	2	2	2	1	1	-2	5	-6	-6	0	0	-1	-4	-4	2	2	-7	3	3	3	2	2	-6	3	3	-4	-4	2	-9	-1	-1	-1	-1	0	-4	-4	2	2	-2	2	-4	-1	-1	5	0	-2	1	-2	-2	3	3	-2	-4	-4	0	0	-4	3	3	-2	-2	-2	-2	-2	1	1	-4	0	-3	-4	-4	-3	-2	2	2	0	0	1	-3	-1	-3	-3	0	3	-7	0	0	1	1	-9	-9	4	4	2	2	-1	0	0	-4	-2	3	3	4	-3	-3	-3	-3	-5	-5	-5	-2	1	-2	-2	4	-2	-4	-4	-7	-7	9	-1	4	-7	-7	5	-5	-2	-2	7	5	5	4	1	-4	-4	-6	-6	-3	-6	-6	0	0	-5	-2	-1	
Trial:14
-3	-1	-2	2	-5	-5	-5	4	0	-6	-5	-2	1	-5	1	0	0	-2	0	-3	0	0	-2	-2	3	7	1	1	-5	-2	-2	4	4	-1	-1	-8	-4	-4	-2	-5	-3	0	3	4	6	-4	-4	1	-4	-1	-1	-1	3	3	3	3	-2	0	0	-1	-1	0	-1	-5	-5	0	-4	2	-3	-3	-1	-1	3	-3	1	4	4	-1	0	1	1	-4	-4	-5	-2	-2	0	0	-1	0	-4	-4	-2	-2	-4	0	-1	-1	5	0	-1	0	-3	6	-7	-7	2	2	-4	-4	-6	-5	0	0	0	-3	-7	-1	-1	-2	-2	0	0	-7	6	6	-3	0	-1	2	-3	-3	-3	-3	-2	2	2	-3	-3	7	-3	-3	1	-5	-1	-1	1	-5	-4	-4	3	0	1	-1	-3	-3	2	-2	3	-4	-4	-2	-2	-8	0	2	2	-3	-6	4	-1	-1	2	0	-3	-3	7	7	-4	3	-3	-3	-2	0	5	-2	-1	-1	-4	5	-1	-1	1	1	-8	-1	0	0	4	4	
-5	-3	-7	1	-6	-6	-6	0	-2	-3	1	-1	-10	-6	-2	6	6	-3	3	-1	-1	-1	-2	-2	0	10	-3	-3	-2	-1	4	2	2	-5	1	-1	-9	-9	-2	-7	4	0	-6	11	10	-6	-6	5	-1	-4	-4	-2	-5	-5	6	6	-3	-1	-1	3	3	-2	8	-3	-3	6	-5	-3	-4	-4	-3	-3	-1	-11	5	1	1	-2	-6	0	0	-4	-4	-7	-4	-4	-3	-3	0	-4	-8	-8	-3	-3	3	0	-3	-3	-2	3	3	0	-1	13	-3	-3	1	1	-2	-2	-6	-14	0	-5	-5	-2	-10	4	4	-9	-9	2	7	-5	6	6	-3	7	3	3	-6	-6	-6	-6	-2	1	1	10	10	2	-6	-6	3	-3	3	-4	2	-1	-6	-6	1	-1	-5	-2	-6	-6	1	-6	-1	-5	-5	-1	10	-6	-1	6	6	-6	-10	7	-1	-1	6	1	-1	-1	4	4	-6	2	-6	-6	2	0	6	-7	-1	4	-2	4	1	5	-2	-2	-5	-10	2	2	-7	-7	
-3	1	-12	16	-5	-5	-5	13	-7	-13	5	-9	-10	-6	-12	-2	-2	1	11	-6	2	2	0	0	7	24	-2	-2	8	-1	4	5	5	-9	2	0	-11	-11	4	-27	8	2	-8	5	12	-12	-12	0	-4	-2	-2	4	-10	-10	20	20	-9	-3	-3	12	12	-2	28	-4	-4	5	-3	-11	-10	-10	-3	-3	20	-12	-8	-6	-6	3	-4	4	4	-10	-10	-23	-8	-8	-12	-12	6	-11	-1	-1	-2	-2	6	2	-15	-15	-3	1	27	12	-2	54	-23	-23	-3	-3	-4	-4	-2	-13	-11	-23	-23	2	-24	4	4	-22	-22	15	10	-9	21	21	-13	3	11	0	-14	-14	-1	-1	-11	1	1	-6	-6	3	-15	-15	6	2	-7	-1	6	12	-8	-8	-9	-13	-11	1	0	0	34	-3	-7	-7	-7	2	27	-9	-5	2	2	-16	1	9	2	2	-5	5	-1	-1	16	16	-10	10	-3	-3	1	3	14	11	0	6	-8	-4	17	-6	3	3	-10	-3	2	2	0	0	
-38	68	-30	9	70	70	70	-49	-24	-52	53	-13	-57	-92	-38	10	10	-7	7	24	6	6	37	37	-91	-23	45	45	61	-81	-31	-50	-50	14	26	67	36	36	-9	42	0	26	-23	-13	-37	48	48	71	-17	19	19	-25	-27	-27	36	36	-21	4	4	-27	-27	2	-64	-12	-12	-27	36	-76	-30	-30	35	35	-9	12	-44	50	50	-15	55	16	16	-62	-62	-40	35	35	11	11	44	-78	-16	-16	10	10	36	54	-63	-63	-10	83	112	-1	-71	31	-59	-59	-1	-1	-23	-23	-2	0	-104	-11	-11	42	36	11	11	23	23	-81	59	3	-31	-31	29	-80	-25	6	-39	-39	-6	-6	-5	67	67	0	0	74	-27	-27	71	-26	-14	3	-4	22	-16	-16	-97	-11	100	-18	23	23	38	-3	-49	-76	-76	23	56	15	-5	6	6	-37	-14	96	-8	-8	-41	-49	-35	-35	52	52	1	25	30	30	-57	-13	65	16	25	-19	-9	-56	35	-19	27	27	-29	49	45	45	0	0	
-2	11	-67	-80	64	64	64	-66	-108	3	-11	-17	-46	-77	39	8	8	-91	-22	68	19	19	-103	-103	-8	-31	63	63	68	-54	-31	-3	-3	-42	-36	86	109	109	5	-14	-109	55	-36	74	-29	-56	-56	-98	80	-81	-81	10	74	74	22	22	-55	103	103	-59	-59	-51	-39	-44	-44	-42	127	21	45	45	-51	-51	18	-19	16	-6	-6	54	-9	-4	-4	-107	-107	109	-2	-2	34	34	-102	86	45	45	25	25	-85	-11	4	4	54	36	2	-82	40	58	70	70	-116	-116	-4	-4	0	34	16	57	57	-15	87	-60	-60	17	17	-52	-27	-61	71	71	-7	-53	-38	22	26	26	27	27	13	-32	-32	53	53	8	43	43	90	-106	5	4	-128	11	32	32	-25	65	82	-23	-34	-34	93	-42	44	30	30	-22	-60	-92	-28	-64	-64	-90	8	-21	30	30	-13	-57	-21	-21	59	59	31	-42	31	31	-58	29	-56	58	-15	-67	8	-125	-85	24	25	25	39	18	-53	-53	15	15	
-20	0	39	-31	12	12	12	-29	-20	-10	52	-37	1	26	0	-8	-8	4	2	32	0	0	-22	-22	-20	-13	-9	-9	0	7	-8	-24	-24	12	37	27	6	6	0	-13	60	-4	-14	23	-11	-18	-18	-25	17	-6	-6	3	-18	-18	-1	-1	-3	15	15	-10	-10	-51	29	7	7	14	19	35	-3	-3	-27	-27	10	-6	32	-7	-7	-23	19	-12	-12	-10	-10	-31	-15	-15	1	1	29	15	40	40	-22	-22	-10	-93	18	18	25	15	13	-31	36	39	-15	-15	-6	-6	74	74	-111	-54	51	17	17	-5	-29	-24	-24	10	10	-5	-1	1	1	1	12	-9	-2	-29	-13	-13	10	10	-4	12	12	-6	-6	-47	-28	-28	4	0	-9	9	-33	6	5	5	-18	24	17	30	6	6	-57	-3	10	-14	-14	24	12	-9	-2	-49	-49	-10	-25	19	27	27	31	-1	46	46	1	1	-43	-31	1	1	-11	-28	1	36	15	2	10	-4	-65	15	-40	-40	-12	37	-19	-19	17	17	
-16	-1	-11	-8	-1	-1	-1	9	-8	-11	5	2	10	-5	2	3	3	-14	3	4	3	3	9	9	-3	-2	-4	-4	-6	0	-2	2	2	4	3	-10	-2	-2	5	2	-15	-1	10	10	0	3	3	-7	-5	-2	-2	8	-1	-1	2	2	-3	-3	-3	-12	-12	3	-4	-4	-4	0	1	13	-5	-5	2	2	-2	-4	7	10	10	-4	2	-9	-9	2	2	-9	2	2	-4	-4	3	-8	-10	-10	-1	-1	-3	-5	1	1	0	10	-1	-6	-11	7	1	1	9	9	-6	-6	-10	-4	8	0	0	-6	2	0	0	-3	-3	-7	-4	-6	2	2	3	-18	-10	-1	8	8	6	6	-8	-3	-3	-4	-4	9	-1	-1	7	-9	-9	-8	0	-3	-7	-7	11	-11	2	7	-1	-1	-1	3	0	-4	-4	-1	2	-9	1	4	4	-25	-2	16	0	0	10	-9	1	1	4	4	7	0	-6	-6	-9	6	8	-2	0	-5	-1	-2	-5	5	0	0	-7	3	-1	-1	4	4	
-4	-1	-4	-3	-3	-3	-3	4	-1	-8	-1	2	2	-5	-1	0	0	-8	1	2	1	1	1	1	-1	3	-3	-3	-3	-4	-1	2	2	-1	2	-8	-2	-2	0	-1	-7	1	7	3	0	-3	-3	1	-2	-1	-1	1	0	0	1	1	-2	-2	-2	-2	-2	2	-3	-3	-3	2	-2	5	-5	-5	1	1	2	-4	1	4	4	-3	3	-3	-3	-3	-3	-3	-1	-1	-5	-5	3	-4	-7	-7	0	0	1	-12	2	2	2	9	2	-8	-5	0	-4	-4	4	4	-3	-3	-12	-3	3	-1	-1	-2	-3	0	0	-2	-2	-3	0	-5	3	3	1	-8	-4	-1	2	2	1	1	-3	-1	-1	-7	-7	3	-1	-1	0	-5	-7	-1	1	0	-2	-2	3	-4	-1	1	-1	-1	1	2	0	-3	-3	-1	1	-7	0	1	1	-9	-2	9	-3	-3	5	-4	-2	-2	5	5	0	3	-4	-4	-5	2	3	0	0	-3	-3	-1	-2	3	1	1	-6	-2	-1	-1	0	0	
Trial:15
-8	-2	-2	-9	-1	8	-1	-1	1	0	2	-1	0	-3	-1	-10	-10	-7	7	1	4	4	1	1	-3	1	4	-2	-2	-5	1	1	1	1	4	-1	-2	-2	-2	-2	-6	0	4	-2	-2	-2	4	0	0	3	-1	3	-4	-6	4	0	-3	2	-5	-3	-6	-6	-6	0	6	-1	-1	0	0	-4	-4	-1	-1	2	2	0	2	2	2	2	-10	-10	7	1	1	0	-3	0	0	-1	-1	-1	5	0	0	1	1	-4	0	0	4	4	-1	-1	-10	-5	-3	-3	1	-2	-2	-2	-2	0	0	-2	-2	3	3	-5	-2	-2	-2	-2	-1	-1	6	6	-1	-1	5	0	-7	-13	-13	-13	-5	4	6	-1	-1	-1	2	2	1	1	-10	-1	-2	-7	12	12	-6	0	4	4	-1	-2	-2	2	3	-9	-9	-8	-8	7	-4	-4	-2	-2	3	-5	-5	-5	1	1	-1	-3	-3	0	0	-5	2	3	3	0	8	-12	-1	-1	8	8	4	-2	-2	1	1	-2	1	-8	
-8	-5	-5	-16	7	10	-1	-1	0	4	-6	2	5	-3	-2	-8	-8	-10	6	5	-2	-2	5	5	4	-5	7	-2	-2	-6	-10	-2	0	0	9	5	-2	-2	-3	-3	-6	-2	6	-7	-7	-3	-2	-6	-6	-3	0	6	-4	-2	5	5	6	0	-2	3	-6	-6	-11	-1	12	0	-1	-9	1	-16	-16	-4	-4	5	5	0	1	1	4	4	-3	-3	10	-3	-3	2	-6	0	0	-3	-3	-2	5	6	6	-10	-10	6	1	1	10	10	-7	-7	-13	2	-5	-5	2	-3	-3	-8	-8	0	0	-1	-1	8	8	-1	-14	-14	1	1	-2	-2	6	6	6	6	4	-3	-7	-15	-15	-15	-3	-1	2	-2	-2	3	3	2	-11	-11	-7	6	-4	-3	18	18	-7	-1	4	4	-3	-4	-4	2	8	-4	-4	-14	-14	10	-11	-11	0	0	6	-4	-4	-4	5	5	3	2	2	-9	-9	-8	7	1	1	-3	9	-12	4	4	6	6	15	-5	-5	-11	-11	-10	-5	-11	
8	-7	-7	-14	7	16	-1	-1	-18	4	-22	2	0	8	18	-9	-9	-13	4	3	-22	-22	-3	-3	17	-13	7	-4	-4	-9	-6	2	-3	-3	2	11	3	3	-10	-10	-4	3	9	5	5	3	7	5	5	-11	7	15	-12	-9	10	-1	3	21	-8	6	-9	-9	-22	-19	26	3	1	-9	14	-16	-16	-9	-9	9	9	0	-12	-12	5	5	3	3	1	2	2	-5	-4	-2	-2	27	27	-2	4	-5	-5	-13	-13	3	-6	-6	15	15	-2	-2	-18	5	1	1	-2	10	10	-19	-19	0	0	-17	-17	11	11	0	-11	-11	-8	-2	2	2	10	10	12	12	5	-1	-17	-20	-20	-20	14	-6	-7	-1	-1	4	6	-2	-4	-4	-17	-2	2	1	22	22	-14	-11	6	6	-7	-5	-5	13	3	-3	-3	-13	-13	17	-16	-16	-1	-1	4	-14	-14	-14	20	20	-3	12	12	-28	-28	-7	4	-3	-3	-7	5	-20	6	6	24	24	21	-11	-11	-12	-12	-20	-14	-10	
-9	10	10	-34	41	-7	15	15	41	48	-47	-35	65	61	-33	5	5	-63	10	-15	-26	-26	-37	-37	79	-40	-5	18	18	21	-7	-18	-24	-24	21	-15	-56	-56	-35	-35	-18	-19	-19	3	3	23	71	0	0	58	19	-4	-3	49	-74	17	-37	27	16	-21	-33	-33	-10	72	113	11	39	13	-23	-60	-60	-97	-97	-9	-9	-99	-6	-6	42	42	14	14	28	-67	-67	2	19	-17	-17	-68	-68	24	-2	70	70	-4	-4	55	39	39	8	8	15	15	9	74	8	8	-21	78	78	31	31	-49	-49	-30	-30	-16	-16	-37	-13	-13	4	-9	83	83	-28	-28	-19	-19	-3	17	6	-42	-42	-42	39	9	-7	-31	-31	-42	-28	42	29	29	-56	6	83	-22	-5	-5	-26	-45	33	33	-31	58	58	41	-17	-45	-45	-3	-3	-4	-67	-67	61	61	-18	4	4	4	-17	-17	46	-43	-43	17	17	-12	2	-54	-54	8	35	-24	6	6	78	78	61	-7	-7	-47	-47	-28	-13	-122	
52	-54	-54	-118	-98	-105	-96	-96	56	91	127	-13	127	19	-115	49	49	-18	5	83	-49	-49	-78	-78	-21	127	57	111	111	60	18	-60	41	41	89	-81	-128	-128	-21	-21	30	-25	-101	-8	-8	-1	90	19	19	35	-68	42	45	113	-13	-31	-44	58	-81	-36	-17	-17	-65	-37	34	-74	124	7	-21	-36	-36	-35	-35	-18	-18	-81	-52	-52	18	18	21	21	124	-21	-21	-38	72	-87	-87	-111	-111	-71	50	33	33	15	15	94	80	80	-53	-53	14	14	-123	50	-26	-26	15	5	5	7	7	-38	-38	51	51	38	38	70	-20	-20	-73	-50	86	86	-3	-3	-65	-65	-55	-8	-35	64	64	64	24	85	-75	52	52	-43	-15	61	-2	-2	127	13	-3	-47	-89	-89	50	8	27	27	-96	-41	-41	28	-8	-3	-3	108	108	69	36	36	69	69	-79	-15	-15	-15	-62	-62	32	26	26	-66	-66	-79	-71	-4	-4	45	-17	78	43	43	76	76	39	-1	-1	-111	-111	80	-51	-107	
-16	-19	-19	-63	-6	-34	-6	-6	13	59	71	-8	51	-29	-14	73	73	-95	61	21	32	32	25	25	-39	-2	77	46	46	47	33	25	-60	-60	-70	-35	-13	-13	-39	-39	-25	-10	-18	-49	-49	22	20	26	26	13	-14	-18	-33	75	-26	-38	53	-10	-26	-27	9	9	-33	-9	10	-11	47	79	-20	49	49	-128	-128	-6	-6	36	17	17	-10	-10	-33	-33	-76	14	14	-51	33	-17	-17	-38	-38	-12	-3	-42	-42	109	109	-42	11	11	-31	-31	7	7	-72	-12	-47	-47	-29	51	51	-29	-29	-14	-14	-18	-18	20	20	31	5	5	26	-30	9	9	3	3	22	22	2	8	45	-9	-9	-9	30	32	-32	-37	-37	-48	12	11	4	4	-29	44	-21	1	-33	-33	4	29	18	18	5	-37	-37	-21	8	-13	-13	-32	-32	-10	21	21	30	30	-13	30	30	30	-29	-29	52	-53	-53	-58	-58	-13	-25	26	26	-1	19	-1	41	41	26	26	-13	22	22	4	4	3	-15	-16	
-2	-3	-3	-17	-10	7	-1	-1	14	1	-8	10	4	-12	5	-13	-13	-16	11	-7	8	8	5	5	-12	0	7	15	15	-4	2	13	4	4	-13	1	-4	-4	-4	-4	-4	3	-2	-14	-14	-1	16	1	1	9	-7	6	-8	8	2	1	-6	-5	-14	-6	-10	-10	-21	-3	4	-2	8	5	2	10	10	0	0	19	19	-10	-12	-12	-1	-1	-12	-12	4	-4	-4	-5	1	-7	-7	-16	-16	4	7	4	4	1	1	0	-2	-2	8	8	1	1	-13	-13	-11	-11	9	-8	-8	-2	-2	-3	-3	2	2	8	8	-2	5	5	-2	-10	4	4	8	8	6	6	-7	12	-4	-16	-16	-16	-18	3	5	-7	-7	0	2	21	0	0	-17	10	-3	-3	9	9	1	-2	3	3	-4	-2	-2	0	0	-13	-13	1	1	-1	10	10	-6	-6	-5	0	0	0	-8	-8	-7	-5	-5	-14	-14	4	4	11	11	9	2	-23	2	2	7	7	3	5	5	-7	-7	-4	-3	-18	
-4	-2	-2	-8	-5	8	-1	-1	4	-2	-7	3	-3	-5	0	-5	-5	-6	7	-1	0	0	4	4	-4	1	2	0	0	-2	0	6	3	3	-5	-3	0	0	-1	-1	-4	-1	-2	-4	-4	0	8	-1	-1	4	-4	1	-4	1	2	2	-4	-3	-7	1	-6	-6	-11	-1	1	-2	3	2	2	0	0	1	1	4	4	-4	-1	-1	0	0	-8	-8	8	1	1	-1	-3	-4	-4	-4	-4	1	2	2	2	-2	-2	0	-2	-2	0	0	-4	-4	-10	-4	-2	-2	4	-5	-5	-2	-2	-2	-2	-2	-2	1	1	-3	0	0	1	-4	-1	-1	6	6	3	3	0	4	-7	-10	-10	-10	-4	2	0	-2	-2	-1	3	7	-1	-1	-10	4	-1	-5	12	12	-2	-1	-1	-1	-6	0	0	2	-2	-7	-7	-1	-1	4	-3	-3	-3	-3	-4	-4	-4	-4	1	1	-3	0	0	-7	-7	0	-1	1	1	7	-1	-13	0	0	2	2	2	1	1	-3	-3	-4	-2	-9	
Trial:16
-5	-14	4	4	-4	-4	-1	-1	12	12	-5	-5	-1	-2	-2	-1	-1	-3	3	3	-4	-4	1	1	0	0	0	0	-10	-4	-4	3	2	2	4	-2	-2	-2	-2	-1	-1	-3	-3	-1	-1	0	-11	-11	0	0	2	-7	-3	-3	1	1	2	3	3	3	3	-3	0	-4	-2	-3	-3	-2	-3	2	1	1	-3	-3	-1	-4	-4	-4	0	2	4	-3	-3	-4	-1	-2	-2	0	0	0	1	1	-1	-1	2	0	-12	0	-3	-3	-1	-1	0	-2	-2	-3	-3	-2	0	0	1	-2	-2	1	-3	-3	-4	-4	-1	4	4	-1	-1	-1	0	1	1	-2	-2	0	2	2	-3	3	3	-3	2	2	-2	-2	-3	-1	1	-6	3	3	-1	2	-3	-7	-7	2	-3	4	-2	-2	-3	-3	6	-6	-3	-3	-5	-5	0	1	1	0	-1	0	-6	-6	-5	-7	2	5	0	0	-3	5	-1	-1	-1	-1	-8	4	0	2	2	1	1	1	1	4	-1	1	1	-4	-2	-2	
-2	-18	-1	-1	2	-3	-3	-3	25	25	-5	-5	-2	-4	-4	0	0	-4	-10	-10	-7	-7	3	3	-5	-5	3	3	-11	-13	-13	10	0	0	3	2	2	-1	-1	1	1	-3	-3	-4	-4	1	-14	-14	6	6	6	-4	-4	-4	2	2	12	6	6	-3	-3	0	13	-8	0	-4	-4	-1	-1	6	-8	-8	-4	-4	0	2	-5	-5	-2	0	9	-8	-8	-7	2	-4	-4	0	0	0	1	-4	1	1	12	1	-8	3	2	2	-5	-5	-7	-4	-4	-4	-4	-4	4	4	3	-5	-5	3	-5	-5	-2	-2	0	0	0	0	0	0	-1	3	3	-2	-2	2	4	4	-9	2	2	-12	-1	-1	-3	-3	9	3	3	-5	3	3	0	8	-4	-15	-15	-2	1	3	-13	-13	-2	-8	-2	-2	2	2	-5	5	8	3	3	1	-5	2	-5	-5	-7	-5	4	0	7	7	-12	1	-4	-4	-1	-1	-3	2	2	4	4	-1	-1	3	1	7	1	1	1	4	-8	-8	
-20	-28	-9	-9	5	-7	-4	-4	68	68	-18	-18	-5	0	0	-9	-9	-20	-17	-17	-5	-5	9	9	-3	-3	10	10	-30	-41	-41	17	-12	-12	8	3	3	16	16	9	9	-5	-5	-8	-8	11	-49	-49	6	6	25	-26	10	10	1	1	8	10	10	-1	-1	6	22	-4	-2	-12	-12	-3	15	9	-8	-8	-7	-7	4	21	-11	-11	-2	9	28	-13	-13	-3	-1	-2	-2	-10	-10	15	2	-4	-5	-5	14	-2	-15	4	16	16	-7	-7	-9	-26	-26	-8	-8	0	13	13	0	5	5	0	-14	-14	-3	-3	-4	-15	-15	10	10	10	-2	15	15	5	5	24	-6	-6	0	3	3	-20	-1	-1	-14	-14	12	10	0	1	9	9	11	11	-5	-23	-23	-9	-9	4	-4	-4	17	-12	-11	-9	-2	-2	-11	8	14	-18	-18	20	-11	1	-11	-11	-18	-15	-2	9	-8	-8	-5	-5	-9	-9	-3	-3	12	0	6	12	12	1	1	0	20	-7	-8	8	8	1	-11	-11	
-55	-20	12	12	31	24	14	14	-8	-8	24	24	-19	66	66	-23	-23	-26	-14	-14	-1	-1	-27	-27	-16	-16	54	54	-80	34	34	-50	-29	-29	66	0	0	38	38	-53	-53	0	0	13	13	-97	-74	-74	55	55	28	-18	29	29	11	11	36	-14	-14	39	39	20	13	-13	4	-27	-27	2	-22	64	-2	-2	22	22	22	12	-20	-20	-24	6	-33	12	12	4	-75	12	12	12	12	5	2	35	2	2	-94	-11	-13	-21	76	76	-10	-10	45	-41	-41	-54	-54	55	35	35	2	-3	-3	3	-21	-21	4	4	77	-16	-16	16	16	16	-47	0	0	-35	-35	-48	-64	-64	5	6	6	52	-26	-26	48	48	-5	55	-44	70	18	18	-51	-10	36	33	33	63	29	-47	21	21	-7	19	-38	11	-17	-17	-10	43	3	65	65	50	-56	-40	-96	-96	-23	13	13	22	-25	-25	5	-14	-30	-30	14	14	49	-29	-14	-17	-17	26	26	-24	-31	28	10	-1	-1	16	-22	-22	
-39	23	-2	-2	-25	45	32	32	-51	-51	72	72	112	100	100	-20	-20	33	-80	-80	39	39	-86	-86	6	6	-42	-42	64	48	48	3	21	21	58	-26	-26	44	44	51	51	-9	-9	17	17	-49	-128	-128	41	41	-69	-36	20	20	70	70	-31	-34	-34	-22	-22	-40	-51	7	110	-32	-32	17	-38	22	58	58	50	50	62	-36	-6	-6	-104	39	-29	-76	-76	-24	-3	-33	-33	29	29	-108	23	46	-12	-12	-7	31	98	-37	-23	-23	12	12	86	25	25	50	50	76	-126	-126	-11	-60	-60	-35	19	19	-49	-49	127	83	83	57	57	57	-108	-62	-62	-112	-112	40	10	10	-24	51	51	2	-6	-6	-71	-71	44	3	27	81	-13	-13	6	-30	11	-36	-36	78	11	13	3	3	-39	127	-62	75	-12	-12	-21	8	-10	-19	-19	37	72	20	-25	-25	65	-81	28	-15	84	84	76	5	-29	-29	82	82	32	-8	-110	70	70	-25	-25	-13	-41	78	7	-18	-18	52	-20	-20	
-27	-19	30	30	-41	8	9	9	20	20	18	18	-9	15	15	-9	-9	-1	-4	-4	25	25	-22	-22	7	7	-23	-23	41	-5	-5	-1	19	19	-2	-13	-13	-14	-14	-10	-10	-15	-15	12	12	12	14	14	7	7	-8	-27	-8	-8	35	35	-26	-18	-18	-19	-19	43	12	-39	28	6	6	-2	31	-12	-34	-34	22	22	29	-21	-35	-35	-21	-7	45	5	5	-12	1	-17	-17	-14	-14	-21	-50	-18	-4	-4	15	7	4	-45	-12	-12	-21	-21	20	-13	-13	14	14	35	17	17	4	-4	-4	-31	23	23	2	2	-7	18	18	45	45	45	-30	0	0	-1	-1	-12	6	6	-6	37	37	-67	81	81	-43	-43	30	-25	-40	48	-27	-27	-6	-17	42	15	15	-7	-3	11	-35	-35	0	15	2	8	-9	-9	2	-3	-8	8	8	-27	-58	-40	-13	-13	-18	-4	9	35	24	24	-21	47	-46	-46	86	86	13	56	10	-6	-6	11	11	52	-8	-12	-17	-6	-6	10	43	43	
2	-25	8	8	-9	-12	11	11	20	20	1	1	-4	5	5	-6	-6	1	3	3	-6	-6	0	0	2	2	-7	-7	-3	0	0	10	8	8	0	-8	-8	-8	-8	-1	-1	-4	-4	-2	-2	0	-4	-4	6	6	-8	-10	3	3	-5	-5	5	2	2	2	2	7	8	-9	12	-3	-3	1	5	-3	-20	-20	3	3	3	-3	1	1	-5	-9	11	-8	-8	-3	2	-1	-1	-3	-3	-2	0	0	-8	-8	8	2	-2	0	-5	-5	-3	-3	-3	0	0	-3	-3	10	3	3	5	-9	-9	2	-4	-4	-1	-1	-9	10	10	-6	-6	-6	3	-4	-4	3	3	2	6	6	0	14	14	-11	-1	-1	5	5	-1	15	-7	-8	8	8	-11	-1	-9	-5	-5	4	4	5	-5	-5	-3	12	-3	-1	-8	-8	-3	-2	-2	2	2	7	-13	0	-20	-20	-8	-12	11	16	12	12	-5	1	1	1	6	6	-7	7	-4	10	10	-9	-9	4	4	-16	2	2	2	2	-5	-5	
-1	-16	3	3	-7	-5	4	4	13	13	-1	-1	-2	-2	-2	0	0	-2	1	1	-6	-6	1	1	1	1	-3	-3	-4	-3	-3	4	4	4	-1	-2	-2	-8	-8	-2	-2	-1	-1	-2	-2	-1	-7	-7	3	3	-1	-5	-1	-1	0	0	2	2	2	1	1	1	2	-4	4	-1	-1	0	2	-1	-8	-8	-1	-1	-2	-1	-2	-2	-2	-4	6	-6	-6	-5	0	-3	-3	-1	-1	1	-1	1	-3	-3	3	3	-6	1	-2	-2	-2	-2	-3	-2	-2	-3	-3	2	2	2	2	-2	-2	-1	-4	-4	-1	-1	-3	5	5	-2	-2	-2	2	-1	-1	0	0	0	2	2	0	6	6	-5	0	0	-1	-1	-4	4	-1	-3	2	2	-4	0	-6	-8	-8	2	2	3	-2	-2	-2	0	0	-5	-4	-4	-3	-2	0	-2	-2	5	-6	0	-9	-9	-5	-13	7	8	4	4	-2	3	-1	-1	0	0	-4	3	1	2	2	-1	-1	0	1	-4	1	0	0	-2	-2	-2	
Trial:17
-2	-4	-4	0	-2	-4	0	0	9	3	4	4	-9	-9	-5	7	-4	-4	0	4	6	-1	-5	-4	-4	-2	-6	-1	-1	0	0	3	3	-4	2	2	-2	-9	7	-1	-1	2	2	-1	-1	6	6	-9	-9	-5	-5	-5	1	1	5	-4	-4	-5	-5	-4	-1	-8	-7	-7	-1	4	0	0	-4	-4	3	-2	-2	2	2	-2	-1	-5	-2	3	3	0	-4	-4	-2	-2	0	-6	2	-6	-6	-5	3	2	-8	2	2	2	-14	0	-1	-1	6	6	-2	5	-2	-2	-1	1	-1	-2	-2	2	0	0	3	-6	-6	1	-4	-4	2	2	-1	1	-1	-3	-9	6	-1	-5	-3	-4	-2	-1	-1	-3	-4	-4	5	5	5	3	6	0	0	0	0	-4	-4	0	0	6	-5	-2	0	0	2	-3	-1	-10	-2	0	2	-4	-4	-5	-5	-5	-5	-2	-2	-2	-2	-4	-3	-6	1	1	3	-1	-1	7	4	4	3	-2	-2	-2	-2	-4	-2	2	-3	-2	-2	-8	9	-1	
-2	-7	-7	0	2	-1	3	3	18	5	-2	-2	-15	-15	-5	7	-1	-4	-3	4	4	-3	-12	1	1	5	-7	-1	-1	5	5	10	8	-2	4	4	-8	-13	12	-2	-2	-3	-3	-4	-4	7	7	-8	-8	-4	-12	-12	1	1	-2	-5	-5	-8	-8	-3	-8	-10	-1	-1	0	8	-1	-1	-5	-5	5	6	-2	4	4	-1	1	-9	-4	6	6	-3	-10	-10	-3	-3	5	1	8	-13	-13	-4	2	5	-8	0	0	3	-12	4	9	9	6	-3	-3	6	2	2	-1	6	-3	-7	-7	2	0	-2	7	-8	-8	4	-12	-8	-1	-1	-3	0	-2	-6	-8	12	0	-5	-4	-9	8	-2	-2	-1	-6	-6	6	6	6	1	-4	-3	-3	4	4	-2	-2	-4	-4	14	-1	-7	0	0	-1	1	-5	-16	-2	-3	-5	-1	-1	4	4	-3	-3	-1	-1	-8	-8	-1	3	-14	5	5	8	-8	-8	8	8	8	-3	-13	0	-6	-6	2	5	6	-13	-8	-8	-13	10	-3	
1	-24	-24	11	-4	0	-7	-7	29	3	1	1	-18	-18	5	12	-16	-2	-10	-6	-7	-5	5	4	4	15	-13	1	1	-16	-16	18	6	-2	-1	-1	-34	-19	46	-13	-13	-17	-17	-10	-10	17	17	14	14	-24	-6	-6	-3	-3	-10	-10	-10	0	0	-19	-7	-15	7	7	1	4	11	11	10	10	5	11	1	12	12	8	9	-5	8	1	1	-3	-17	-17	-2	-2	17	-8	18	-12	-12	8	-9	11	-14	-9	-9	6	-22	2	5	5	18	7	-17	13	0	0	-1	15	-16	-7	-7	-3	1	-5	15	-12	-12	4	-8	-9	-6	-6	-6	-19	0	6	4	10	-4	-8	-6	-4	-8	-20	-20	3	-9	-9	14	14	14	-4	0	-6	-6	13	13	3	3	-14	-14	2	-12	-8	6	6	1	2	-1	-11	-10	-6	22	-14	-14	6	6	-12	-12	-4	-4	-9	-9	-8	2	-17	10	10	31	-22	-22	15	22	22	-7	-9	-5	-6	-6	-19	10	20	5	-18	-18	-8	36	-5	
-57	-26	-26	25	94	33	-31	-31	-44	35	50	50	42	42	-30	30	-19	-5	-43	-11	7	-12	8	-14	-14	-43	0	15	15	27	27	54	45	1	26	26	2	0	-8	72	72	-84	-84	67	67	-92	-92	-29	-29	-28	-68	-68	-85	-85	21	-12	-12	9	9	56	52	-29	-17	-17	-7	48	24	24	-74	-74	21	-86	-31	10	10	68	8	10	28	14	14	11	-2	-2	-17	-17	0	-40	12	23	23	45	-44	19	83	-55	-55	-10	-3	-11	76	76	41	-25	-8	27	28	28	-43	22	-50	-39	-39	-35	-51	12	-17	28	28	34	39	30	-39	-39	16	-11	-15	-4	-43	-15	13	-15	10	-6	1	-77	-77	13	3	3	94	94	94	-12	-21	-27	-27	35	35	-70	-70	-16	-16	59	-62	-43	-17	-17	17	-81	4	26	-47	-6	43	1	1	34	34	-9	-9	-65	-65	-6	-6	39	6	-24	4	4	47	29	29	-24	-4	-4	0	-33	41	22	22	-10	-18	33	37	-29	-29	16	31	15	
24	-38	-38	20	-104	-13	-27	-27	-10	53	-32	-32	53	53	-43	-75	27	-98	-43	118	-39	18	-36	23	23	87	3	-68	-68	-75	-75	67	0	6	-33	-33	-26	11	-35	127	127	20	20	58	58	-40	-40	42	42	-73	-12	-12	-58	-58	30	-75	-75	72	72	-19	-20	-12	66	66	-7	79	15	15	-62	-62	52	-122	-39	14	14	17	-113	-51	7	-36	-36	36	45	45	-85	-85	38	-21	45	45	45	15	-28	-128	24	-83	-83	-29	76	74	78	78	21	-62	-46	-50	53	53	45	62	-41	36	36	-71	42	-13	-26	-4	-4	35	8	62	-107	-107	39	-66	63	49	-8	-1	-30	-6	-23	52	49	-8	-8	3	-128	-128	-9	-9	-9	-9	-1	92	92	-68	-68	-50	-50	-94	-94	54	-65	-29	-33	-33	-30	-94	22	15	-39	-6	33	54	54	80	80	18	18	28	28	17	17	13	23	42	-29	-29	-91	10	10	4	-96	-96	16	-10	0	-1	-1	97	14	54	49	-7	-7	-38	47	-30	
-31	0	0	42	59	-17	-20	-20	-100	22	64	64	-28	-28	1	-23	16	11	33	23	42	12	21	19	19	-25	2	3	3	1	1	18	20	-5	-18	-18	-13	1	-22	29	29	10	10	-36	-36	-5	-5	45	45	-51	-1	-1	22	22	-36	3	3	-16	-16	-37	54	-26	1	1	5	8	35	35	19	19	23	-41	-40	-47	-47	19	-29	13	-38	44	44	-39	8	8	-3	-3	-10	17	-30	27	27	-53	17	0	7	66	66	27	39	-19	-15	-15	0	-22	-19	-1	-17	-17	-15	3	23	42	42	-1	10	-16	14	-14	-14	25	34	42	-43	-43	-15	-16	-63	-14	-4	6	55	-14	-23	11	-2	-17	-17	-4	-34	-34	27	27	27	24	-1	11	11	-14	-14	-4	-4	15	15	5	4	-15	-6	-6	12	-36	-25	7	-8	33	-15	-57	-57	-15	-15	35	35	26	26	0	0	-1	24	-28	3	3	3	21	21	25	16	16	15	-12	8	15	15	7	-69	-3	4	-29	-29	7	-17	3	
-12	-6	-6	-6	3	-11	1	1	-5	10	22	22	-15	-15	-8	3	3	-8	4	17	11	-15	3	-13	-13	-1	5	3	3	3	3	3	4	-3	-3	-3	-3	-7	-2	-6	-6	8	8	-1	-1	7	7	7	7	-17	-7	-7	6	6	2	-2	-2	-8	-8	4	-2	-25	7	7	-6	5	4	4	-12	-12	-1	-13	7	-4	-4	-3	-10	3	-7	6	6	-5	-2	-2	-18	-18	-1	-9	6	3	3	-4	-4	9	0	-2	-2	0	-16	-2	-5	-5	-1	8	0	13	-6	-6	-4	5	-3	6	6	-1	3	-6	12	-7	-7	0	11	11	0	0	-7	5	-9	-5	-2	5	1	1	-13	-3	-1	-3	-3	0	-8	-8	15	15	15	8	6	-1	-1	-11	-11	-4	-4	10	10	7	-1	-3	-4	-4	-2	-11	-5	5	-5	3	-19	5	5	-4	-4	1	1	5	5	-3	-3	-3	9	-10	2	2	-4	-7	-7	10	15	15	7	1	-8	0	0	-2	-7	5	5	-2	-2	-4	-2	0	
0	-4	-4	-1	-3	-7	2	2	4	5	9	9	-10	-10	-6	1	0	-1	2	5	5	-8	-1	-4	-4	-3	0	0	0	-3	-3	3	4	-3	1	1	-4	-8	4	-3	-3	6	6	-2	-2	2	2	-1	-1	-5	-6	-6	2	2	0	-4	-4	-6	-6	-4	-2	-10	-3	-3	0	3	3	3	-4	-4	4	-5	3	0	0	-2	-1	1	-6	3	3	-2	-8	-8	-3	-3	-2	-4	4	-3	-3	0	-3	1	-5	-1	-1	2	-11	-1	-1	-1	0	7	-3	5	-6	-6	-3	2	-1	1	1	0	-1	-2	5	-5	-5	0	1	-2	2	2	-3	7	-2	-4	-2	2	-1	-2	-6	-1	0	-2	-2	0	-6	-6	9	9	9	6	2	-1	-1	-3	-3	-3	-3	-1	-1	4	-1	-1	-1	-1	3	-5	-2	-2	4	3	-6	-4	-4	-5	-5	-1	-1	-1	-1	-2	-2	-1	4	-7	1	1	-1	-3	-3	8	4	4	5	2	-4	-2	-2	-1	1	3	0	-6	-6	-4	4	0	
Trial:18
1	-3	-4	-4	0	-7	-7	8	8	-2	5	2	-3	-3	0	0	-3	-3	-2	-2	1	-4	-4	-9	-9	-5	-9	7	-6	-6	0	-2	9	-1	-1	8	1	3	-4	3	3	-3	-4	1	0	-2	-2	-1	2	6	-6	-6	3	0	-5	6	6	5	5	-5	-5	-6	-6	-6	1	5	5	0	-7	-7	0	0	3	3	0	0	2	-3	-3	-4	-4	0	-6	-6	3	3	-9	1	-12	-12	-3	-3	4	-3	4	-1	-1	-1	-4	1	7	-3	0	1	-6	-6	-2	-2	-8	-2	6	-3	-3	3	3	-2	3	1	1	1	-7	-7	4	4	-5	-2	-2	-1	-1	7	-1	-1	-1	3	3	2	-2	3	-10	-10	-3	2	0	-7	-7	2	-3	1	1	2	2	0	-2	-2	-5	-5	7	7	-12	-2	10	10	1	1	-4	-4	9	-8	-8	0	2	-2	-2	2	2	-8	-6	-8	4	4	-5	-12	3	1	1	5	-1	1	1	-5	-5	2	-3	1	-6	-6	-10	3	-4	-4	
-2	-6	-7	-7	4	-9	-9	12	12	5	18	3	-2	-2	-2	-2	0	0	0	0	3	-5	-5	-11	-11	-9	-11	8	-4	-4	-2	-1	5	-1	-1	19	6	11	-2	8	8	-2	-5	-6	0	-4	-4	-1	5	10	-6	-6	1	-2	-13	10	10	9	9	-6	-6	-4	-4	-11	-4	6	6	4	-7	-7	0	0	-1	-1	-1	-1	2	5	5	-8	-8	-1	-8	-8	7	7	-7	8	-15	-15	-4	-4	6	-3	-12	-2	-2	3	-6	1	10	-5	-6	2	-7	-7	2	2	-6	-2	8	0	0	2	1	2	-1	-10	-10	-5	-11	-6	7	7	-13	1	7	1	1	7	0	-6	-6	5	5	3	-4	-6	-1	-1	-2	-1	-1	-7	-7	8	-6	0	0	1	1	-5	-8	-7	0	0	14	14	-20	-5	8	8	-1	-1	6	6	16	-14	-14	-6	0	-8	-8	4	4	-6	-4	-8	-1	-1	-5	-10	13	0	0	7	2	-2	-2	-8	-8	4	-3	3	-8	-8	-9	5	-6	-6	
-18	-2	-6	-6	3	-16	-16	18	18	10	40	13	13	13	-8	-8	-13	-13	14	14	6	-6	-6	-36	-36	-15	-30	10	14	14	-17	12	7	15	15	19	2	10	3	12	12	-7	15	-5	18	-16	-16	6	8	25	13	13	-10	-5	-13	4	4	18	18	-5	-5	-18	-18	-21	-8	6	6	-1	-4	-4	8	8	-14	-14	5	5	-12	5	5	-6	-6	5	-16	-16	17	17	3	-2	-11	-11	-5	-5	7	-2	-2	-6	-6	5	-6	2	24	-6	-10	5	-3	-3	-4	-4	-22	-18	19	38	38	9	0	18	-17	-28	-28	-32	-14	-8	16	16	-20	5	5	9	9	6	-1	-8	-8	10	10	-18	-2	-10	-5	-5	-4	-19	-4	-3	-3	21	-15	1	1	-18	-18	-1	-11	-2	-6	-6	-6	-6	-9	-16	14	14	24	24	11	11	57	-41	-41	-6	2	-46	-46	-2	-2	2	-10	-16	20	20	-6	9	13	17	17	8	13	-2	-2	-13	-13	2	-21	22	-23	-23	-20	-6	-18	-18	
8	33	18	18	58	-40	-40	7	7	-56	75	30	9	9	-74	-74	21	21	75	75	25	32	32	-47	-47	-67	20	23	-21	-21	-61	58	-50	26	26	-3	9	-23	76	67	67	-7	59	-49	31	-42	-42	-17	-2	-32	97	97	95	65	1	-7	-7	-91	-91	24	24	-17	-17	17	45	-23	-23	44	2	2	4	4	19	19	-46	-46	-76	59	59	-5	-5	36	-29	-29	44	44	-22	12	-11	-11	-6	-6	38	-15	-22	-112	-112	-26	-7	15	99	-37	-15	17	5	5	43	43	48	-6	44	56	56	49	-38	-33	-16	-31	-31	-39	35	-68	21	21	-38	-64	55	-46	-46	70	-2	0	0	1	1	57	41	11	61	61	5	-18	-87	-5	-5	16	27	-64	-64	25	25	43	38	31	60	60	-98	-98	-22	17	-45	-45	77	77	33	33	60	-81	-81	24	-47	38	38	-8	-8	-21	0	-55	50	50	-34	57	-77	3	3	85	104	49	49	-59	-59	-75	-61	90	-21	-21	-88	-128	42	42	
108	-15	61	61	42	-55	-55	-64	-64	48	79	-20	-6	-6	-41	-41	-31	-31	-52	-52	-6	80	80	127	127	-124	3	-100	122	122	62	127	-128	21	21	-74	12	-69	59	36	36	56	93	-9	82	-22	-22	-103	86	24	56	56	3	79	105	-23	-23	-105	-105	-22	-22	-82	-82	-79	127	77	77	127	-12	-12	52	52	-86	-86	-128	-128	29	86	86	47	47	-38	47	47	14	14	35	20	-12	-12	-13	-13	22	127	5	31	31	-120	30	-16	102	-68	-55	-2	-58	-58	74	74	95	-23	8	54	54	15	-53	47	-17	-69	-69	-79	5	-50	88	88	-26	23	113	47	47	109	-107	-8	-8	50	50	60	-30	-4	43	43	-3	79	-59	-54	-54	60	35	56	56	0	0	47	73	56	-28	-28	-90	-90	10	6	-124	-124	-74	-74	-50	-50	-9	83	83	102	-43	22	22	10	10	2	99	-55	-128	-128	84	55	-33	-115	-115	9	30	127	127	46	46	-46	35	-46	104	104	-80	-37	17	17	
-21	26	-3	-3	19	3	3	9	9	23	15	13	-10	-10	-6	-6	7	7	-54	-54	12	14	14	-2	-2	-13	-1	14	-46	-46	-50	-37	8	22	22	23	39	-25	17	37	37	9	29	-5	5	-3	-3	-36	-8	8	21	21	24	15	11	20	20	17	17	-38	-38	-39	-39	-17	-14	41	41	23	-23	-23	-38	-38	6	6	-11	-11	-7	17	17	-19	-19	-21	1	1	34	34	-28	-5	-6	-6	2	2	20	1	9	-29	-29	3	-3	10	20	-56	-3	45	37	37	23	23	-4	-5	11	-19	-19	8	-13	5	-19	25	25	-45	-34	-6	-43	-43	3	19	18	-11	-11	23	11	4	4	5	5	-8	-17	-4	-2	-2	-31	-8	-7	-61	-61	15	-5	36	36	4	4	19	5	36	-5	-5	-13	-13	-2	-17	-48	-48	-15	-15	-38	-38	35	-4	-4	26	-3	13	13	-6	-6	-43	24	-6	-30	-30	21	-33	1	-2	-2	-2	-15	16	16	-8	-8	8	-13	5	32	32	-64	1	26	26	
-8	0	-7	-7	3	-8	-8	15	15	-2	10	3	-4	-4	-3	-3	3	3	-3	-3	-1	-14	-14	-10	-10	0	-5	14	-16	-16	-4	-10	13	0	0	23	8	17	-3	15	15	-3	0	3	-6	6	6	-14	1	0	-2	-2	2	1	-8	11	11	7	7	-15	-15	-17	-17	-7	2	9	9	6	0	0	-9	-9	6	6	-2	-2	4	-3	-3	-10	-10	-7	-1	-1	2	2	-14	2	-10	-10	-12	-12	15	-13	8	-13	-13	7	1	4	3	-14	-2	9	-2	-2	8	8	-8	4	3	-22	-22	10	-4	-13	2	3	3	8	-29	-6	7	7	-12	11	5	-6	-6	13	1	1	1	13	13	0	-6	1	-1	-1	-10	8	3	-16	-16	5	-2	-1	-1	4	4	-3	0	-3	-3	-3	19	19	-20	-4	8	8	-4	-4	-10	-10	3	-3	-3	-4	-1	8	8	-3	-3	-22	-12	-3	2	2	0	-18	5	3	3	2	-11	4	4	-11	-11	5	-14	2	-1	-1	-14	3	4	4	
-2	-2	-4	-4	0	-7	-7	10	10	-1	5	2	-5	-5	1	1	-2	-2	-1	-1	1	-9	-9	-7	-7	0	-9	8	-6	-6	1	-2	9	-4	-4	16	2	10	-2	8	8	-4	0	2	-4	2	2	-8	1	3	-4	-4	2	-1	-8	5	5	4	4	-9	-9	-9	-9	-6	0	8	8	2	-2	-2	-5	-5	2	2	-1	-1	3	-5	-5	-5	-5	-1	-6	-6	1	1	-8	-2	-8	-8	-4	-4	6	-4	5	-5	-5	0	-5	1	3	-6	-1	5	-5	-5	2	2	-5	3	1	-10	-10	5	-2	-5	2	1	1	6	-13	-7	3	3	-11	3	4	-3	-3	7	3	0	0	4	4	0	-4	-1	-4	-4	-6	1	-2	-6	-6	3	-4	2	2	1	1	-2	2	-2	-4	-4	11	11	-13	-3	10	10	-3	-3	-4	-4	5	-5	-5	-2	0	-1	-1	-2	-2	-10	-7	-3	4	4	-3	-12	1	2	2	8	-1	0	0	-7	-7	2	-4	2	-5	-5	-11	1	1	1	
Trial:19
-1	-1	2	-7	-7	3	3	-5	-7	-7	6	6	-2	-1	-1	-4	-4	2	-6	-6	0	9	9	0	3	-9	-3	-3	-6	4	2	1	4	4	-3	-2	4	-1	-1	-1	4	3	-1	-1	-3	-2	1	1	-9	-9	-1	1	-7	-2	-2	-3	2	-3	2	2	-2	-4	-4	-6	-6	-6	7	-1	2	-4	-4	2	-5	-5	-2	-2	2	4	-3	-3	2	2	-1	-6	-7	-2	-2	3	-3	-2	-2	0	0	1	1	3	0	-1	-1	-1	-2	0	-3	-3	-3	-3	0	6	6	6	3	-8	2	-3	-4	-3	-3	9	9	1	1	17	17	-16	-7	-9	0	0	-11	-11	-8	-8	2	2	-1	-3	-4	0	0	2	2	0	0	-5	-5	4	4	-11	0	0	1	1	0	0	1	1	1	1	-4	4	4	-4	-4	6	-2	-8	-8	-15	-15	1	-52	-52	10	10	36	36	-38	-38	-5	-5	28	6	6	-8	-8	12	5	5	7	7	7	-8	2	2	-3	-3	1	-10	-10	-4	
-10	-10	-3	-16	-16	16	16	-6	-9	-9	11	11	-3	-4	-4	-7	-7	2	-6	-6	2	16	16	-5	0	-8	-2	-2	-8	8	6	-2	-5	-5	3	-7	2	-5	-5	-3	4	6	1	1	1	-2	-1	-1	-18	-18	-3	4	-2	-2	-2	-2	7	-1	5	5	-6	-5	-5	-3	-3	-3	5	-1	1	-7	-7	7	-5	-7	-6	-6	1	6	-3	-3	2	2	-3	-9	1	1	1	-2	-5	-7	-7	-3	-3	0	0	-2	-6	-5	-5	-5	-4	1	2	2	-3	-3	-1	5	5	5	8	-11	6	4	8	-16	-16	16	16	-1	-1	-7	-7	3	-9	6	4	4	-10	-10	-7	-7	-6	-6	2	-8	-3	1	1	2	2	-9	-9	5	5	2	2	-11	-3	-3	1	1	0	0	-1	-1	-5	-5	-1	3	3	-3	-3	-1	3	8	8	-2	-2	-15	6	6	-1	-1	2	2	-2	-2	-11	-11	-8	4	4	-5	-5	-4	2	2	7	7	7	-3	1	1	-5	-5	-15	-8	-8	-3	
-7	-7	-10	-4	-4	22	22	-31	-34	-34	21	21	10	-32	-32	-19	-19	18	-12	-12	23	34	34	-16	-3	-29	-12	-12	-28	-5	20	-21	8	8	10	-8	12	-14	-14	-3	-2	3	9	9	-4	6	-1	-1	-33	-33	-5	7	4	-1	-1	-4	10	10	0	0	6	-15	-15	-8	-8	-8	5	6	9	-3	-3	1	-8	-16	-14	-14	0	22	-7	-7	5	5	2	-22	0	-5	-5	-14	1	-7	-7	-1	-1	11	11	-10	3	-11	-10	-10	-22	0	-9	-9	-22	-22	18	-21	-21	-21	1	-14	28	17	41	-21	-21	37	37	-9	-9	0	0	30	-1	-8	11	11	-33	-33	-14	-14	8	8	-5	-6	-10	8	8	3	3	-17	-17	1	1	3	3	-30	8	8	0	0	1	1	-10	-10	-32	-32	9	16	16	16	16	-7	4	2	2	0	0	-10	6	6	1	1	9	9	0	0	-26	-26	-24	8	8	15	15	-23	14	14	8	8	8	0	-1	-1	-2	-2	-5	-63	-63	0	
127	127	46	-34	-34	65	65	-20	-56	-56	26	26	40	34	34	2	2	6	-45	-45	25	-71	-71	66	52	-12	-63	-63	-50	40	26	-13	-51	-51	39	-27	86	91	91	27	7	12	-37	-37	-21	-49	59	59	-85	-85	-40	-23	-86	-6	-6	80	-2	40	-19	-19	-26	-14	-14	-43	-43	-43	-67	-62	37	11	11	70	7	29	-34	-34	37	-28	12	12	-39	-39	35	44	25	-26	-26	-38	-76	-29	-29	17	17	-10	-10	-13	22	85	9	9	34	14	-79	-79	-27	-27	89	-61	-61	-61	-30	-18	-35	15	-77	-78	-78	-60	-60	-34	-34	127	127	49	-17	-25	25	25	81	81	11	11	14	14	-38	75	-64	-59	-59	19	19	24	24	60	60	3	3	-53	36	36	-102	-102	56	56	-18	-18	1	1	-8	72	72	18	18	35	-34	-85	-85	-82	-82	115	-33	-33	-1	-1	5	5	37	37	-10	-10	-34	-22	-22	-40	-40	-84	-51	-51	108	108	108	82	-21	-21	61	61	-1	-128	-128	-3	
115	115	55	-103	-103	-93	-93	16	-45	-45	-20	-20	1	12	12	-30	-30	-41	-54	-54	19	-16	-16	-26	-43	120	-69	-69	17	-51	6	71	-46	-46	65	3	118	-46	-46	-29	-8	126	-73	-73	-59	-59	-62	-62	127	127	-25	-76	-25	-96	-96	-2	-24	64	105	105	-42	38	38	-19	-19	-19	-94	-26	-69	107	107	72	116	25	-44	-44	36	-43	66	66	-50	-50	-19	127	-6	-88	-88	-116	73	2	2	98	98	1	1	8	-23	-10	37	37	-128	82	-16	-16	-6	-6	44	29	29	29	57	37	-31	-1	-72	-91	-91	-34	-34	-3	-3	93	93	-111	20	15	52	52	18	18	107	107	-56	-56	-109	-42	20	-65	-65	-9	-9	6	6	80	80	-124	-124	124	50	50	-58	-58	43	43	-46	-46	87	87	-22	51	51	31	31	-26	48	-31	-31	15	15	7	22	22	58	58	-71	-71	-52	-52	55	55	-28	49	49	-80	-80	-8	-20	-20	127	127	127	-38	24	24	76	76	79	-125	-125	-122	
21	21	13	18	18	-21	-21	74	-48	-48	27	27	-6	30	30	-20	-20	-16	-16	-16	25	8	8	32	-30	32	-83	-83	18	61	-36	1	-73	-73	88	-27	0	-37	-37	20	5	36	45	45	5	17	-79	-79	25	25	5	13	-7	-86	-86	2	-11	12	28	28	42	44	44	62	62	62	-15	2	-13	9	9	7	-10	50	-14	-14	16	17	-20	-20	-10	-10	21	-2	-67	-47	-47	-23	-3	11	11	7	7	-17	-17	-20	-47	2	45	45	33	12	-69	-69	19	19	-13	61	61	61	29	-33	-3	12	-38	-7	-7	-9	-9	-13	-13	26	26	-17	-33	-89	-60	-60	58	58	62	62	67	67	19	-20	13	-11	-11	-43	-43	49	49	3	3	-22	-22	-27	-52	-52	26	26	-1	-1	9	9	2	2	-31	70	70	50	50	59	-30	-22	-22	0	0	-26	-20	-20	37	37	4	4	9	9	-3	-3	16	10	10	-60	-60	-43	14	14	-35	-35	-35	23	-34	-34	-47	-47	15	41	41	-42	
2	2	4	-13	-13	6	6	0	-14	-14	7	7	-7	13	13	-2	-2	3	-4	-4	-3	11	11	-7	4	-5	-8	-8	-7	7	0	-1	1	1	-20	-2	14	6	6	3	-8	2	1	1	0	-4	-3	-3	-9	-9	-6	1	-3	-11	-11	-5	2	-9	12	12	1	4	4	-6	-6	-6	6	-12	4	0	0	-7	3	1	0	0	10	0	-5	-5	3	3	4	-11	-4	1	1	2	-2	-11	-11	-1	-1	3	3	10	-16	7	0	0	-5	12	-10	-10	2	2	5	9	9	9	7	-6	-1	-1	-21	3	3	5	5	-13	-13	-2	-2	-3	3	-9	-5	-5	-15	-15	10	10	9	9	7	-11	7	-9	-9	3	3	5	5	-7	-7	-4	-4	-11	1	1	-3	-3	1	1	5	5	10	10	-4	9	9	-7	-7	3	1	2	2	4	4	-3	8	8	4	4	-10	-10	-1	-1	-25	-25	4	2	2	-9	-9	-4	2	2	-2	-2	-2	-4	-1	-1	-1	-1	-4	-9	-9	-6	
-1	-1	-2	-5	-5	2	2	-7	-7	-7	6	6	0	4	4	-5	-5	1	-2	-2	-1	8	8	-2	2	-4	-4	-4	-3	1	-1	1	3	3	-8	-1	7	0	0	3	-1	0	-2	-2	0	-4	3	3	-11	-11	-3	0	-1	-4	-4	-2	3	-6	4	4	-2	-4	-4	-9	-9	-9	5	-7	2	-4	-4	-1	0	-3	-1	-1	3	3	-4	-4	3	3	3	-7	-4	-3	-3	0	-3	-5	-5	-1	-1	0	0	7	-5	2	-1	-1	-3	4	-5	-5	0	0	-2	-4	-4	-4	-5	1	0	-3	-4	29	29	-3	-3	2	2	-5	-5	-3	0	-6	-7	-7	-9	-9	-1	-1	1	1	1	-7	1	-2	-2	5	5	1	1	-6	-6	3	3	-9	1	1	-1	-1	-1	-1	2	2	5	5	-4	3	3	-7	-7	-1	-1	1	1	0	0	-5	4	4	1	1	-5	-5	-1	-1	-17	-17	1	2	2	-2	-2	-2	1	1	0	0	0	-3	-1	-1	0	0	0	-8	-8	-3	
