2020/5/20 8:15:13
Sampling rate: 100
Measure time: 2
Trial:0
-15	4	4	-4	-4	10	10	-3	-2	1	-5	-5	2	-1	-6	0	-8	-2	0	-3	2	-3	-3	1	1	0	1	1	5	5	-2	-2	-2	-2	-2	1	-2	-1	-1	1	1	-3	-5	-5	1	1	-2	-6	1	5	5	-10	2	-5	0	0	2	1	-2	-2	1	1	-1	1	-1	3	1	-4	1	-5	-5	0	0	1	4	-5	-5	-5	7	0	-1	0	2	2	-7	5	-3	6	-4	-1	9	0	0	4	4	-4	4	-1	-2	-6	-6	4	-6	-3	-4	-4	-5	-5	1	-1	-2	2	1	-2	-1	-1	-1	2	2	-2	1	1	2	2	-3	-1	-3	-3	-3	-3	5	-2	-2	5	5	-1	-2	-5	-2	-5	-2	3	0	0	-1	-1	8	-3	-3	1	1	-4	3	-4	0	-1	-4	-4	3	3	-2	-2	-2	2	-1	0	0	-1	-1	1	2	2	-3	-10	-2	-2	3	3	2	1	-2	-2	-2	-4	3	-6	-6	-7	-7	-8	-8	2	3	3	3	3	1	0	0	-1	
-4	3	3	-3	-3	2	2	-1	0	-2	-2	-2	-2	1	1	-4	-7	2	-1	0	1	0	0	-1	-1	-3	-5	-5	-1	-1	0	1	1	1	1	-1	-2	1	1	0	0	0	-2	-2	2	2	1	-3	0	-2	-2	-9	3	-3	3	3	1	0	-4	-4	-1	-1	2	3	-5	1	0	-2	2	-5	-7	-1	-1	1	-3	-3	-3	-2	3	-1	0	0	0	0	-4	1	-5	-1	0	-4	4	1	-1	0	0	-2	2	-4	1	-3	-3	6	-5	0	-1	-1	0	0	-1	1	-5	0	-3	3	1	2	2	0	0	-3	0	0	-4	-4	-1	-3	-5	-5	0	0	3	0	-3	3	3	-1	-1	2	0	-5	3	1	-2	-2	-3	-3	5	-3	-3	-2	-2	-7	0	-1	-2	-2	-4	-4	6	6	3	3	-4	-1	-3	0	0	-3	-1	-2	5	5	-2	-4	-1	-4	0	0	-2	-2	0	0	0	-6	4	-7	-7	-2	-2	-1	-1	2	0	0	2	2	-4	-2	-2	-1	
4	6	6	-5	-5	3	3	2	4	-8	8	8	-1	3	5	1	-25	8	-6	-3	-2	20	20	-6	-6	-4	-11	-11	-2	-2	2	-2	-2	-1	-1	-4	11	6	6	5	5	-7	-2	-2	16	16	1	-9	-2	-15	-15	-11	-2	-3	-1	-1	8	5	2	2	4	4	-10	5	-1	0	-2	4	2	-20	-20	2	2	3	-3	-3	-3	-1	13	2	10	0	0	0	-6	-13	-15	7	11	-9	9	2	5	-2	-2	-6	3	-16	6	5	5	18	-4	5	-3	-3	-15	-15	8	-2	-6	1	-22	10	-4	9	9	6	6	-2	-3	-3	-9	-9	5	-5	-2	-2	3	3	-15	-2	4	-2	-2	4	1	10	9	2	11	-6	-2	-2	-7	-7	17	-2	-2	-11	-11	-9	-5	-13	-4	1	6	6	30	30	13	13	2	-2	-16	-2	-2	-12	3	-10	22	22	-20	1	8	-3	-4	-4	-23	-4	5	3	3	-9	9	-13	-13	7	7	4	4	-1	-5	-5	12	12	-16	-2	-2	-8	
-2	2	2	-2	-2	-3	-3	-1	-7	4	-1	-1	0	2	-1	-2	-5	4	-7	3	3	2	2	-4	-4	-2	-1	-1	-7	-7	2	1	1	-1	-1	-4	2	5	5	3	3	-2	-2	-2	1	1	8	-3	-2	-1	-1	-10	5	-6	3	3	1	2	-2	-2	-1	-1	2	4	-2	-1	-4	2	-6	2	-10	4	4	-2	1	4	4	0	3	-8	-2	-1	0	0	-7	-8	0	-7	6	-1	10	4	2	1	1	-6	6	-12	4	-2	-2	7	0	1	-4	-4	4	4	1	0	-3	-4	-5	4	-3	1	1	-6	-6	0	3	3	-1	-1	3	-4	-4	-4	2	2	-2	0	3	2	2	-1	-1	0	7	0	0	-4	-8	-8	1	1	5	-3	-3	-1	-1	-4	-3	-1	-7	1	-4	-4	2	2	1	1	-1	-4	-3	2	2	2	1	-5	-4	-4	-4	3	-5	-2	-3	-3	4	-4	3	0	0	-5	8	-6	-6	-2	-2	-1	-1	-3	1	1	4	4	-1	-4	-4	1	
-64	38	38	20	20	-25	-25	-29	-38	41	-28	-28	-9	-9	9	9	26	-24	-56	5	60	7	7	-31	-31	18	-15	-15	23	23	2	11	11	5	5	-24	-3	4	4	-8	-8	-7	-6	-6	-31	-31	27	0	0	-5	-5	10	17	-13	-2	-2	13	7	5	5	-64	-64	-28	-8	41	-30	6	12	-48	29	-33	42	42	-4	29	52	52	26	-2	-52	-11	-9	-3	-3	45	-40	-2	-21	0	14	7	55	43	-29	-29	-1	27	-17	26	3	3	0	-4	7	-21	-21	-5	-5	16	14	20	-42	-17	-14	18	-11	-11	-65	-65	22	24	24	9	9	-26	-47	-28	-28	18	18	-1	12	8	-7	-7	-16	5	-5	28	10	-16	6	-25	-25	3	3	19	-32	-32	5	5	5	-19	-8	-9	-10	22	22	19	19	-31	-31	-2	-23	34	21	21	-28	21	-7	-52	-52	5	35	-3	2	36	36	-6	16	3	-1	-1	-7	-6	-9	-9	12	12	14	14	-22	21	21	-4	-4	-2	-4	-4	-1	
-9	5	5	4	4	-6	-6	-1	-8	5	1	1	-4	-2	-5	0	1	-2	-4	1	-2	5	5	-4	-4	-2	0	0	-2	-2	-2	4	4	-2	-2	-4	0	5	5	-1	-1	-5	-4	-4	-3	-3	9	0	-2	1	1	-7	4	-2	3	3	-6	3	1	1	-4	-4	1	2	2	-1	-8	3	-9	6	-14	6	6	-1	0	5	5	0	2	-8	-3	2	4	4	-6	-7	1	-6	3	2	4	2	5	-3	-3	1	5	-9	-3	0	0	0	-1	1	-5	-5	0	0	2	2	0	-8	-2	-2	-2	0	0	-13	-13	0	6	6	1	1	-4	-4	-7	-7	1	1	2	-6	4	3	3	1	3	-1	5	2	-7	-1	-12	-12	0	0	3	-8	-8	5	5	0	-5	-1	-1	1	-1	-1	-2	-2	0	0	-3	-10	-3	3	3	-1	1	-1	-13	-13	-6	0	-1	0	1	1	2	-3	4	1	1	-8	0	-4	-4	4	4	1	1	-8	5	5	3	3	-2	-7	-7	2	
-5	-2	-2	-2	-2	10	10	-1	-2	-1	-2	-2	-3	-4	-6	0	0	6	-3	0	0	1	1	0	0	-3	1	1	-4	-4	-1	0	0	-2	-2	-2	3	2	2	1	1	-4	-1	-1	0	0	1	-2	0	2	2	-8	0	-5	1	1	2	1	-1	-1	0	0	3	1	-1	0	-3	0	-3	-1	-5	4	4	-1	0	2	2	-3	0	-2	0	-2	-1	-1	-2	1	-2	-1	1	0	0	0	0	-1	-1	-1	3	-3	-1	-1	-1	4	-2	-2	-3	-3	1	1	2	1	-2	-1	-4	-2	-5	0	0	1	1	1	2	2	-1	-1	1	-1	-4	-4	-4	-4	3	1	0	3	3	0	-3	0	1	0	-1	-2	-3	-3	-2	-2	0	-2	-2	1	1	-5	2	-2	0	1	-4	-4	-2	-2	1	1	-1	0	-1	-2	-2	1	1	1	-2	-2	-5	-3	0	2	0	0	0	-4	-1	-2	-2	-12	1	-3	-3	-2	-2	0	0	-4	5	5	5	5	-7	-1	-1	2	
-8	1	1	-3	-3	8	8	-2	-5	19	-9	-9	-5	-22	-8	2	-4	23	-3	2	-4	-8	-8	5	5	-6	0	0	3	3	-3	3	3	-4	-4	-3	5	2	2	-1	-1	-2	-1	-1	5	5	-13	-7	5	4	4	-5	1	-9	3	3	6	1	11	11	-4	-4	4	1	-3	0	-3	1	-2	-19	-7	18	18	4	7	-4	-4	-15	3	0	-3	-7	-1	-1	-7	-1	-15	-10	8	-4	3	2	4	3	3	-8	9	3	-2	-1	-1	8	-4	-4	-2	-2	-6	-6	2	-17	-2	2	-1	-10	-13	-1	-1	6	6	4	0	0	7	7	0	-4	-8	-8	-1	-1	0	2	-4	-4	-4	4	-6	2	-1	-1	-13	1	-2	-2	1	1	0	-2	-2	0	0	-4	0	-2	2	1	6	6	-4	-4	-1	-1	-1	5	-4	-5	-5	-3	3	2	-1	-1	-24	-8	-3	12	0	0	-1	-4	-5	-3	-3	-23	16	-12	-12	2	2	0	0	3	7	7	6	6	-11	2	2	0	
Trial:1
1	8	8	4	4	4	-9	-9	5	5	-2	-15	-15	5	5	12	12	-3	-3	6	6	2	-6	-6	-6	-6	-8	2	-1	-1	1	-2	-6	3	3	-1	0	-1	-4	-4	-5	-5	6	4	-5	-5	0	0	-2	-4	-4	18	18	-1	-5	-7	-5	-4	-4	2	-8	-11	-7	-7	-2	5	4	-6	-3	-3	-7	1	4	1	1	2	-1	10	-5	-5	1	1	0	0	4	4	1	5	-6	2	7	3	4	-3	-4	-8	-1	-4	-3	-4	5	5	-1	-1	1	-10	-5	-2	-2	0	0	-5	-5	0	0	5	-7	-6	-11	-11	7	3	-12	-12	0	0	-7	-9	10	4	4	-2	0	-10	8	0	0	6	12	4	-12	-12	4	-6	-1	-1	-2	-1	3	0	3	-5	-5	0	0	0	2	2	6	4	4	-3	4	4	3	2	-5	3	3	0	-2	3	-4	-4	-6	-6	2	2	-5	-5	1	1	2	10	10	3	-7	0	-12	7	0	0	0	-2	-9	2	-2	-2	-2	-23	
-11	5	5	2	2	10	-9	-9	4	4	1	-9	-9	0	0	14	14	-2	-2	4	4	2	-4	-4	-4	-4	-8	6	-6	-6	-4	-10	-5	9	9	1	-1	-3	-2	-2	-2	-2	3	-5	2	2	1	1	-12	-2	-2	9	9	-15	0	0	-8	0	0	-7	-8	7	0	0	-4	13	-1	-2	6	6	-2	-4	2	1	1	2	0	0	-8	-8	1	1	-3	-3	9	9	-4	-6	-2	-4	-4	-6	13	3	-7	-3	-2	-6	10	-3	5	5	3	3	-1	-13	3	5	5	-12	-12	-7	-7	3	3	-6	-7	-5	-8	-8	0	8	-6	-6	-2	-2	-5	4	12	3	3	-13	-4	-7	4	6	6	-1	4	4	-11	-11	0	3	0	0	3	-1	-3	-2	7	-23	-23	9	-2	3	13	13	5	-6	-6	-10	-1	-1	4	1	2	-2	-2	-8	-19	13	-2	-2	-3	-3	-9	-9	-9	-9	-1	-1	4	7	7	6	-2	5	1	10	-6	3	3	-9	-1	-6	-1	-1	10	-24	
3	-9	-9	5	5	-1	2	2	3	3	0	-4	-4	-2	-2	2	2	2	2	22	22	-21	7	7	-2	-2	-5	2	-5	-5	6	0	-10	10	10	-10	7	-7	-6	-6	3	3	10	-7	9	9	-4	-4	-11	-4	-4	1	1	-1	-6	-3	-1	-1	-1	6	5	-1	-1	-1	-2	-6	-10	7	-4	-4	6	-6	-4	2	2	-4	2	1	-18	-18	5	5	-4	-4	5	5	2	-6	0	2	6	-6	-3	3	-8	-14	5	17	-9	-1	7	7	0	0	-1	-19	-6	1	1	-2	-2	-2	-2	3	3	13	6	-3	-4	-4	-13	-4	-7	-7	-10	-10	-1	6	7	1	1	-7	4	-9	3	9	9	2	4	-14	-9	-9	9	3	-4	-4	-4	7	-1	-7	6	-6	-6	9	-22	2	8	8	3	-1	-1	0	1	1	8	-6	-3	-3	-3	-5	2	9	-12	-12	1	1	-5	-5	0	0	-12	-12	2	2	2	-2	6	-3	9	-6	-6	-10	-10	-10	4	1	4	4	2	0	
1	0	0	-2	-2	1	-1	-1	5	5	-8	-2	-2	0	0	-4	-4	8	8	15	15	-7	3	3	-3	-3	-13	8	1	1	2	-3	-5	-6	-6	-6	-2	-25	8	8	2	2	3	3	-5	-5	2	2	-4	3	3	6	6	0	-1	2	3	-2	-2	-2	4	-1	1	1	-2	-10	-18	14	-1	-1	0	1	2	5	5	1	1	-1	-1	-1	0	0	-1	-1	3	3	-3	-6	-3	-3	-1	-2	-3	-1	-7	0	1	3	-5	-5	1	1	-2	-2	2	-4	-1	2	2	-8	-8	-5	-5	4	4	3	4	-3	2	2	0	-4	3	3	-12	-12	-6	0	5	7	7	4	2	-4	0	6	6	2	1	-11	1	1	0	-1	-6	-6	-3	-1	-3	-3	9	-12	-12	2	-8	5	-5	-5	6	-3	-3	-3	-2	-2	5	-2	-2	-1	-1	-6	1	1	2	2	-1	-1	2	2	-6	-6	-5	-5	-5	7	7	-1	-2	8	5	-10	-3	-3	-3	-3	-12	-8	8	8	3	-2	
8	-7	-7	21	21	-30	-32	-32	10	10	-29	55	55	-5	-5	-20	-20	32	32	48	48	-35	-10	-10	-3	-3	-86	-30	24	24	45	-25	14	-7	-7	8	-8	-90	37	37	22	22	21	-1	-49	-49	21	21	58	-11	-11	19	19	27	18	-10	20	-25	-25	2	-13	19	-2	-2	2	-25	-125	119	7	7	-2	34	6	39	39	2	-14	3	-4	-4	-14	-14	23	23	-15	-15	-7	-25	7	36	5	-9	-8	-32	-69	35	-20	8	-8	-62	24	24	7	7	-12	15	-2	37	37	-69	-69	59	59	17	17	27	-3	-8	9	9	22	-40	16	16	79	79	-61	31	-5	0	0	29	3	-36	9	-19	-19	-3	11	-15	-37	-37	-22	18	36	36	17	18	-16	31	-8	-86	-86	10	-2	24	-28	-28	-17	-20	-20	28	33	33	10	5	9	-6	-6	-2	4	71	-34	-34	-8	-8	13	13	-27	-27	22	22	-56	17	17	24	-16	39	-22	-42	25	16	16	8	-106	-17	12	12	18	3	
0	10	10	8	8	1	-6	-6	2	2	-11	-9	-9	5	5	2	2	8	8	14	14	-4	-2	-2	-11	-11	-4	5	-5	-5	-3	-7	2	-21	-21	4	1	-32	13	13	10	10	1	3	-14	-14	7	7	-4	0	0	1	1	9	-15	3	-2	1	1	7	-5	-2	4	4	-4	-7	-22	11	5	5	1	-2	1	-10	-10	7	-3	2	-17	-17	7	7	4	4	6	6	-4	-6	1	1	1	2	0	-7	-3	-1	1	4	-11	-9	2	2	-3	-3	-4	0	-3	0	0	-15	-15	-16	-16	9	9	13	8	-4	6	6	4	-6	8	8	-10	-10	-4	2	3	7	7	5	-2	0	8	3	3	1	4	-8	1	1	-6	-3	3	3	-2	3	-2	-4	5	-13	-13	2	-9	1	-14	-14	3	-5	-5	-2	-9	-9	4	-4	-2	2	2	-9	2	2	6	6	1	1	4	4	-4	-4	-3	-3	-3	9	9	8	-3	10	0	-13	-7	-1	-1	4	-15	-6	6	6	5	9	
-1	10	10	-1	-1	0	-2	-2	1	1	-2	-14	-14	1	1	2	2	2	2	8	8	5	0	0	-3	-3	-5	2	-7	-7	-5	-5	0	-14	-14	-1	5	-9	5	5	1	1	4	2	-1	-1	-1	-1	-4	3	3	1	1	2	0	0	-3	0	0	3	-2	-3	2	2	-2	-4	-6	-1	2	2	-2	-12	0	-6	-6	4	0	-1	-9	-9	2	2	0	0	3	3	0	-2	-4	1	-1	-1	2	-6	2	-5	-2	1	-5	-1	10	10	-6	-6	-2	-1	-3	-3	-3	-7	-7	-16	-16	4	4	3	3	-3	-2	-2	2	-2	1	1	-6	-6	0	1	0	3	3	1	0	1	1	2	2	2	3	0	0	0	0	-2	-6	-6	-5	2	-2	0	4	-7	-7	-1	0	-1	-2	-2	1	0	0	-3	-1	-1	1	-2	-4	1	1	-3	-1	0	4	4	0	0	-2	-2	-3	-3	-1	-1	2	7	7	3	0	2	-3	-2	-5	-4	-4	2	-1	-1	1	1	-2	-1	
1	35	35	0	0	-1	-9	-9	6	6	-7	-30	-30	3	3	7	7	1	1	9	9	21	-19	-19	-4	-4	-4	2	-4	-4	-1	-1	1	-11	-11	-3	-1	-6	3	3	7	7	19	-12	-1	-1	-5	-5	-2	4	4	1	1	-5	-1	9	-3	0	0	7	-8	-16	4	4	-6	0	0	-5	2	2	4	-32	-1	-2	-2	4	0	5	-11	-11	-3	-3	-12	-12	8	8	11	-5	-6	1	-3	-3	-10	-21	8	-8	-5	5	-6	-4	15	15	-2	-2	2	21	-5	-4	-4	-8	-8	-9	-9	6	6	-2	0	-5	-1	-1	1	-2	-14	-14	-8	-8	4	3	2	3	3	5	0	1	7	4	4	1	0	2	3	3	7	-3	-10	-10	-4	-8	3	3	-1	-5	-5	1	2	-3	1	1	0	3	3	-4	1	1	0	-1	0	2	2	-3	-3	0	6	6	-3	-3	17	17	-7	-7	-5	-5	4	-1	-1	2	-1	3	-7	6	-3	-4	-4	-5	-14	0	2	2	-4	-3	
Trial:2
-5	5	5	-5	5	-14	-1	-1	2	2	3	2	2	0	-14	-12	-3	-3	13	2	0	-2	4	4	-1	-1	6	6	0	0	0	-10	-10	2	2	7	-3	0	-10	-10	-12	-12	6	6	5	5	-1	-5	8	-13	-13	-4	-4	0	1	1	3	3	7	7	-5	-5	-5	9	-18	-2	-2	-10	-10	-5	-5	-3	-3	6	6	1	-19	-19	11	11	5	5	-3	-3	6	6	7	8	8	-10	-10	-27	-27	3	3	-7	-7	5	9	9	2	2	3	2	2	2	-4	-4	12	-10	-10	-2	-2	6	-3	-3	6	6	-5	2	-4	-4	-1	-1	0	0	-10	3	3	2	-4	1	1	-4	-4	-2	-3	3	-3	-3	-10	-10	-1	-9	4	4	3	-1	-1	1	1	1	-2	1	0	0	-2	-2	-3	-3	-1	-1	3	3	-3	13	13	-4	-4	3	-6	-6	5	5	-10	4	4	4	4	4	-12	12	2	-4	-4	-7	3	-6	8	8	7	1	1	0	0	2	2	-4	-4	0	
-10	4	4	-1	0	-19	0	0	5	5	8	-4	-4	8	-6	-3	0	-5	-6	2	1	-2	-2	-2	-1	-1	3	3	0	0	-6	4	4	-1	-1	-4	0	-3	-7	-7	-9	-9	0	0	3	3	5	1	2	-3	-3	-3	-3	4	-4	-4	4	4	1	-11	-1	-1	-1	8	-7	9	9	1	1	-4	-4	-12	-12	-13	-13	-4	-11	-11	13	13	7	7	-4	-4	11	11	4	12	12	-2	-2	0	0	-5	-5	-19	-19	-6	3	3	0	0	-1	4	4	4	-4	-4	12	-4	-4	-3	-3	18	-6	-6	-3	-3	2	-13	-6	-6	1	1	0	-12	-3	5	5	11	-24	1	1	2	2	-8	-18	1	4	4	8	8	-1	-6	3	3	1	0	0	5	5	-7	4	4	-7	-7	2	2	-8	-8	-1	-1	5	5	16	7	7	-12	-12	-10	-4	-4	3	3	8	-6	-6	-6	-6	-6	-13	-5	15	-3	-3	-18	-1	1	2	2	4	-2	-2	-1	-1	3	3	-7	-7	2	
-1	-4	-4	-1	1	0	-7	-7	-4	-4	5	-5	-5	2	-1	5	-11	-3	-4	0	2	-4	7	7	-7	-7	-10	-10	4	4	0	-3	-3	0	0	-18	-1	3	-2	-2	-3	-3	6	6	-4	-4	15	-5	-1	-7	-7	-3	-3	-2	0	0	1	1	8	7	-2	-2	-2	-5	0	-6	-6	1	1	-4	-4	-5	-5	-4	-4	4	-4	-4	0	0	-2	-2	-1	-1	-3	-3	2	-2	-2	-1	-1	1	1	-1	-1	-2	-2	-18	9	9	1	1	2	2	2	2	-5	-5	-11	4	4	-2	-2	0	-2	-2	-1	-1	-1	2	-4	-4	3	3	1	-9	3	0	0	-1	-5	-2	-2	2	2	-2	-4	5	-5	-5	8	8	0	-3	-4	-4	-2	-8	-8	4	4	-3	7	-3	-2	-2	4	4	0	0	4	4	1	1	-4	-2	-2	-17	-17	-1	1	1	2	2	-3	-2	-2	-2	-13	-13	0	1	2	4	4	4	2	-1	8	8	-5	1	-3	5	5	-1	-1	-3	-3	3	
-7	-10	-10	8	-5	2	-9	-9	-2	-2	0	1	1	5	-1	3	-2	-13	-18	-2	2	10	7	7	-7	-7	-2	-2	0	0	1	-2	-2	1	1	-9	0	3	-2	-2	-3	-3	4	4	1	1	0	0	-6	-3	-3	-2	-2	-5	1	1	1	1	5	-1	4	4	4	7	-1	-4	-4	2	2	-3	-3	-5	-5	2	2	1	-1	-1	3	3	-8	-8	2	2	-3	-3	-3	-1	-1	-1	-1	0	0	1	1	-5	-5	0	-3	-3	1	1	3	6	6	6	-12	-12	4	1	1	-2	-2	-5	-12	-12	-2	-2	-3	6	1	1	4	4	0	-12	0	4	4	2	-11	0	0	0	0	0	2	1	-3	-3	0	0	0	0	-2	-2	1	-2	-2	3	3	-3	3	4	1	1	-4	-4	-5	-5	1	1	1	1	-1	0	0	-5	-5	-12	4	4	-3	-3	4	3	3	3	3	3	3	-1	-3	1	1	-2	1	-8	2	2	-6	0	-3	0	0	-1	-1	-6	-6	1	
-16	-83	-83	46	-7	-3	-17	-17	35	35	19	-1	-1	61	-1	-9	-23	-51	-60	-12	-24	58	8	8	-14	-14	-6	-6	-6	-6	6	29	29	2	2	4	-22	12	3	3	-24	-24	11	11	32	32	-26	-7	-46	90	90	-32	-32	-25	0	0	-17	-17	57	-50	5	5	5	88	-4	14	14	-17	-17	21	21	-43	-43	18	18	-5	-4	-4	10	10	-63	-63	32	32	31	31	-15	5	5	10	10	-33	-33	32	32	-55	-55	7	-16	-16	1	1	5	65	65	65	-87	-87	49	-5	-5	18	18	-26	-83	-83	37	37	-23	8	-7	-7	-17	-17	21	26	-11	23	23	15	-48	6	6	16	16	-22	7	15	-19	-19	83	83	-12	15	-4	-4	-9	-39	-39	-11	-11	-2	1	-24	25	25	-28	-28	2	2	-12	-12	13	13	-23	11	11	15	15	-39	36	36	-4	-4	57	21	21	21	8	8	77	18	-27	-7	-7	3	-12	-56	12	12	-17	-29	-27	-6	-6	6	6	-19	-19	1	
-6	-14	-14	14	-7	9	-5	-5	-8	-8	4	-3	-3	10	3	-2	-2	-11	-18	0	6	-8	4	4	-1	-1	4	4	3	3	3	-2	-2	6	6	-4	4	-1	-5	-5	-7	-7	2	2	1	1	0	-1	-3	-24	-24	3	3	7	-1	-1	3	3	0	0	4	4	4	10	-3	-8	-8	5	5	-1	-1	-9	-9	9	9	0	-3	-3	3	3	-8	-8	0	0	-4	-4	0	-4	-4	-9	-9	-17	-17	11	11	-5	-5	7	2	2	3	3	4	11	11	11	-8	-8	9	-1	-1	-4	-4	-9	-4	-4	-9	-9	0	2	-7	-7	0	0	5	-8	0	-3	-3	6	-8	1	1	6	6	1	7	-7	8	8	0	0	-2	-2	-4	-4	7	-3	-3	3	3	-6	-4	4	9	9	-4	-4	-11	-11	-3	-3	1	1	1	2	2	-4	-4	-20	2	2	0	0	0	3	3	3	2	2	0	-4	5	2	2	-1	1	-10	4	4	1	2	-2	-4	-4	0	0	-2	-2	0	
0	-4	-4	3	-4	-1	-6	-6	-1	-1	0	-1	-1	3	0	-1	-2	-2	-2	-1	1	-4	4	4	-1	-1	-1	-1	1	1	0	-1	-1	1	1	-1	0	0	-5	-5	-4	-4	0	0	2	2	-3	-5	0	-12	-12	-1	-1	1	1	1	3	3	-1	-1	1	1	1	-1	0	-6	-6	3	3	-3	-3	-5	-5	0	0	0	1	1	2	2	-1	-1	-1	-1	-1	-1	-1	-1	-1	-3	-3	-1	-1	-2	-2	-4	-4	-1	3	3	1	1	2	2	2	2	-4	-4	3	-2	-2	0	0	-5	-1	-1	-1	-1	-2	1	0	0	-2	-2	0	-8	-2	-1	-1	2	-2	2	2	-1	-1	2	-5	-5	6	6	-3	-3	2	-5	-1	-1	1	-3	-3	3	3	-2	1	-1	3	3	-3	-3	4	4	-7	-7	3	3	-3	3	3	-2	-2	-8	4	4	-3	-3	-7	1	1	1	-1	-1	-5	2	3	2	2	-5	2	-2	3	3	-1	1	-1	0	0	0	0	-1	-1	0	
17	-6	-6	-5	-6	-2	-7	-7	-1	-1	1	-1	-1	-1	2	-4	-4	1	10	-2	-1	-4	2	2	-3	-3	4	4	-2	-2	-3	13	13	-3	-3	0	-4	-2	-8	-8	-5	-5	2	2	14	14	-7	-9	-2	-9	-9	-13	-13	-1	3	3	1	1	1	4	0	0	0	-4	1	-3	-3	-2	-2	-3	-3	-3	-3	-2	-2	2	1	1	0	0	-4	-4	-4	-4	-2	-2	5	-3	-3	-5	-5	-21	-21	3	3	2	2	5	1	1	6	6	1	1	1	1	-5	-5	9	-7	-7	0	0	-5	-1	-1	31	31	-7	-6	-1	-1	7	7	-10	2	-9	7	7	2	-3	-6	-6	-7	-7	-2	-5	-4	0	0	-7	-7	3	-7	5	5	2	-5	-5	3	3	-2	-5	-7	3	3	-6	-6	7	7	-7	-7	0	0	0	17	17	-7	-7	-5	12	12	-5	-5	-10	-2	-2	-2	5	5	-9	14	-2	0	0	-10	3	2	5	5	-2	2	2	0	0	-3	-3	1	1	0	
Trial:3
0	0	2	2	-7	-7	-7	-7	3	-10	-6	-1	-1	-3	4	-1	-7	4	-6	8	8	-1	-1	-1	-2	-2	-2	-2	-2	-7	-7	-5	-6	-14	-14	6	6	1	0	1	6	6	2	6	-4	-3	4	-2	1	0	0	-4	-4	1	2	0	6	6	-9	-9	-5	-5	-2	-3	7	4	4	4	4	-3	-10	-1	2	2	-2	0	1	0	0	-8	-4	-2	-2	1	-2	1	2	-1	1	1	-9	-5	1	1	-2	0	4	-2	-2	6	6	-3	9	-4	2	2	-7	-7	2	-7	-4	1	1	-7	-1	-1	3	3	3	-1	5	4	5	5	-5	4	-1	-1	-2	-2	2	-1	1	8	8	-5	8	3	3	-5	-5	-4	-2	-2	-3	-3	-3	-1	-3	-3	1	1	-2	-3	0	1	1	1	-32	-3	-1	-1	2	2	0	0	-7	-7	-2	2	-6	2	2	5	-1	-4	-4	-4	4	5	-6	2	2	-1	0	0	0	4	4	5	5	-6	2	2	-4	-4	2	-4	-4	-9	
-3	-3	6	6	-7	-7	6	6	5	-17	-2	0	0	-5	3	-2	-3	5	-3	-1	-1	2	-4	-4	0	0	-2	7	7	-12	-12	2	-23	-14	-14	7	7	-6	-2	3	1	1	4	-5	-3	-10	0	-4	2	-2	-2	6	6	-5	0	-4	-3	-3	-2	-2	-1	-1	5	-6	4	3	3	3	3	-3	-3	-11	0	0	-3	-1	2	2	2	2	-4	-4	-4	9	-1	-7	-1	1	0	0	-16	-7	-5	-5	1	-2	3	0	0	18	18	-8	5	-4	-2	-2	-3	-3	10	2	-17	-4	-4	-11	8	8	-1	-1	-1	-1	-1	4	1	1	-9	1	5	5	-2	-2	0	0	3	-2	-2	-4	2	2	2	2	2	-4	-4	-4	-2	-2	2	4	-1	-1	-5	-5	-4	0	1	-1	-1	3	-3	5	-2	-2	-2	-2	1	1	2	2	-3	-8	2	-9	-9	2	-2	-3	-3	-3	0	1	-4	-1	-1	-3	2	0	0	14	14	-7	-7	-5	0	0	-2	-2	-4	-3	-3	-1	
10	10	9	9	-1	-1	4	4	2	-2	-2	-4	-4	-8	5	11	-20	-8	9	0	0	-1	-11	-11	10	10	-4	2	2	-8	-8	17	-12	-14	-14	4	4	-8	6	2	-20	-20	5	-1	-10	1	6	-12	3	4	4	-12	-12	2	4	4	4	4	1	1	4	4	2	5	3	-6	-6	2	2	2	7	-6	-1	-1	1	2	0	-22	-22	8	4	-2	-2	2	0	-15	0	17	6	6	-1	-1	-20	-20	5	-4	3	17	17	-1	-1	3	5	-4	-8	-8	5	5	5	4	-6	1	1	-13	10	10	-1	-1	-1	-14	1	3	1	1	-5	6	6	6	-3	-3	-17	-3	6	-4	-4	-2	22	15	15	-1	-1	-10	3	3	-1	-1	-7	2	-3	-3	-4	-4	0	1	2	-10	-10	5	-2	6	-2	-2	1	1	-12	-12	1	1	5	-10	8	-7	-7	4	3	11	-19	-19	2	2	-2	-15	-15	-7	9	1	1	-1	-1	-18	-18	5	3	3	-4	-4	5	-3	-3	3	
1	1	-2	-2	-10	-10	2	2	-1	-3	2	1	1	-11	5	1	-4	-7	6	2	2	0	0	0	5	5	-1	-1	-1	-8	-8	0	-2	-1	-1	3	3	-6	-1	3	3	3	3	0	1	-3	4	2	-4	-3	-3	0	0	-9	3	-7	2	2	1	1	-3	-3	3	4	2	-7	-7	-1	-1	2	-4	-4	-5	-5	1	-1	-1	-3	-3	-11	0	2	2	-4	-2	1	-2	3	3	3	0	-1	0	0	-6	-1	3	-1	-1	-15	-15	6	-1	-3	2	2	10	10	3	0	-1	-5	-5	-6	2	2	2	2	2	1	-1	-4	2	2	-7	0	-7	-7	-1	-1	-6	-3	5	-1	-1	-2	-2	4	4	0	0	1	-3	-3	-3	-3	-2	-2	-2	-2	-2	-2	1	-2	2	-6	-6	8	-2	7	-5	-5	7	7	-4	-4	-3	-3	-2	-4	1	-7	-7	-1	-2	-1	-4	-4	0	1	-2	-3	-3	0	0	1	1	2	2	0	0	-2	-2	-2	2	2	-10	3	3	0	
-9	-9	-71	-71	-23	-23	-31	-31	-26	58	36	36	36	-31	50	48	7	45	15	-26	-26	17	40	40	-11	-11	-26	-18	-18	-15	-15	-11	-6	87	87	-12	-12	-17	-3	-11	38	38	-1	-14	45	-6	-18	36	-53	-43	-43	14	14	-17	9	-53	-7	-7	5	5	1	1	8	24	27	-44	-44	-16	-16	25	-19	-10	-5	-5	-16	4	-1	-28	-28	-25	-1	-4	-4	-51	30	23	-28	19	-7	-7	18	23	2	2	-30	26	20	15	15	47	47	5	9	-17	9	9	2	2	-7	12	-14	14	14	-14	-22	-22	54	54	54	-10	-4	-5	0	0	-67	-21	10	10	9	9	-14	-13	5	28	28	-7	3	-11	-11	16	16	54	-65	-65	3	3	-1	5	4	4	-18	-18	-15	-49	52	2	2	31	-11	-5	-21	-21	27	27	-34	-34	33	33	-27	-38	-8	-2	-2	-19	9	-13	-32	-32	8	-5	13	-14	-14	-11	7	6	6	-21	-21	-23	-23	19	16	16	43	43	29	-9	-9	-16	
-2	-2	4	4	-2	-2	-1	-1	0	-4	4	-1	-1	-2	5	2	3	-20	4	2	2	3	4	4	1	1	1	-2	-2	-23	-23	3	0	-9	-9	5	5	-10	-3	7	13	13	6	-2	3	-6	4	1	-11	-4	-4	2	2	-7	0	-14	1	1	2	2	1	1	4	7	0	-3	-3	-4	-4	2	-7	-4	-11	-11	1	-8	1	-3	-3	-3	-1	0	0	-7	-2	3	0	-1	0	0	0	1	-2	-2	-6	2	5	-5	-5	-3	-3	6	-4	-1	1	1	9	9	2	0	1	-5	-5	-7	-5	-5	-1	-1	-1	6	-2	-4	2	2	-9	1	-10	-10	7	7	-2	-1	0	5	5	0	0	-1	-1	-1	-1	2	-6	-6	0	0	0	1	-2	-2	-6	-6	-4	-3	1	-1	-1	7	-3	-3	0	0	3	3	-6	-6	-1	-1	-2	0	1	-3	-3	-3	-4	2	-6	-6	-1	-6	1	-1	-1	0	0	4	4	1	1	-4	-4	-1	0	0	1	1	-3	2	2	-3	
-5	-5	0	0	-1	-1	5	5	1	-1	-1	0	0	-2	0	0	0	-4	-1	2	2	0	-1	-1	0	0	2	0	0	-9	-9	2	3	-6	-6	4	4	-7	-1	4	3	3	3	4	-3	-5	1	-4	-3	-2	-2	-1	-1	-2	2	-2	-1	-1	2	2	-3	-3	1	4	-3	1	1	-5	-5	-4	-3	-2	-3	-3	2	-4	-1	0	0	-2	-2	-1	-1	-2	-2	0	2	-1	-1	-1	-3	-1	-2	-2	-1	1	2	-3	-3	-6	-6	2	-2	1	-1	-1	1	1	1	-1	1	-4	-4	-3	2	2	-2	-2	-2	-1	-2	-1	0	0	-2	-2	-3	-3	3	3	-1	0	0	1	1	-4	1	0	0	-2	-2	-3	0	0	-1	-1	-1	0	-1	-1	-1	-1	-3	1	-2	-3	-3	1	7	1	1	1	-3	-3	1	1	-1	-1	-2	1	-4	-1	-1	1	-4	0	-2	-2	2	-1	-1	-1	-1	-2	-3	0	0	0	0	-1	-1	-2	-1	-1	-1	-1	-2	1	1	-1	
0	0	10	10	-1	-1	2	2	1	-2	-5	3	3	0	5	-4	-6	-6	-4	5	5	1	-4	-4	12	12	1	-7	-7	-1	-1	-2	5	-10	-10	1	1	-8	1	0	2	2	3	5	-11	-6	5	-5	-4	2	2	-2	-2	1	3	2	-3	-3	5	5	0	0	-4	3	1	1	1	-4	-4	-9	-3	-4	1	1	1	-9	6	-2	-2	0	0	-4	-4	-2	1	2	-1	-3	-2	-2	-3	-1	-1	-1	-2	13	1	-4	-4	-2	-2	4	-2	-1	-4	-4	3	3	0	-2	-7	-5	-5	-1	5	5	0	0	0	3	-9	-3	0	0	0	0	0	0	0	0	2	0	2	17	17	-8	1	-5	-5	-4	-4	-6	-1	-1	-3	-3	-1	-2	0	0	0	0	-3	-1	-8	3	3	-4	15	3	2	2	0	0	-1	-1	-7	-7	-7	1	-1	-12	-12	3	-1	4	-7	-7	5	3	-2	6	6	-4	1	4	4	0	0	-2	-2	2	-4	-4	-9	-9	-2	4	4	-3	
Trial:4
4	-3	-7	-3	-3	-7	-7	5	2	2	5	5	-10	5	5	-3	-3	-2	-3	6	6	-5	-2	5	0	0	-1	-1	-15	10	10	-1	-1	-3	-5	-3	1	1	2	-1	2	2	2	2	5	0	-6	9	9	-3	3	4	4	-1	-1	-6	6	0	5	-9	4	2	-1	-1	0	0	-6	-2	-2	4	-2	-9	-2	4	4	-3	-3	-4	1	1	-7	-1	-1	8	-8	0	-3	-3	-10	-10	3	0	-4	5	5	-5	-5	1	-1	-5	-5	5	-7	-7	-2	0	5	-4	-2	1	1	-9	12	-7	-1	0	8	4	0	1	-2	-2	3	-3	0	5	5	-4	-4	-2	-2	-1	-1	0	0	-19	5	5	-7	-7	2	2	1	1	3	2	10	-4	-4	2	-7	-1	-1	-3	-3	-6	-14	-1	-5	-5	-10	2	3	1	5	-4	-2	2	-4	0	0	-1	-1	-2	1	1	0	0	-6	2	2	0	0	3	3	4	4	0	0	-5	-5	-5	-3	-3	-4	-4	-1	-1	-2	-2	
-3	17	-8	-11	-11	-7	-7	2	15	15	6	6	-1	-4	-4	11	11	-16	2	-6	-6	12	-18	-2	-1	-1	-13	-13	-3	9	9	-5	-5	-3	1	-4	-2	-2	1	1	-4	-4	0	0	2	2	-14	13	13	-2	9	-8	-8	3	3	-6	5	2	-2	-3	0	0	0	0	0	0	5	3	-7	19	-9	-6	-1	1	1	-9	-9	2	1	-1	-8	0	0	2	8	-7	2	2	-7	-7	-7	-4	1	3	3	0	0	0	-10	4	4	1	-3	-3	-1	0	-5	-2	-6	3	3	-6	2	-4	-3	-3	8	8	2	1	2	2	12	-6	-2	-1	-1	-3	-3	4	4	-11	-11	0	-2	-9	-12	-12	-5	-5	6	6	0	0	-3	-3	22	-8	-8	-4	-8	3	3	4	4	-10	5	-1	-10	-10	-2	4	0	0	1	-3	2	1	1	-3	-3	-3	-3	-4	1	1	-2	-2	-6	3	3	-1	-1	3	3	-1	-1	-4	-4	-6	-6	-6	-4	-4	0	-3	0	0	0	0	
2	7	-11	-6	-6	2	2	0	-2	-2	-2	-2	-3	7	7	0	0	5	-9	0	0	-11	0	1	-6	-6	2	2	0	-14	-14	-1	-1	3	2	3	-1	-1	-1	2	-2	-2	3	3	-13	0	3	7	7	-9	12	9	9	-1	-1	-18	-2	8	9	-5	15	7	-1	-1	7	7	-2	-15	-6	3	-9	9	-1	5	5	-4	-4	0	0	12	-13	4	4	-3	2	-3	-1	-1	-18	-18	4	-1	-4	-6	-6	1	1	18	-17	1	1	-2	-3	-3	-3	-2	-24	-1	-18	3	3	3	-11	0	0	-12	15	11	-1	10	4	4	10	-17	1	3	3	-7	-7	5	5	-13	-13	11	-7	-5	-14	-14	-13	-13	-2	-2	1	1	-7	6	11	4	4	1	-16	-2	-2	0	0	-6	9	-14	3	3	-3	6	-2	3	18	-16	1	-8	-16	2	2	-11	-11	-1	7	7	-9	-9	-9	9	9	-5	-5	4	4	21	21	0	0	-6	-2	-2	-2	-2	6	-17	-4	-4	-9	-9	
6	14	-3	-6	-6	3	3	2	2	2	-4	-4	-14	-17	-17	4	4	-6	-1	3	3	7	-2	-1	-7	-7	-1	-1	2	-2	-2	-1	-1	-1	-9	8	-1	-1	-4	0	2	2	-26	-26	4	-2	8	1	1	-2	0	1	1	6	6	-5	2	5	3	-5	0	-3	1	1	5	5	-3	2	-3	3	-1	8	-6	2	2	1	1	-9	-2	-4	-6	2	2	2	-6	-6	0	0	-2	-2	1	1	-2	-9	-9	2	2	2	2	-4	-4	6	-4	-4	1	-2	-6	5	-2	-1	-1	-1	-4	3	-6	1	0	-1	-1	4	0	0	-4	-1	-5	1	1	-1	-1	6	6	9	9	-4	-2	-1	-1	-1	-8	-8	-6	-6	2	2	-4	-1	-2	1	1	0	-3	1	1	-3	-3	-7	6	-4	7	7	3	2	-2	1	-3	2	2	-7	-6	1	1	1	1	-3	0	0	-1	-1	1	4	4	2	2	-2	-2	1	1	-4	-4	-4	-12	-12	0	0	-2	-2	3	3	-8	-8	
7	67	-18	5	5	8	8	42	43	43	-21	-21	-97	-86	-86	-14	-14	-49	-28	30	30	60	20	-6	-14	-14	-56	-56	-8	-8	-8	34	34	-11	-102	29	-9	-9	28	28	2	2	-98	-98	24	-17	119	-40	-40	14	-27	-65	-65	65	65	-8	-2	1	-16	-12	-43	-23	28	28	0	0	12	6	-41	9	56	13	-4	4	4	8	8	-48	17	-42	-5	3	3	24	3	1	-13	-13	-8	-8	-6	12	-4	-11	-11	36	36	-16	52	-25	-25	26	-13	-13	-2	-12	-93	5	-8	-7	-7	12	-73	2	-18	34	-9	46	10	-4	1	1	-4	-11	-13	17	17	12	12	7	7	37	37	-16	3	-7	-7	-7	-7	-7	18	18	12	12	-12	15	-14	-6	-6	-5	-49	8	8	-24	-24	-33	-9	-11	54	54	58	9	38	-2	14	9	-42	18	-29	40	40	-8	-8	-50	17	17	-3	-3	-35	16	16	-1	-1	1	1	-45	-45	19	19	4	0	0	10	10	-16	0	7	7	-12	-12	
6	3	-2	-10	-10	9	9	6	-7	-7	3	3	-10	-9	-9	3	3	-1	4	1	1	0	-7	-4	-2	-2	-6	-6	4	-3	-3	0	0	5	-11	1	-2	-2	0	5	1	1	-30	-30	6	2	12	-1	-1	1	-1	-15	-15	13	13	2	-3	6	6	-3	-2	-8	-1	-1	5	5	1	-2	-5	-1	7	5	-6	1	1	-1	-1	-9	1	-6	-4	3	3	-5	0	-3	1	1	-1	-1	7	4	-3	-3	-3	1	1	-1	7	5	5	1	-3	-3	-3	-7	-9	4	2	-1	-1	1	-3	-8	-2	2	4	3	3	-4	-1	-1	0	-5	-2	3	3	0	0	0	0	11	11	-3	-5	-4	-1	-1	-4	-4	-3	-3	-2	-2	-1	1	1	3	3	-5	-6	-1	-1	-6	-6	-4	4	1	5	5	8	3	3	0	-4	4	-1	-3	-2	-1	-1	1	1	-10	3	3	-7	-7	-6	4	4	0	0	2	2	-2	-2	-1	-1	-3	1	1	0	0	-4	-2	-3	-3	-7	-7	
3	2	-6	-2	-2	3	3	0	-5	-5	3	3	-6	-2	-2	0	0	1	5	0	0	0	-3	0	-5	-5	0	0	-1	0	0	-1	-1	2	-1	-3	-3	-3	-1	1	1	1	-4	-4	2	-1	-1	3	3	-4	1	-2	-2	-1	-1	-1	-1	2	4	-1	-1	-1	1	1	0	0	-1	-2	-1	2	0	-1	-5	1	1	-2	-2	-2	0	-3	-4	0	0	1	-2	1	-3	-3	0	0	2	1	-1	2	2	-3	-3	0	-1	-2	-2	1	-4	-4	-2	-1	-2	-3	-1	-1	-1	-2	0	-3	0	-2	5	1	0	-2	-1	-1	-2	-1	-3	0	0	-1	-1	0	0	0	0	1	1	-2	1	1	-2	-2	-2	-2	0	0	-1	-1	-1	-2	-2	-1	-2	-2	-2	1	1	0	2	-1	0	0	-5	1	1	0	-1	2	-1	-4	0	-1	-1	-1	-1	-3	0	0	-5	-5	0	2	2	-4	-4	1	1	2	2	0	0	-3	-3	-3	2	2	-2	0	-3	-3	-3	-3	
3	11	-10	-8	-8	1	1	-6	0	0	3	3	-8	2	2	3	3	2	1	1	1	-1	0	2	-7	-7	4	4	-7	-1	-1	4	4	2	0	-3	0	0	-2	0	0	0	-7	-7	1	2	2	3	3	-1	-1	2	2	-5	-5	-1	0	1	2	-5	1	0	-2	-2	1	1	0	-7	-1	1	1	0	-4	4	4	-3	-3	-2	0	0	-3	0	0	3	-3	-5	0	0	-3	-3	2	0	-2	2	2	-2	-2	0	-2	-4	-4	3	-2	-2	-6	-1	-1	-1	-1	-2	-2	-3	3	-2	-1	-2	3	1	1	2	-2	-2	-7	0	0	2	2	-3	-3	0	0	1	1	-1	0	-2	1	1	-1	-1	-1	-1	1	1	-4	2	-1	-3	-3	-1	-3	1	1	0	0	-1	-1	1	0	0	-4	-2	0	-1	-1	-1	-1	-4	-1	-3	-3	1	1	-4	2	2	-2	-2	-1	-3	-3	-4	-4	0	0	2	2	-4	-4	0	-1	-1	2	2	-3	-2	-1	-1	-2	-2	
Trial:5
-4	5	-4	-7	-7	-5	-5	0	1	-2	-2	-8	-8	0	-3	-3	1	1	-5	-2	-2	-3	-3	-1	-6	1	1	22	22	-3	-1	-1	-6	-6	-5	-3	-3	3	3	3	1	-5	-5	-7	-7	5	2	2	0	0	-6	-6	8	8	-5	-5	2	-14	-14	-4	-4	-2	4	4	2	2	2	2	-14	-3	-3	0	0	4	4	3	3	10	-3	-1	2	2	-6	-2	-1	-1	-4	-4	6	0	-7	-4	-4	-1	0	-3	2	2	2	2	1	-10	-1	-1	5	3	-2	1	1	-2	-2	-2	-10	-10	2	2	2	0	5	5	-4	-4	0	-3	-3	2	2	0	3	-1	-5	-5	-1	-1	4	4	-6	-6	-1	6	6	5	5	-12	-1	-4	7	7	-1	-1	-2	-3	0	0	1	-5	-7	-3	-3	4	-1	0	0	-4	-4	-5	-3	8	-2	-2	-2	-6	4	-4	3	-4	-7	-4	-4	2	2	-3	-3	-4	-2	-2	5	5	-1	-1	-1	-7	-7	4	-2	-1	-1	-4	-4	0	
0	-1	1	-4	-4	-4	-4	2	-5	3	3	-9	-9	-1	-1	-1	-3	-3	-4	6	6	-2	-2	-3	-11	-3	-3	12	12	-4	-5	-5	0	0	-13	1	1	0	0	0	-1	-3	-3	-9	-9	0	6	6	4	4	-3	-3	6	6	-6	-6	1	5	5	-11	-11	-3	-2	-2	-1	-1	3	3	-19	-4	-4	5	5	8	8	4	4	6	3	-2	0	0	-7	-2	1	1	-8	-8	0	-5	-1	1	1	-2	1	2	4	4	-1	-1	0	-13	-4	-4	3	9	-4	-3	-3	-2	-2	-3	1	1	-3	-3	-3	-4	0	0	8	8	-5	-1	-1	0	0	0	1	-5	-5	-5	3	3	2	2	-8	-8	-1	6	-3	11	11	-4	-7	-2	-1	-1	4	4	2	-3	-3	-3	0	-1	2	-6	-6	-3	-4	0	0	-8	-8	-3	-1	13	-5	-5	-2	2	-7	2	-3	-5	-1	0	0	0	0	4	4	1	-3	-3	-3	-3	-2	-3	-3	8	8	-2	-8	1	1	2	2	2	
-23	0	-7	-5	-5	6	6	-5	-7	-2	-2	8	8	18	-8	-8	-3	-3	1	-18	-18	0	0	-2	-3	9	9	5	5	3	-3	-3	-5	-5	-13	6	6	1	1	1	3	-9	-9	-6	-6	2	1	1	12	12	6	6	-1	-1	-10	-10	-3	8	8	-23	-23	5	1	1	-4	-4	5	5	1	-4	-4	-2	-2	17	17	-1	-1	2	-18	-6	-3	-3	-22	1	2	2	-6	-6	-21	-5	-7	9	9	8	1	5	22	22	1	1	7	0	-2	-2	-3	5	-6	-8	-8	1	1	4	-16	-16	0	0	0	-24	-3	-3	-5	-5	-11	9	9	1	1	2	5	-19	4	4	7	7	10	10	-4	-4	-5	-1	-8	6	6	-5	-33	12	-7	-7	0	0	10	-1	8	8	0	4	2	-7	-7	-8	1	0	0	-21	-21	-3	8	7	-3	-3	-1	14	6	-5	0	-23	3	4	4	4	4	-6	-6	4	-4	-4	0	0	-4	-2	-2	2	2	-22	-7	-1	-1	14	14	8	
-12	0	-10	-4	-4	4	4	3	-2	-3	-3	-4	-4	-2	2	2	-5	-5	2	-10	-10	-7	-7	-2	-3	2	2	6	6	-3	-2	-2	-5	-5	-3	3	3	-5	-5	-5	5	-2	-2	-2	-2	4	0	0	-2	-2	-1	-1	-3	-3	9	9	-3	-4	-4	-4	-4	4	-5	-5	-1	-1	8	8	-4	7	7	-8	-8	3	3	-9	-9	0	2	1	-4	-4	0	2	-6	-6	1	1	-2	-5	5	0	0	-1	2	0	-4	-4	-5	-5	-5	5	1	1	-3	4	-3	0	0	2	2	-1	-2	-2	-1	-1	-1	-8	1	1	1	1	-4	0	0	-3	-3	2	-4	-4	-2	-2	-1	-1	-2	-2	-12	-12	-2	0	0	1	1	-2	-6	5	-10	-10	7	7	-6	-2	3	3	0	-2	-4	-4	-4	4	-7	1	1	-8	-8	-2	-2	-8	3	3	5	1	-1	-5	4	1	0	4	4	-8	-8	1	1	0	-7	-7	1	1	-5	1	1	-5	-5	0	-2	7	7	1	1	-1	
-36	-4	37	-16	-16	93	93	12	-19	-42	-42	-26	-26	-35	10	10	12	12	3	-11	-11	0	0	31	36	-35	-35	29	29	-29	8	8	-68	-68	-3	1	1	45	45	45	18	-4	-4	-12	-12	31	-17	-17	-42	-42	11	11	-27	-27	55	55	-4	-24	-24	-6	-6	-4	-40	-40	7	7	77	77	-27	83	83	-32	-32	19	19	-55	-55	-33	23	14	-7	-7	76	37	-13	-13	27	27	-25	-39	-18	11	11	-46	1	21	-19	-19	-7	-7	-33	-10	8	8	-64	4	-3	58	58	33	33	-23	3	3	24	24	24	-2	8	8	10	10	-21	-11	-11	-38	-38	-14	4	2	8	8	-8	-8	5	5	-72	-72	27	-2	68	-41	-41	42	-17	9	-21	-21	-5	-5	-7	-12	21	21	-19	-33	-49	-7	-7	33	-30	-28	-28	-70	-70	41	-11	23	26	26	42	-10	-9	68	-9	57	-38	9	9	-18	-18	8	8	14	-36	-36	14	14	32	-3	-3	-57	-57	-9	27	25	25	-38	-38	52	
-10	1	-20	4	4	-17	-17	5	1	-4	-4	5	5	-10	0	0	-9	-9	3	4	4	-2	-2	-11	-1	3	3	4	4	6	-7	-7	-3	-3	2	7	7	-4	-4	-4	1	-9	-9	-2	-2	4	2	2	3	3	-4	-4	2	2	-2	-2	-1	-6	-6	1	1	2	6	6	2	2	8	8	-3	-3	-3	-11	-11	-2	-2	-6	-6	-1	4	3	-4	-4	3	3	-5	-5	0	0	-2	-11	-2	0	0	-2	-4	0	-2	-2	-3	-3	-2	3	-5	-5	-8	0	5	-4	-4	5	5	-5	-6	-6	-5	-5	-5	-2	2	2	-3	-3	-2	-3	-3	4	4	-1	0	-1	-2	-2	-1	-1	-3	-3	-20	-20	5	6	5	-1	-1	1	-11	3	1	1	3	3	-12	-4	3	3	-2	-6	-10	-1	-1	8	-10	-5	-5	-3	-3	-4	-2	-8	7	7	2	1	-1	-2	3	4	-3	1	1	-9	-9	9	9	-6	-11	-11	3	3	5	-2	-2	-9	-9	0	-1	7	7	0	0	3	
0	1	-2	-3	-3	-11	-11	8	-4	-2	-2	-1	-1	-2	0	0	-6	-6	0	0	0	1	1	-7	1	5	5	9	9	-3	-2	-2	-2	-2	-4	0	0	0	0	0	-2	-13	-13	-4	-4	-1	7	7	4	4	-2	-2	9	9	-7	-7	-3	-5	-5	0	0	2	7	7	9	9	-2	-2	-2	-1	-1	-5	-5	-4	-4	-4	-4	-1	-1	-1	-2	-2	-4	1	-3	-3	0	0	0	-4	-5	-1	-1	2	1	0	-2	-2	1	1	-2	-1	0	0	0	-3	-3	-15	-15	2	2	3	-1	-1	-4	-4	-4	-4	1	1	-1	-1	-3	-2	-2	4	4	1	1	-2	-2	-2	1	1	-2	-2	-7	-7	-2	-7	-1	-1	-1	-2	-4	1	1	1	-2	-2	-4	-2	0	0	2	-3	-3	-1	-1	3	-3	0	0	-4	-4	-3	-6	-4	-1	-1	1	1	1	-2	1	-1	-1	-1	-1	-3	-3	2	2	-2	-4	-4	1	1	-2	-1	-1	-1	-1	2	0	-3	-3	0	0	-1	
-1	4	3	-11	-11	-7	-7	2	0	9	9	-5	-5	-4	-9	-9	-7	-7	-3	-1	-1	-1	-1	-12	17	4	4	9	9	-1	13	13	-4	-4	-17	-4	-4	8	8	8	-1	-16	-16	-11	-11	-3	14	14	4	4	2	2	20	20	-10	-10	-8	-3	-3	0	0	1	12	12	0	0	2	2	-5	-5	-5	8	8	-7	-7	-2	-2	-2	1	-1	-2	-2	-4	3	1	1	-3	-3	-2	-2	-9	-2	-2	4	1	-16	-3	-3	4	4	12	1	0	0	2	-8	-3	-14	-14	0	0	1	-5	-5	16	16	16	-3	-5	-5	6	6	-6	-7	-7	1	1	1	6	-9	15	15	-2	-2	-2	-2	-7	-7	-6	-9	-4	4	4	-6	-1	-1	11	11	-8	-8	-6	-3	1	1	-1	-13	-12	2	2	7	2	-1	-1	-5	-5	-3	-11	1	-1	-1	2	3	2	-4	-1	-5	3	-2	-2	-6	-6	3	3	-5	-2	-2	3	3	-3	-3	-3	-3	-3	-2	3	2	2	-1	-1	1	
Trial:6
4	4	-1	-1	2	2	0	-8	-3	-13	-13	-2	2	-9	0	1	1	-5	3	2	2	-10	-10	-4	0	4	4	4	0	-4	1	2	-2	-2	-2	0	-1	-3	-3	-7	-4	0	3	-5	0	-4	1	1	0	0	-8	-8	8	3	3	3	-4	5	-2	-2	5	-7	-5	-12	-3	-3	0	0	7	2	2	2	2	6	1	-3	-3	-1	-1	1	0	0	-1	-1	-1	-2	-1	2	11	-3	-6	3	3	-6	-6	-7	-7	-3	-1	-1	-1	3	-4	-4	-2	-2	-1	0	-1	1	1	-4	-3	-9	-1	-1	6	6	5	5	0	0	0	4	-3	-1	-1	0	-4	-3	4	4	-5	-1	-2	-2	1	1	-1	-1	-7	2	2	-1	-1	-4	0	-1	-2	-1	-1	2	-2	-2	0	0	-1	-2	-2	-2	3	3	-4	-9	6	6	-1	-1	-3	1	1	-1	-1	-5	-2	6	6	-1	-1	4	-3	-3	-7	-7	9	-3	-4	-4	0	0	2	1	-3	-3	9	9	1	3	1	-3	
6	-2	-3	-3	7	7	-1	-9	-5	-6	-6	-2	0	-6	4	-4	-4	-2	-1	0	0	-10	-10	-6	1	4	2	2	2	-6	-1	-2	2	2	-1	-2	1	-2	-2	-5	-6	3	0	-3	-3	-4	-1	-1	-3	-3	-3	-3	2	0	0	0	-2	-2	0	-2	-4	-7	-7	2	-3	-3	-1	-1	4	1	1	0	0	0	-7	-2	-2	-4	-4	1	-1	-1	-4	-4	-2	1	0	1	15	-12	-1	1	1	1	1	-6	0	-8	-4	-4	-1	0	-5	-5	4	4	-5	2	0	1	1	-6	-1	-1	-3	-3	1	1	1	1	0	0	-1	4	-1	-5	-5	0	0	2	-3	-3	-6	1	-1	-1	3	3	-4	-4	-2	2	2	-1	-1	-5	-3	4	-6	-1	-1	2	-5	-5	1	1	-2	0	0	-3	-2	-2	-4	-3	-3	-3	0	0	0	1	1	-5	-5	-5	-4	6	6	-1	-1	7	-4	-4	-1	-1	-4	-1	-6	-6	-1	-1	-2	2	2	2	-2	-2	0	0	-3	4	
3	8	-17	-17	7	7	5	4	-9	5	5	-6	-3	1	-3	-20	-20	0	-2	6	6	-12	-12	4	-8	8	1	1	-3	-8	-2	-11	13	13	-2	-7	1	-14	-14	-2	-8	19	-14	-7	-5	-1	-6	-6	7	7	-1	-1	-1	3	3	3	-4	-6	4	2	4	-6	-1	5	-4	-4	-6	-6	8	14	14	0	0	-6	-5	-7	-7	-3	-3	4	-4	-4	1	1	-1	8	-10	7	5	1	4	-4	-4	-3	-3	0	4	-19	7	7	-3	1	-6	-6	7	7	-1	6	5	0	0	-23	13	-18	5	5	4	4	4	4	3	3	-2	1	-3	-3	-3	-1	-1	7	-18	-18	-2	-8	2	2	5	5	-5	-5	-4	10	10	-2	-2	-5	2	6	-28	7	7	4	-7	-7	-18	-18	-3	7	7	5	-1	-1	-16	-3	-1	-1	-4	-4	7	-11	-11	-5	-5	5	-8	18	18	-2	-2	12	-7	-7	-5	-5	-17	28	-11	-11	-3	-3	-13	4	-2	-2	-18	-18	7	10	-1	3	
2	3	-6	-6	4	4	1	0	-5	-2	-2	-2	-4	0	-5	-3	-3	-6	-1	3	3	1	1	0	5	4	1	1	-4	3	1	-3	-8	-8	0	-2	2	-1	-1	-5	-4	5	-3	-2	-1	1	-3	-3	-2	-2	2	2	0	-3	-3	-3	-2	-1	3	-2	1	0	2	1	-2	-2	0	0	1	1	1	3	3	-3	-3	-9	-9	1	1	-4	-1	-1	-3	-3	-2	3	-9	-5	1	2	1	3	3	4	4	-3	-2	-4	-1	-1	1	4	-6	-6	3	3	-5	-2	0	3	3	-1	1	0	-1	-1	-1	-1	0	0	-4	-4	1	-1	-4	-1	-1	-1	-3	-3	3	3	0	-1	-3	-3	4	4	0	0	-3	0	0	0	0	-6	-1	1	-2	-2	-2	-3	-1	-1	3	3	-1	0	0	4	1	1	-4	-3	-3	-3	-4	-4	-6	5	5	1	1	-3	-1	-1	-1	-5	-5	4	0	0	-2	-2	-2	4	-2	-2	-8	-8	-2	0	3	3	3	3	2	3	-2	-1	
1	10	-12	-12	-18	-18	0	8	-59	-5	-5	-1	-22	6	13	18	18	-32	-26	14	14	-31	-31	24	15	22	30	30	-6	18	39	-7	-3	-3	-20	-14	11	-13	-13	-8	-8	21	-38	41	19	-21	-24	-24	-6	-6	-33	-33	17	46	46	46	-14	16	-4	-14	24	-1	10	19	-8	-8	-40	-40	13	-42	-42	-18	-18	0	1	-41	-41	3	3	20	-1	-1	26	26	5	13	-6	-36	-49	8	-56	26	26	52	52	-2	5	-48	25	25	23	7	-25	-25	25	25	75	-8	-18	29	29	-16	2	6	-17	-17	19	19	-29	-29	14	14	17	-13	-13	-13	-13	-12	-11	24	-34	-34	3	-9	-6	-6	16	16	-3	-3	0	-19	-19	15	15	-61	17	12	-3	7	7	15	-31	-31	3	3	-19	4	4	9	6	6	-1	-43	-4	-4	-3	-3	-22	25	25	12	12	-11	22	-42	-42	8	8	-21	-10	-10	1	1	-7	14	35	35	-47	-47	0	15	-3	-3	50	50	3	-15	-4	-2	
-3	0	0	0	-1	-1	1	2	-5	-5	-5	1	-3	-2	-9	-2	-2	-5	-4	-1	-1	-1	-1	3	9	3	3	3	-3	3	5	-3	-5	-5	-3	-2	3	0	0	-4	-1	2	-2	-2	-5	-2	-5	-5	-2	-2	-3	-3	4	-6	-6	-6	0	1	4	0	5	-3	1	4	-1	-1	-2	-2	1	-2	-2	7	7	-1	-1	-15	-15	1	1	-1	-3	-3	-1	-1	2	1	-7	-4	1	0	-5	5	5	2	2	-7	-5	-7	3	3	3	3	-4	-4	4	4	1	-1	-1	1	1	-1	1	5	-1	-1	-1	-1	-3	-3	-5	-5	4	-2	-3	-9	-9	-2	-3	1	3	3	0	-2	-2	-2	-3	-3	0	0	-3	1	1	3	3	-13	-3	5	-6	-1	-1	2	-3	-3	1	1	-2	2	2	2	-1	-1	0	-10	2	2	-5	-5	-1	4	4	2	2	-5	4	-6	-6	-9	-9	-4	3	3	1	1	1	2	3	3	-10	-10	-2	-1	-2	-2	6	6	-2	-1	-3	0	
-3	-1	-2	-2	0	0	2	-3	0	-5	-5	3	-1	-2	-3	-2	-2	-2	3	3	3	0	0	-4	2	0	-1	-1	-3	3	3	-2	-4	-4	-2	-1	-1	-1	-1	-3	-1	2	-1	1	-1	-2	-1	-1	-4	-4	0	0	2	-2	-2	-2	0	-1	-1	-2	1	-4	-1	3	-1	-1	-5	-5	2	-2	-2	0	0	-1	0	-2	-2	-1	-1	-2	-2	-2	1	1	-4	0	-1	-1	6	1	-1	0	0	-1	-1	-6	-2	-2	2	2	0	1	-5	-5	2	2	-5	-1	-1	0	0	1	-3	-1	1	1	-1	-1	-1	-1	-2	-2	1	0	0	-4	-4	2	-1	0	2	2	-1	1	-4	-4	-1	-1	0	0	-4	2	2	1	1	-4	-3	0	-3	-1	-1	0	-1	-1	-2	-2	-1	1	1	-1	-1	-1	-2	-2	0	0	-1	-1	-3	1	1	0	0	-3	2	-3	-3	-3	-3	2	0	0	0	0	3	-2	2	2	-9	-9	-1	-4	-2	-2	5	5	-2	3	-1	1	
1	1	-5	-5	2	2	-1	-4	1	-6	-6	6	0	-1	2	-3	-3	-3	1	5	5	-2	-2	0	2	-10	1	1	-5	0	3	-1	-4	-4	0	2	1	-3	-3	-3	-4	2	-2	2	-1	-2	-2	-2	-4	-4	-1	-1	7	-1	-1	-1	-2	-1	-2	-2	2	-2	-1	2	-5	-5	-2	-2	0	-1	-1	2	2	1	3	-3	-3	0	0	-2	-2	-2	-1	-1	-5	0	-1	2	6	-4	-2	-1	-1	-1	-1	-6	-2	-2	-2	-2	2	0	-1	-1	0	0	-3	0	-1	-1	-1	-1	0	-2	0	0	-1	-1	0	0	-3	-3	1	3	-1	1	1	0	-5	-1	-1	-1	0	1	-2	-2	-2	-2	-2	-2	-3	1	1	0	0	-2	0	2	-3	-3	-3	-3	-1	-1	-1	-1	-1	-4	-4	-1	0	0	-5	-5	4	4	-1	-1	-2	-2	-2	1	1	-3	0	1	1	-6	-6	4	0	0	-1	-1	1	0	0	0	-8	-8	0	-3	-2	-2	7	7	-1	4	-1	-6	
Trial:7
-5	-5	3	3	-3	1	4	4	6	11	-9	7	7	-6	5	-7	-1	-1	1	9	1	-4	-1	-1	-8	10	-1	-3	-9	11	0	4	4	-2	-2	-2	4	3	3	-22	-22	4	-10	0	1	1	4	-3	-2	-1	-1	0	0	1	-4	1	1	0	0	-2	-4	-4	-4	-4	1	-3	-3	-6	-6	-7	9	-1	-1	0	0	-1	0	0	1	-2	-2	2	14	14	-10	-10	-3	-3	-3	-3	-4	-4	3	0	0	-4	-4	-6	-6	4	1	1	-3	2	-4	-4	-4	2	2	10	5	4	5	5	-6	-6	-4	-4	-7	-7	-1	-2	-2	-4	-4	1	1	2	2	0	0	1	2	-3	-3	-3	1	-2	-4	-4	-4	-4	-4	-4	-2	2	2	-1	-1	-1	0	0	11	-2	-2	0	-2	-2	0	0	-2	-2	-2	2	2	1	-7	-7	1	1	-1	-1	-4	-4	0	0	-1	-1	-1	-3	-3	-3	-3	2	2	3	3	-5	-6	-6	-5	-5	-5	0	-4	3	5	-8	-1	5	
4	4	-6	-6	-10	-2	4	4	4	15	-9	3	3	0	-9	-4	0	0	3	6	-2	-1	10	10	-8	7	-6	-3	-16	2	5	-6	-6	-1	-1	1	1	3	3	-8	-8	2	-4	-3	1	1	3	2	13	-10	-10	2	2	1	0	-4	-4	-4	-4	-2	-8	-8	2	2	0	-8	-8	-7	-7	-4	8	-7	-7	-4	-4	3	12	12	-8	-2	-2	-2	-3	-3	3	3	-10	-10	-4	-4	-3	-3	14	-1	-1	1	1	-13	-13	-1	4	3	-6	-5	3	3	3	-1	-1	9	2	3	6	6	-10	-10	-8	-8	-5	-5	6	0	-1	-3	-3	-1	-1	4	4	-2	-2	0	-4	-7	-12	-12	2	-5	2	2	-1	-1	-3	-3	-9	6	6	6	6	6	4	4	14	4	4	1	-4	-4	-11	-11	-5	-2	-2	3	3	-3	-3	-3	2	2	5	5	-15	-15	-3	-3	3	5	5	2	2	2	0	2	2	-4	-4	0	-4	-4	3	3	1	2	-7	6	4	-5	11	0	
0	0	-5	-5	-3	-3	2	2	-7	4	-1	7	7	-1	6	-8	-2	-3	-5	-2	-4	2	3	3	1	5	-3	-26	5	1	-1	-1	-1	0	0	-1	4	-2	-2	4	4	-5	-1	-4	1	1	1	0	-4	-23	-23	6	6	6	1	-1	-1	1	1	6	-16	-16	4	4	-1	-8	-8	3	3	-1	2	-12	-12	4	4	-1	19	19	-22	4	4	8	-2	-2	-6	-6	-5	-5	-8	-8	-15	-15	23	-12	-12	-1	-1	-1	-1	-4	24	7	1	-17	-2	-2	-2	10	10	1	9	-26	12	12	3	3	-30	-30	1	1	32	-1	9	-3	-3	-20	-20	1	1	-8	-8	0	-10	-20	-30	-30	11	3	-3	-3	4	4	4	4	0	15	15	5	5	5	20	20	-36	-9	-9	-1	-2	-2	-17	-17	-19	3	3	0	0	3	-1	-1	-10	-10	11	11	-2	-2	2	2	15	9	9	-3	-3	-3	-11	6	6	-12	-12	-1	-11	-11	-5	-5	6	5	-14	-6	3	-10	16	8	
2	2	5	5	-1	-4	-3	-3	-2	-1	-1	4	4	-3	6	-1	-10	0	-2	-9	2	4	0	0	-3	4	-3	-4	1	-2	-3	1	1	2	2	-5	5	-3	-3	3	3	-1	2	-5	4	4	1	3	3	-7	-7	3	3	-1	3	-3	-3	7	7	5	1	1	-7	-7	-12	-7	-7	3	3	-4	1	0	0	-2	-2	-10	-4	-4	1	-6	-6	-3	4	4	4	4	3	3	-2	-2	0	0	9	-4	-4	-9	-9	-1	-1	0	3	4	3	1	-2	-2	-2	3	3	0	3	-2	-2	-2	-8	-8	-1	-1	-4	-4	1	-4	-2	-3	-3	-2	-2	-1	-1	-4	-4	4	-2	3	-5	-5	2	-3	-5	-5	-1	-1	-1	-1	1	-2	-2	1	1	1	-5	-5	-5	-1	-1	6	0	0	-8	-8	-6	-1	-1	-2	-2	0	-4	-4	-1	-1	3	3	2	2	-3	-3	3	4	4	-2	-2	-2	-8	2	2	-2	-2	-8	-1	-1	-7	-7	-3	0	3	-7	0	-3	3	4	
-17	-17	86	86	6	-19	65	65	-18	47	-32	-12	-12	-2	27	-25	-30	8	-1	-13	1	1	-22	-22	-26	-15	3	5	4	19	-26	17	17	31	31	-12	3	-2	-2	10	10	-4	31	-21	1	1	20	56	8	-5	-5	6	6	-13	31	55	55	21	21	-1	23	23	-26	-26	-54	35	35	-18	-18	13	-17	9	9	-24	-24	-77	-46	-46	43	-19	-19	16	36	36	34	34	0	0	38	38	39	39	-8	-3	-3	-47	-47	-17	-17	3	-6	12	-4	36	7	7	7	22	22	-5	-47	12	-27	-27	-21	-21	15	15	-7	-7	-6	30	2	-9	-9	-11	-11	0	0	-31	-31	32	24	-17	4	4	22	11	-10	-10	40	40	-19	-19	-8	5	5	-15	-15	-15	-6	-6	14	10	10	20	-13	-13	9	9	35	-14	-14	-5	-5	-27	-50	-50	11	11	-1	-1	45	45	-11	-11	17	5	5	43	43	43	-34	-39	-39	10	10	-19	-15	-15	-16	-16	-86	10	39	-7	25	-1	11	14	
2	2	-4	-4	-3	2	-8	-8	-1	-3	-3	3	3	2	7	-1	-8	-1	0	-14	5	7	0	0	-5	6	-2	-2	3	-3	-4	1	1	7	7	-3	-10	-3	-3	2	2	3	9	-1	0	0	4	-1	0	-3	-3	-2	-2	-5	7	4	4	2	2	-3	4	4	-4	-4	-11	-1	-1	0	0	-3	-2	1	1	-2	-2	-11	-1	-1	-4	6	6	-5	4	4	-1	-1	-1	-1	1	1	1	1	-3	-2	-2	-9	-9	-1	-1	1	5	3	2	3	-1	-1	-1	2	2	1	-3	-1	-3	-3	-7	-7	-2	-2	-3	-3	-1	0	0	-7	-7	-1	-1	-9	-9	0	0	4	2	-1	3	3	-1	-3	0	0	-1	-1	-1	-1	5	0	0	-3	-3	-3	-4	-4	3	2	2	2	-6	-6	-5	-5	-1	-1	-1	-2	-2	-7	-2	-2	3	3	2	2	2	2	-3	-3	-1	4	4	1	1	1	-2	-4	-4	-5	-5	-10	-5	-5	-2	-2	-4	-1	6	-7	1	-1	-1	3	
0	0	-4	-4	2	3	-6	-6	-2	-3	-1	3	3	-1	1	-1	-5	-2	-2	-2	-2	1	4	4	-1	3	-1	-1	-1	0	-1	-1	-1	1	1	-1	-1	-2	-2	-2	-2	-1	0	-1	0	0	3	-1	1	-5	-5	-1	-1	-5	2	2	2	-1	-1	-1	-1	-1	-1	-1	-5	0	0	-2	-2	2	4	-1	-1	-2	-2	-3	-1	-1	-4	3	3	-3	3	3	-3	-3	-3	-3	-1	-1	-4	-4	0	-1	-1	-1	-1	-1	-1	0	0	1	0	1	-2	-2	-2	1	1	1	1	-4	1	1	-3	-3	-3	-3	-1	-1	-1	-2	-3	-3	-3	2	2	-3	-3	0	0	-1	-1	-2	0	0	0	-3	-1	-1	-3	-3	-2	-2	0	-3	-3	2	2	2	-1	-1	2	0	0	1	-3	-3	1	1	-3	0	0	-3	-3	-2	0	0	0	0	1	1	0	0	-1	-1	-2	1	1	-1	-1	-1	-1	-2	-2	-2	-2	-4	-3	-3	-2	-2	-2	-1	1	-7	0	-1	1	-1	
-1	-1	-1	-1	-2	3	-4	-4	1	-2	-1	2	2	-1	2	-3	-4	0	-1	8	2	-3	5	5	-4	2	-1	-1	-10	0	-5	0	0	1	1	1	0	-3	-3	-3	-3	0	-3	0	-1	-1	2	-2	4	-6	-6	-1	-1	-4	0	2	2	-1	-1	1	-1	-1	0	0	0	-4	-4	-3	-3	11	15	-7	-7	-3	-3	-2	-2	-2	-4	-3	-3	-2	3	3	-3	-3	-1	-1	-2	-2	-4	-4	-1	-3	-3	1	1	-1	-1	2	-2	0	-1	-3	-1	-1	-1	1	1	6	2	-3	2	2	-3	-3	-6	-6	-1	-1	-2	-2	-2	0	0	5	5	-1	-1	-1	-1	-1	-1	-2	-2	-2	-1	-4	1	1	-4	-4	-4	-4	3	0	0	0	0	0	-1	-1	2	-3	-3	-2	0	0	3	3	-1	0	0	-7	-7	-2	1	1	-2	-2	2	2	0	0	-2	-2	0	-2	-2	-1	-1	-1	-2	0	0	-2	-2	-5	0	0	-1	-1	-2	-1	1	-5	-3	1	3	0	
Trial:8
4	4	4	6	-4	-4	-1	-1	-1	-1	-3	-4	1	1	0	0	4	4	-8	-8	0	1	0	-6	-6	2	-4	-5	-5	-3	-3	0	0	-1	1	1	-1	3	1	1	-5	-1	2	0	2	2	2	-1	-3	6	6	-4	-4	-3	-5	2	0	0	-2	-2	-2	-1	-7	-7	-3	1	-1	-11	-11	14	14	0	2	2	1	-7	-7	2	-2	-2	3	3	-15	2	1	-3	-3	-7	4	3	3	3	3	0	2	2	-3	-3	-6	3	2	2	-2	-2	0	0	-5	-7	-7	2	-8	4	3	3	-5	-5	4	0	3	3	-5	-9	-2	2	-1	-1	-1	3	1	-3	-3	-11	-8	0	-1	-1	3	5	0	7	0	0	-4	-4	-1	-1	-1	-2	-2	0	0	-1	-1	-3	-3	1	1	1	0	0	0	-3	6	-1	-1	-5	-5	-3	-3	0	0	1	1	-4	-3	-3	-1	1	1	-3	-3	-2	-3	-8	-8	1	1	1	4	-3	-3	-3	1	3	-2	6	6	-3	-3	0	
0	0	-4	3	-4	-6	-2	0	0	3	-1	5	-8	-8	2	12	1	1	-11	-11	-3	-5	3	-1	-1	-3	-3	-6	-6	-5	-5	4	-6	-3	-4	-4	2	0	0	0	-8	-6	13	-1	-3	6	6	-3	-4	16	16	-9	-9	-5	-2	0	-1	-1	-3	-3	2	-5	-13	-13	-4	0	2	-8	-8	1	1	-4	0	6	3	-4	-4	2	1	1	11	11	-6	-5	-5	-4	-4	-8	-5	7	7	5	5	-5	5	5	-4	-4	11	-5	0	0	-12	-12	-1	-1	8	-13	-13	0	-6	5	0	0	-9	-6	-2	5	0	0	-5	-7	9	-1	-5	-5	-4	7	-5	-3	-3	7	-3	-1	-4	-4	1	13	4	-4	-9	-9	-10	-10	-1	-4	-4	0	0	0	0	-9	-9	1	1	-2	1	1	-1	-1	1	-5	2	-2	-2	-3	-3	2	2	0	0	-4	6	-3	0	0	3	3	-3	-1	-1	-5	0	-8	-8	3	3	-4	2	0	0	0	-1	5	-2	0	0	-3	-4	-1	
2	2	-10	1	0	-2	-1	6	6	2	-6	-2	-16	-16	2	1	-3	-3	2	2	2	-5	5	1	1	-7	6	1	1	6	6	-1	9	-10	1	1	1	-1	-2	-2	-1	6	7	-2	-3	-1	-1	3	3	-5	-5	-15	-15	7	-2	0	-4	-4	-1	-1	15	3	0	0	-3	-3	-6	-3	-3	-2	-2	4	-7	1	9	-7	-7	-4	-3	-3	-6	-6	1	0	-5	1	1	-6	1	3	3	-7	-7	-3	10	10	-2	-2	-3	5	-6	-6	1	1	1	1	3	2	2	-1	-1	-4	-9	-9	2	-19	-7	5	2	2	-2	-3	3	-1	-10	-10	7	-4	1	2	2	3	-7	-12	9	9	1	1	-1	-3	0	0	-1	-1	2	-5	-5	-1	-1	-1	-1	-7	-7	-3	-3	-5	2	2	5	5	6	-4	1	1	1	-11	-11	-18	-18	5	5	8	1	-5	-2	-2	5	-3	-1	-7	-7	2	-6	-1	-1	1	1	-1	-1	-6	1	1	7	1	0	-3	-3	-9	0	15	
5	5	-1	3	-2	-2	0	-2	-2	-6	-5	-1	-3	-3	4	-9	-3	-3	-1	-1	-6	-1	-1	1	1	-5	2	1	1	2	2	0	3	-3	2	2	3	1	1	1	-1	-1	-3	-4	1	-3	-3	3	2	-5	-5	-2	-2	2	-3	3	0	0	-4	-4	-1	0	-4	-4	0	2	-5	1	1	-1	-1	0	-1	-2	7	-3	-3	-1	-3	-3	-1	-1	-5	-2	-3	-1	-1	0	0	0	0	-2	-2	0	-3	-3	-1	-1	0	2	2	2	-4	-4	-2	-2	-1	1	1	-4	1	1	-6	-6	1	-2	-4	5	-2	-2	-2	-1	3	0	-2	-2	-4	-5	3	3	3	-1	-5	-5	-2	-2	0	1	1	2	1	1	-2	-2	3	-2	-2	-2	-2	-4	-4	-4	-4	-4	-4	-5	1	1	5	5	-1	0	2	2	2	-6	-6	-3	-3	2	2	4	-2	-5	-4	-4	1	-3	-3	-5	-5	-6	-1	1	1	-3	-3	0	-1	1	2	2	7	-3	1	-3	-3	-4	0	-3	
0	0	-2	11	-19	22	41	8	8	-17	-12	-10	-24	-24	30	-34	-4	-4	-17	-17	-13	3	-10	9	9	-27	-5	12	12	-25	-25	7	33	-47	9	9	55	21	21	21	16	2	-23	-4	6	-5	-5	7	-8	7	7	-1	-1	-14	-7	46	4	4	-6	-6	-16	0	-13	-13	4	16	12	-9	-9	-8	-8	5	71	-14	-18	-17	-17	-12	-9	-9	9	9	-1	-32	-5	13	13	6	-4	-25	-25	31	31	-15	-21	-21	4	4	2	-6	-7	-7	-3	-3	-83	-83	-9	10	10	-23	3	10	-15	-15	21	-23	3	25	4	4	41	-17	5	-2	18	18	-2	18	25	-2	-2	6	13	3	-16	-16	-17	-1	1	17	6	6	-3	-3	-2	17	17	29	29	-3	-3	3	3	12	12	-11	-12	-12	-3	-3	0	24	-13	-3	-3	-8	-8	-25	-25	3	3	17	4	1	-26	-26	1	-13	-32	-11	-11	32	-16	-7	-7	14	14	11	-16	0	7	7	8	3	20	-16	-16	-8	7	-49	
6	6	0	2	-1	-3	-2	2	2	-8	-4	-4	3	3	2	-19	0	0	-4	-4	-10	3	1	-3	-3	-8	3	5	5	-1	-1	-1	2	-5	9	9	8	1	-1	-1	-1	-1	-4	-1	-4	1	1	3	-2	-1	-1	1	1	-2	-3	1	1	1	-1	-1	-1	2	-6	-6	-4	3	-3	0	0	0	0	1	7	1	1	-5	-5	-1	-4	-4	0	0	-1	-1	-2	3	3	-1	1	-4	-4	0	0	-2	-8	-8	-2	-2	-2	-2	-1	-1	1	1	-8	-8	3	-2	-2	-7	2	2	-4	-4	1	0	-4	1	-1	-1	-1	-4	0	4	1	1	-8	4	6	1	1	2	-4	-3	-4	-4	1	-5	-2	6	1	1	-2	-2	-5	1	1	0	0	-1	-1	2	2	-8	-8	-4	0	0	2	2	0	2	1	3	3	-2	-2	-2	-2	0	0	7	1	-4	-3	-3	-2	-5	-7	-3	-3	-11	-6	3	3	1	1	1	-2	2	1	1	7	2	5	-5	-5	-5	1	-5	
0	0	0	0	-2	-5	0	1	1	-1	-2	-1	-2	-2	-3	-4	1	1	0	0	-4	-1	2	-4	-4	-4	1	-1	-1	-1	-1	-2	1	0	2	2	1	-1	-1	-1	-4	0	1	-2	1	0	0	1	-1	-1	-1	-1	-1	2	-2	0	-1	-1	-4	-4	-1	3	-1	-1	-4	-1	-1	0	0	0	0	-3	1	1	0	-2	-2	1	-3	-3	-2	-2	-1	-1	0	-3	-3	-2	0	-2	-2	0	0	-1	-3	-3	0	0	0	0	-2	-2	1	1	0	0	0	-3	-3	-3	0	1	-4	-4	2	-1	1	-1	1	1	0	-2	1	3	-3	-3	-6	2	-2	1	1	-1	0	-3	1	1	-2	-1	-1	-2	2	2	-1	-1	-3	-1	-1	-3	-3	0	0	0	0	-1	-1	0	2	2	-4	-4	-1	0	-1	2	2	-3	-3	-3	-3	-1	-1	4	-2	-2	-5	-5	0	-4	0	-3	-3	-3	-8	1	1	-2	-2	-2	-2	-1	-2	-2	3	-1	-1	-1	-1	-3	-2	-1	
-1	-1	2	4	-3	-6	-1	0	0	3	-7	-2	-4	-4	-2	-9	1	1	0	0	-3	5	0	-4	-4	-1	1	-2	-2	-5	-5	-2	-2	1	3	3	17	1	-3	-3	-11	7	0	-1	0	-1	-1	-2	-1	-1	-1	-2	-2	2	-5	2	-2	-2	-4	-4	2	1	-6	-6	-5	2	-1	2	2	2	2	-5	-7	-1	-3	-2	-2	4	-2	-2	-14	-14	-5	0	19	-7	-7	-1	-1	0	0	-2	-2	4	-5	-5	-3	-3	-1	3	2	2	2	2	-2	-2	0	-3	-3	-1	-9	-1	-7	-7	3	-1	3	0	2	2	2	-12	-3	4	-1	-1	0	3	0	-3	-3	-1	-1	0	-1	-1	-4	0	-2	2	3	3	-2	-2	-4	-3	-3	0	0	-1	-1	-1	-1	-2	-2	-1	0	0	-2	-2	1	-1	1	4	4	-2	-2	-1	-1	-3	-3	8	-2	-7	-6	-6	1	-2	-2	-1	-1	-2	-5	7	7	-4	-4	-4	-3	-1	-5	-5	0	-3	1	1	1	-2	-3	-2	
Trial:9
-6	0	-2	-2	-2	2	2	-11	-9	-9	10	10	4	1	1	1	3	3	-18	-5	8	11	11	0	-2	-4	-8	-8	-3	-2	-2	-2	6	6	3	3	-1	2	2	0	-2	-4	-9	-9	6	-4	2	2	7	7	-11	-11	0	-1	-1	-2	-2	-1	-1	-1	-1	-6	-6	1	-3	-3	4	4	-3	-2	-1	-1	-1	-1	3	1	-6	-2	-2	1	7	-1	-1	1	1	0	-11	-11	2	2	2	2	6	6	-12	-12	3	-6	-1	14	14	-5	-15	0	0	-7	-7	-1	-1	-4	5	5	-2	-2	0	0	2	2	0	0	-14	-1	-1	0	-5	-2	5	5	5	-2	10	-4	3	3	-7	-7	-2	4	4	4	-5	-5	2	-12	-12	3	3	6	6	6	6	-6	-6	7	-8	-8	3	3	-2	-7	-7	-1	-1	-1	6	2	2	-2	-2	5	1	1	1	2	2	-2	-9	-9	-4	-4	4	-8	-8	-2	-2	7	-3	-6	5	-6	-6	0	-5	-9	-1	-1	-1	-1	-2	-2	
4	0	2	-2	-2	1	1	-5	2	2	15	15	1	1	-5	-5	-2	-2	-15	-13	-15	17	17	2	-10	1	-12	-12	2	-1	-11	-11	6	6	1	5	7	-2	-2	1	0	3	1	1	8	-10	-1	-2	5	5	-1	-1	-1	2	2	-1	-1	-8	-8	2	2	-12	-12	5	-4	-4	-6	-6	3	-5	0	0	1	1	-4	-1	-10	14	14	-9	11	-3	-3	7	7	2	-6	-6	1	1	-1	2	11	11	1	1	-7	-9	12	8	8	-2	-6	-5	-5	-5	-5	2	2	-9	3	3	-6	-6	-7	-7	-5	-5	2	2	-5	3	3	-5	-1	-2	4	4	4	-3	13	3	-8	-8	-5	-5	5	3	3	3	-6	-6	-9	-1	-1	18	18	-4	4	-13	-13	-5	-5	1	1	1	-3	-3	0	-1	-1	12	12	12	-3	-2	-2	-3	-3	0	0	0	0	-4	-4	2	1	1	-2	-2	3	-6	-6	-5	-5	7	-1	-12	-3	-5	-5	-1	-15	1	-2	-2	-2	-3	2	2	
0	3	3	-23	-23	-1	-1	1	-2	-2	2	2	5	-2	-2	-2	5	5	-1	0	3	2	2	-2	-5	0	-4	-4	6	3	0	0	-5	-5	-2	-5	2	1	1	2	0	1	-3	-3	4	-7	3	10	-3	-3	-4	-4	-6	-3	-3	0	0	-5	-5	0	0	-4	-4	3	-9	-9	-1	-1	-2	-3	0	0	15	15	-4	4	0	-4	-4	-1	-13	-3	-3	2	2	-2	-8	-8	7	7	-2	2	-2	-2	-4	-4	-3	-15	-1	-1	-1	1	0	-2	-2	-16	-16	-1	-1	-2	5	5	-7	-7	5	5	2	2	1	1	-17	4	4	-1	2	-2	5	5	5	4	-3	0	-3	-3	13	13	-7	4	4	4	-1	-1	-4	4	4	0	0	-4	-1	-4	-4	7	7	-2	-3	-3	-2	-2	1	-6	-6	-5	-5	-5	-5	4	4	-4	-4	-1	0	0	0	-2	-2	-1	13	13	-3	-3	1	-4	-4	-6	-6	-2	-18	-1	1	-2	-2	-2	-11	0	-3	-3	-3	-3	1	1	
14	2	-2	-13	-13	-5	-5	12	-6	-6	-11	-11	-2	-9	-15	-15	5	5	3	1	3	10	10	1	-8	1	-7	-7	-6	-3	8	8	-2	-2	2	-11	5	-3	-3	1	-5	1	-3	-3	2	-9	6	-7	-4	-4	0	0	4	4	4	8	8	0	0	-2	-2	-5	-5	2	-9	-9	-4	-4	-3	0	-2	-2	-5	-5	0	-3	3	3	3	-1	1	6	6	5	5	-3	0	0	5	5	-4	-5	-5	-5	0	0	-7	-2	-1	1	1	-13	2	-1	-1	-10	-10	-8	-8	-3	3	3	5	5	9	9	3	3	3	3	-2	-6	-6	-6	1	-3	4	4	4	1	2	1	1	1	-6	-6	-4	3	3	3	1	1	-1	3	3	4	4	1	-2	-6	-6	3	3	-1	-2	-2	-6	-6	6	-12	-12	1	1	1	2	-4	-4	-3	-3	2	0	0	0	-4	-4	-6	2	2	3	3	-2	-5	-5	-6	-6	-4	2	-4	0	1	1	-1	-5	-4	2	2	2	-3	-6	-6	
61	-33	-38	18	18	-21	-21	67	-14	-14	-52	-52	-24	-68	-14	-14	3	3	38	-15	-17	71	71	17	-52	-50	-10	-10	0	22	74	74	14	14	-18	6	-11	-60	-60	-6	-47	-11	32	32	-1	42	26	-65	-25	-25	0	0	40	-10	-10	40	40	13	13	-1	-1	-82	-82	51	33	33	-48	-48	2	2	-18	-18	-41	-41	-23	1	18	31	31	65	21	43	43	-5	-5	-17	6	6	-9	-9	12	-15	-36	-36	23	23	-17	16	-11	7	7	-75	7	-14	-14	-23	-23	-38	-38	-19	-33	-33	49	49	38	38	35	35	20	20	50	-45	-45	-10	3	-1	5	5	5	58	7	21	2	2	30	30	1	-7	-7	-7	12	12	-10	-24	-24	-11	-11	30	7	-22	-22	7	7	-30	10	10	-26	-26	45	18	18	-10	-10	-10	12	-39	-39	1	1	-23	-8	-8	-8	-30	-30	20	-25	-25	25	25	-17	-24	-24	-15	-15	0	42	5	-1	40	40	-13	-58	-50	19	19	19	5	-27	-27	
13	-6	2	-9	-9	-8	-8	8	-8	-8	-11	-11	5	-13	-4	-4	4	4	3	1	-3	14	14	-1	-10	-3	-3	-3	-10	0	12	12	1	1	-2	-14	4	-9	-9	4	-6	-2	6	6	4	-4	10	-19	2	2	-2	-2	-2	4	4	6	6	1	1	-4	-4	-3	-3	12	-1	-1	-2	-2	-8	1	2	2	-9	-9	-9	-1	2	0	0	4	1	3	3	6	6	-2	-2	-2	5	5	-7	-6	-8	-8	0	0	-6	-3	-6	7	7	-10	3	-2	-2	-11	-11	-2	-2	-14	0	0	9	9	8	8	4	4	5	5	-1	-9	-9	-5	2	-3	2	2	2	3	5	9	0	0	-5	-5	-4	1	1	1	-1	-1	2	1	1	2	2	6	-10	-4	-4	-4	-4	1	-2	-2	-8	-8	2	-9	-9	2	2	2	2	-4	-4	0	0	6	0	0	0	-8	-8	-7	-3	-3	5	5	0	3	3	-6	-6	-1	2	-3	-5	-9	-9	-1	-4	-10	6	6	6	-1	-13	-13	
-2	-5	-1	-6	-6	-2	-2	-3	-3	-3	-1	-1	3	-3	1	1	3	3	-1	0	1	1	1	0	-5	4	-3	-3	-7	1	2	2	-3	-3	0	-8	1	1	1	6	-4	-1	-1	-1	-1	-13	3	-4	0	0	-6	-6	-3	0	0	2	2	1	1	-1	-1	1	1	7	-2	-2	1	1	-8	-2	1	1	-3	-3	-2	-3	2	-10	-10	3	-1	0	0	2	2	0	0	0	1	1	-5	-2	-3	-3	-1	-1	1	-3	-1	1	1	0	1	0	0	-4	-4	-4	-4	-5	1	1	0	0	0	0	0	0	0	0	0	-7	-7	0	-1	-2	3	3	3	2	4	0	-2	-2	-2	-2	-5	2	2	2	0	0	-3	-3	-3	1	1	5	0	-2	-2	-2	-2	-1	-3	-3	-5	-5	6	-7	-7	0	0	0	0	-1	-1	-2	-2	4	-3	-3	-3	-1	-1	-4	0	0	2	2	0	-1	-1	-4	-4	1	0	-2	-1	-4	-4	1	2	-3	1	1	1	-2	-4	-4	
-11	-1	-4	-6	-6	-5	-5	-7	-5	-5	1	1	3	-1	6	6	2	2	-1	-4	5	3	3	-2	-7	-4	2	2	-16	-6	0	0	0	0	1	2	-3	6	6	15	-2	-18	-5	-5	-9	-9	1	4	0	0	6	6	-4	-5	-5	4	4	-2	-2	-7	-7	0	0	-1	4	4	0	0	19	-8	-1	-1	-17	-17	-5	0	1	-14	-14	-4	14	-5	-5	2	2	0	9	9	-4	-4	0	-5	-6	-6	-4	-4	1	-3	24	2	2	1	-6	-3	-3	-10	-10	-13	-13	-3	-5	-5	-2	-2	3	3	-1	-1	2	2	-3	-2	-2	4	4	-2	4	4	4	-4	8	-9	-3	-3	3	3	-3	-4	-4	-4	2	2	-1	-1	-1	-1	-1	13	2	-3	-3	-17	-17	0	19	19	1	1	1	-1	-1	-13	-13	-13	-2	1	1	3	3	4	-9	-9	-9	1	1	-7	2	2	-2	-2	0	-12	-12	-5	-5	2	4	-6	6	-6	-6	7	4	-2	-10	-10	-10	-1	15	15	
Trial:10
-4	-3	-3	4	-1	1	-10	-10	13	5	-7	-7	2	2	2	2	-6	10	10	10	-4	4	1	-4	-4	1	1	-3	-1	-1	-1	-1	-1	-2	-2	-2	11	11	-2	-4	-4	0	0	0	-4	-5	-5	1	1	0	-16	-16	0	0	5	5	-1	-1	0	0	0	-2	-2	-2	-5	-5	-2	-3	-3	1	1	5	-5	1	-7	-7	-7	-3	-5	-5	0	0	3	5	-2	6	6	-3	-3	-1	-3	-5	-5	0	2	0	-3	-3	3	-11	-1	-2	-2	-3	-1	-5	-5	7	7	3	3	-10	0	0	5	5	-3	8	8	-1	-5	-2	-4	1	1	1	1	2	-2	-1	3	3	-11	-8	-4	-8	-8	3	3	-7	-5	0	1	3	1	1	-4	-4	-4	-1	2	3	3	2	2	0	0	-1	-1	-5	-7	-2	2	2	9	3	2	-5	-5	-7	-2	-1	-6	2	2	-1	3	-1	-1	-1	-7	2	2	-2	-2	-2	-2	-2	-2	-2	-2	2	2	6	-4	-4	-7	-7	-1	-1	
-3	-4	-4	1	-1	-6	-5	-5	2	2	-5	-3	2	2	2	-1	3	-4	-4	-4	1	1	-7	7	7	-6	-6	-4	-4	-4	0	0	0	0	-2	-2	5	5	-1	-3	-3	5	5	5	-5	-10	-10	3	3	-6	-5	-5	1	1	14	14	-13	-13	-2	-2	-6	-1	-1	-1	0	0	-3	0	0	-5	-5	2	-2	-3	-1	-1	-1	0	3	3	13	13	-2	6	-8	6	6	1	-1	-6	0	5	5	-4	9	-5	-10	-10	3	-5	-6	0	0	10	-2	-2	-2	0	0	-5	-5	-5	6	6	-1	-1	-3	7	7	0	-1	-1	-13	15	15	-7	-7	-7	-9	-2	3	3	-14	-12	-14	0	0	19	-2	-3	-8	0	-2	-1	3	3	-10	-10	-5	10	3	4	4	-6	16	3	3	-2	-2	-7	7	-4	4	4	6	-10	18	4	4	-2	-5	-4	-6	-2	-2	-11	0	-10	-9	-9	1	0	-4	-1	-1	-3	-1	1	1	2	2	-1	2	4	2	2	-3	-3	-2	-2	
-3	-4	-4	1	3	-4	0	0	-4	-4	0	-20	6	6	6	4	3	-1	-1	-1	0	6	-1	2	2	2	2	5	-7	-7	0	0	0	-1	-9	-9	-2	-2	2	-4	-4	9	9	9	-7	-7	-7	0	0	-6	3	3	-16	-16	5	5	1	1	-18	-18	3	9	9	9	2	2	4	0	0	-1	-1	-1	2	-1	5	5	5	-8	9	9	-4	-4	-6	19	1	4	4	0	-8	0	2	-2	-2	0	16	-2	0	0	3	-5	-6	1	1	-5	3	-4	-4	-6	-6	9	9	-1	-1	-1	1	1	-7	6	6	-6	-5	-1	-7	7	7	-27	-27	5	-6	2	2	2	-10	-7	3	-2	-2	3	0	-3	4	-4	-3	2	-4	-4	4	4	7	-7	2	2	2	-3	-2	-3	-3	-15	-15	3	3	-8	3	3	0	-11	-3	-2	-2	5	-3	-2	-11	-10	-10	2	6	0	3	3	13	0	-1	-7	-7	-3	-1	-1	-1	-2	-2	3	1	-3	2	2	-6	-6	4	4	
0	-3	-3	0	-4	-1	0	0	0	-2	0	-4	2	2	2	5	1	-4	-4	-4	4	5	-2	-1	-1	0	0	-4	-8	-8	4	4	4	-1	-6	-6	1	1	0	-14	-14	6	6	6	-3	-3	-3	5	5	-4	0	0	3	3	1	1	-1	-1	-1	-1	-8	0	0	0	-3	-3	-2	0	0	-4	-4	4	-1	-2	3	3	3	1	3	3	-9	-9	-2	4	-8	5	5	4	-7	0	3	1	1	0	6	2	1	1	-2	-1	-1	1	1	1	2	-2	-2	-1	-1	-1	-1	-3	-1	-1	3	3	-7	1	1	1	-3	3	0	2	2	-3	-3	-4	-5	2	0	0	-6	-5	-5	2	2	-4	1	2	2	-4	0	2	-5	-5	3	3	-2	-5	6	-3	-3	-3	-5	-3	-3	-5	-5	-6	-1	-6	6	6	0	0	-1	-2	-2	1	-1	2	3	4	4	0	2	-3	4	4	0	0	-9	-3	-3	-4	-1	-3	-3	-6	-6	2	-6	2	4	4	4	4	-7	-7	
23	-16	-16	-41	4	1	38	38	15	10	50	52	-12	-12	-12	2	45	-17	-17	-17	-3	17	0	-4	-4	-10	-10	12	30	30	-9	-9	-9	-21	-8	-8	-7	-7	-10	-29	-29	17	17	17	-7	6	6	32	32	13	-28	-28	1	1	-8	-8	-5	-5	-2	-2	-31	8	8	8	-64	-64	-5	9	9	71	71	18	0	54	-54	-54	-54	1	-22	-22	-25	-25	-3	-22	-82	32	32	14	25	6	3	19	19	25	10	3	0	0	20	-11	-3	5	5	4	0	-6	-6	24	24	-18	-18	-12	35	35	4	4	-55	-18	-18	11	-14	-6	25	8	8	0	0	17	14	0	8	8	-33	-29	-12	27	27	-8	-4	17	-22	-16	8	-21	-10	-10	-5	-5	2	15	34	-3	-3	29	4	-44	-44	21	21	-36	56	17	-30	-30	-4	20	-19	17	17	-20	1	13	11	28	28	12	7	-30	67	67	-9	17	-22	-11	-11	-69	-2	-16	-16	-12	-12	3	25	6	-3	-3	-4	-4	-19	-19	
0	-1	-1	-5	2	3	5	5	-1	3	-3	-4	5	5	5	-1	0	-7	-7	-7	6	-4	-3	-6	-6	1	1	-5	-13	-13	6	6	6	-3	-5	-5	0	0	4	-19	-19	3	3	3	1	-1	-1	3	3	-2	2	2	-1	-1	1	1	-4	-4	1	1	-11	5	5	5	-9	-9	-7	4	4	7	7	4	-3	4	-1	-1	-1	2	-2	-2	-11	-11	2	1	-11	5	5	6	-2	3	0	-8	-8	3	0	1	-9	-9	1	0	2	0	0	4	0	-5	-5	0	0	0	0	-8	2	2	3	3	-3	1	1	1	-4	-3	2	1	1	-2	-2	1	-3	-2	0	0	-5	-7	-5	-6	-6	0	0	4	1	-8	3	4	0	0	-5	-5	4	-2	5	-3	-3	0	-3	-4	-4	-4	-4	-8	5	2	0	0	5	0	-2	-1	-1	-3	-5	0	3	2	2	0	1	-1	2	2	-6	1	-9	0	0	-8	1	-2	-2	2	2	-3	-6	2	9	9	1	1	-13	-13	
-3	-2	-2	2	-1	2	-1	-1	0	2	0	-6	1	1	1	1	0	2	2	2	0	1	0	-4	-4	0	0	-3	-8	-8	1	1	1	-1	-3	-3	-1	-1	3	-4	-4	1	1	1	-1	-4	-4	-2	-2	-3	1	1	-2	-2	0	0	-3	-3	0	0	-1	-2	-2	-2	0	0	-4	2	2	0	0	1	0	-2	-1	-1	-1	-2	-2	-2	-4	-4	0	-1	3	0	0	-2	-1	0	-1	1	1	0	0	-1	-5	-5	1	0	-1	-2	-2	2	-1	-4	-4	-2	-2	1	1	-5	3	3	1	1	0	1	1	0	-1	-1	-4	2	2	0	0	-2	-2	0	1	1	-3	-3	-3	-8	-8	1	-2	0	-2	-2	-1	1	0	0	0	0	0	-1	-1	-2	-2	-3	-2	-3	-3	-1	-1	-3	-1	-4	1	1	1	-1	-1	0	0	-1	-1	-1	0	0	0	-2	0	-1	-1	-1	0	2	-5	-1	-1	-2	1	-1	-1	-2	-2	0	-3	1	2	2	-2	-2	-3	-3	
-2	1	1	5	-9	0	-8	-8	3	6	-4	-7	3	3	3	-3	-3	3	3	3	-1	2	-2	-2	-2	0	0	-2	-3	-3	1	1	1	1	-4	-4	2	2	1	0	0	0	0	0	-4	-5	-5	2	2	-4	-2	-2	-3	-3	2	2	-2	-2	-1	-1	-1	-4	-4	-4	2	2	-4	-2	-2	0	0	5	-1	-4	-2	-2	-2	-2	-4	-4	-3	-3	1	1	4	1	1	-2	-5	0	-3	-1	-1	0	0	1	-8	-8	1	2	1	-2	-2	-1	0	-3	-3	-1	-1	1	1	-4	1	1	5	5	-1	2	2	-1	-1	0	-11	5	5	0	0	0	0	0	3	3	-3	-2	-4	-6	-6	0	1	1	-1	-3	-1	-2	0	0	-1	-1	-3	-1	-3	2	2	-2	-2	-3	-3	-2	-2	3	-2	-1	-3	-3	1	1	-3	0	0	-2	1	-2	-1	1	1	-3	-3	0	-2	-2	2	2	1	-1	-1	-3	-1	-2	-2	-2	-2	2	2	4	-1	-1	-4	-4	-3	-3	
Trial:11
-7	-6	3	3	-10	-10	-1	-1	9	9	1	1	0	-3	-3	-17	-17	-7	27	27	0	0	3	-3	-1	-1	-2	-2	-7	0	0	-2	-2	8	6	-6	13	13	-17	-17	6	6	22	22	-10	-5	-5	-4	-4	-8	8	8	-7	-7	-12	0	5	-7	-9	-9	-7	1	1	-6	-6	3	26	1	-6	-6	-13	1	-3	-4	-27	-27	-3	10	-1	-1	-1	5	4	8	18	18	-5	-6	2	2	-8	-8	4	5	-8	13	13	-10	-14	-6	-4	5	5	2	31	-8	-14	-14	-2	-2	-2	2	2	18	18	21	-4	17	-11	-11	1	-6	-10	11	11	-18	-18	-6	-6	7	2	-11	21	-8	-20	-20	-2	-2	-1	6	22	22	-4	-13	7	0	0	0	-5	-21	-10	3	3	-3	3	-6	-6	-9	-9	31	7	-3	-8	-8	-1	-6	11	-11	-15	-15	-24	-10	7	3	3	-20	-20	-2	-2	-3	-3	4	-3	5	-7	-7	6	6	-1	-1	-1	30	30	30	-2	1	1	-6	-6	-6	
-5	-6	-2	-2	10	10	-3	-3	1	1	-4	-3	-6	-2	-2	-6	-6	-4	-3	-3	7	13	3	3	-10	-10	-1	-1	3	-2	-2	-10	-10	6	8	-8	7	7	-9	-9	1	1	2	2	7	-1	-1	-3	-3	-4	2	12	-16	-16	0	-9	7	-3	-15	-16	-2	3	3	-2	-2	-2	0	0	-5	-5	2	-2	-4	0	14	14	-3	0	-3	-3	-3	-2	9	0	7	7	-5	-5	1	28	-6	-6	0	-9	-6	7	7	-5	-5	-5	-12	3	3	-3	12	-7	-8	-8	-7	-7	13	3	3	-1	-1	-1	-7	1	-2	-2	4	0	8	9	9	-8	-8	-6	-6	-4	-3	-2	1	4	-5	-5	-6	-6	1	3	-5	-5	-7	3	-4	-6	-6	-6	-7	-5	2	7	7	-9	0	6	6	-3	-3	6	-5	12	-3	-3	2	-9	-8	1	-6	-6	-5	4	0	2	2	20	20	-2	-2	-10	-10	-5	18	-5	-8	-8	-4	-4	-2	8	8	25	25	25	-11	-2	-2	-5	-5	-10	
-6	-3	-5	-5	-2	-2	1	1	-4	-4	-5	2	-3	6	6	-6	-6	1	9	9	1	-2	-5	5	-2	-2	-32	-32	11	0	0	-4	-4	-5	12	-1	1	1	3	3	-14	-14	9	9	16	5	5	0	0	-8	3	-4	-5	-5	15	-3	2	1	-4	1	-1	0	0	4	4	-6	3	-5	10	10	1	-5	18	-3	1	1	-12	0	-1	8	8	-7	-7	-2	6	6	-7	-11	7	-4	-8	-8	-3	2	-7	6	6	-1	0	-15	-10	2	2	10	10	-5	0	0	-17	-17	2	4	4	-10	-10	5	-8	-2	13	13	0	-7	11	-8	-8	2	2	-6	-6	-2	-7	4	17	11	-4	-4	-18	-18	-7	12	-17	-17	0	-1	10	0	0	0	-2	-15	-1	0	0	12	8	12	12	-6	-6	-15	2	-3	-6	-6	-5	-12	-2	-1	-11	-11	14	-2	-25	6	6	-3	-3	7	7	7	7	5	18	-28	6	6	-2	-2	0	-11	-11	14	14	14	-4	5	5	-6	-6	-2	
-3	4	-6	-6	-4	-4	4	4	-8	-8	-2	4	-3	4	4	-6	-6	3	7	7	0	-13	-1	8	-8	-8	1	1	4	0	0	5	5	-20	5	-1	6	6	-9	-9	9	9	4	4	-5	6	6	1	1	1	5	-1	-4	-4	3	-4	0	1	-4	-8	0	0	0	-1	-1	2	3	-2	-3	-3	-2	-4	2	0	-4	-4	-5	3	-5	8	8	1	5	2	3	3	-2	4	2	2	-7	-7	-2	1	-4	1	1	2	-3	-6	4	1	1	2	4	-5	1	1	2	2	-3	1	1	-6	-6	-7	-8	2	-1	-1	-3	-5	3	-3	-3	3	3	0	0	-3	-1	-1	-2	3	0	0	-5	-5	-1	0	-7	-7	0	3	-7	4	4	4	-1	-2	5	-6	-6	7	-3	-4	-4	-1	-1	0	5	3	-2	-2	-4	-1	3	-1	-7	-7	2	-3	-8	0	0	4	4	1	1	1	1	3	-7	-4	2	2	-1	-1	-2	-1	-1	6	6	6	1	-4	-4	-4	-4	-11	
-22	38	17	17	-35	-35	-5	-5	-41	-41	16	-11	33	10	10	20	20	-5	33	33	3	-89	0	15	-50	-50	-7	-7	11	24	24	42	42	41	1	-58	15	15	-95	-95	48	48	5	5	-30	65	65	11	11	70	16	-45	-25	-25	-12	-47	-2	32	-45	-30	-12	9	9	-15	-15	-3	20	42	6	6	3	12	-10	18	4	4	-37	15	-47	17	17	31	32	-3	5	5	-54	-1	30	2	-15	-15	10	8	44	8	8	28	-17	-63	-14	-1	-1	0	23	-14	17	17	23	23	5	3	3	-48	-48	2	-25	17	0	0	2	-9	34	-6	-6	17	17	-20	-20	-13	5	-2	15	-36	19	19	-18	-18	5	31	-35	-35	15	38	12	6	6	6	-19	-6	14	-70	-70	37	-11	-2	-2	8	8	18	11	2	9	9	-38	6	9	12	-47	-47	3	-41	-18	19	19	8	8	-45	-45	31	31	14	-9	3	5	5	3	3	13	6	6	3	3	3	20	-13	-13	-7	-7	-24	
-1	6	-7	-7	-7	-7	2	2	-2	-2	0	2	3	-1	-1	-2	-2	0	-2	-2	5	-18	1	11	-6	-6	4	4	4	0	0	5	5	-28	7	-1	4	4	-4	-4	5	5	4	4	1	5	5	1	1	3	3	0	-3	-3	3	-10	-1	1	-3	-9	2	-4	-4	1	1	1	3	1	-4	-4	4	-6	-2	3	0	0	-3	4	-1	5	5	4	5	2	-3	-3	2	4	0	-3	-8	-8	-4	1	-3	-1	-1	1	-2	-2	-1	-1	-1	-3	2	-5	4	4	3	3	-1	-1	-1	-9	-9	-3	-4	-2	0	0	2	-1	4	-1	-1	-3	-3	-13	-13	-1	0	-6	0	1	4	4	-6	-6	-6	3	-7	-7	3	-5	-4	0	0	0	-2	-6	7	-6	-6	5	-9	-1	-1	0	0	1	2	1	-5	-5	-7	-1	4	-7	-14	-14	5	-6	-1	4	4	-1	-1	5	5	0	0	-2	-13	0	-1	-1	3	3	-4	1	1	3	3	3	1	-7	-7	-1	-1	-7	
0	-2	-4	-4	-2	-2	1	1	-2	-2	-1	0	-2	0	0	0	0	1	-3	-3	0	-7	-1	7	-3	-3	3	3	1	1	1	-3	-3	-11	3	2	1	1	-1	-1	3	3	-2	-2	-2	-3	-3	1	1	0	4	3	-2	-2	3	-2	-1	2	-2	-6	-1	-1	-1	-1	-1	-2	-2	0	-3	-3	-1	-4	-1	3	-4	-4	-4	2	2	1	1	1	1	3	-1	-1	0	1	-1	-1	-2	-2	-3	0	-4	0	0	-3	0	2	-1	-1	-1	0	1	-2	-4	-4	0	0	0	1	1	0	0	-5	-4	-1	1	1	-2	0	-3	1	1	-2	-2	-4	-4	-3	1	-4	3	0	-1	-1	3	3	-1	-3	-4	-4	-1	-4	0	-3	-3	-3	-1	-5	-3	1	1	-1	0	0	0	-1	-1	-1	0	2	-3	-3	-3	-1	0	-4	-2	-2	-1	-2	0	1	1	2	2	0	0	-3	-3	-1	-2	-1	-3	-3	1	1	0	0	0	0	0	0	1	-5	-5	-4	-4	-4	
0	3	-2	-2	-4	-4	1	1	-1	-1	-6	-1	-8	1	1	0	0	1	-1	-1	1	0	3	3	0	0	2	2	-1	-3	-3	-8	-8	-7	-2	4	1	1	1	1	-1	-1	-3	-3	-5	-1	-1	3	3	4	2	1	-2	-2	-3	3	-2	6	-1	0	-4	3	3	-1	-1	3	3	0	-4	-4	-1	-3	-4	-15	-1	-1	0	1	3	2	2	1	1	1	2	2	6	0	-6	-5	1	1	-3	0	-15	1	1	-11	2	2	-1	5	5	0	2	1	-5	-5	1	1	-6	0	0	1	1	0	-2	1	2	2	-3	0	-1	6	6	-2	-2	-1	-1	-4	-1	-5	5	-5	-4	-4	18	18	-2	-6	0	0	-5	-4	0	-5	-5	-5	4	-5	-7	-2	-2	-4	1	1	1	2	2	2	1	-3	-3	-3	-1	2	-4	-14	-2	-2	-4	-1	1	2	2	4	4	1	1	-3	-3	-5	-6	5	-1	-1	-1	-1	-2	-3	-3	0	0	0	-1	-6	-6	0	0	-1	
Trial:12
-2	-2	0	0	8	5	7	2	2	-9	0	-11	4	4	-4	-4	-3	-4	-6	-6	3	3	-4	2	2	-4	-4	-10	2	2	-3	3	3	1	-2	3	3	3	-3	0	-15	6	6	3	3	-3	-2	-2	-2	4	5	5	5	-1	-1	-5	-5	1	-6	-6	-4	1	-8	2	2	-3	-3	3	3	1	1	-2	0	-1	-1	-5	-5	6	1	-4	-2	-2	-1	-1	-3	-3	-2	5	2	2	0	-4	-1	-1	-1	7	7	-2	-2	-3	-1	3	3	-3	-1	-1	-1	-3	0	0	-3	-3	0	-10	-10	-10	0	0	-9	6	6	-1	-1	4	4	-5	-5	0	0	3	-2	0	0	1	1	0	-6	-6	-5	-5	-5	8	8	8	-1	-1	2	2	2	8	8	-7	-4	-4	-2	-2	0	-2	-1	-1	0	0	0	8	-1	-2	-2	-4	-2	-1	-1	-4	3	-7	3	3	-3	-3	-1	-2	1	3	3	-3	-10	-5	-3	0	0	0	0	-2	1	1	0	0	1	1	1	1	
-3	-3	11	11	17	-4	-9	2	2	-2	-6	-9	0	0	-9	-9	-10	-2	0	0	-1	-1	-4	-6	-6	-5	-5	-7	-1	-1	-4	2	2	1	-9	14	0	0	-5	-5	-3	-5	-5	-12	-12	-6	-4	5	5	2	4	2	2	8	8	-7	-6	-4	4	4	-15	-4	-5	-7	-7	2	2	2	2	1	1	-3	3	2	2	6	6	9	1	-8	1	1	-6	-6	-3	-3	-7	-1	-11	-11	-1	-1	1	-5	-5	8	8	4	4	1	8	9	9	-6	-2	3	3	-9	-1	-1	-4	-4	6	-9	-9	-9	-2	-2	-1	-2	-2	-3	-3	6	6	-2	-2	-3	-3	-2	-1	0	0	0	0	1	-6	-6	-5	-5	1	1	1	1	5	5	-5	7	7	4	4	-4	-4	-4	1	1	-3	-7	-5	-5	2	2	0	6	-1	-4	-4	2	-4	-3	-3	0	10	-3	2	2	-2	-2	-2	0	0	5	5	-1	-2	-8	-10	2	2	-3	-3	-1	-1	-1	3	3	-3	1	1	0	
-9	-9	3	3	-4	-2	-1	-7	-7	-3	-6	-7	-3	-3	-1	-1	8	-2	-5	-5	-18	-18	4	5	5	20	20	-2	-2	-2	6	-1	-1	-4	6	7	3	3	-7	0	-16	-9	-9	-7	-7	12	-25	15	15	4	0	1	1	19	19	-8	6	1	15	15	-10	-1	-10	1	1	-9	-9	-6	-6	4	4	-11	19	-6	-6	11	11	-10	7	-21	7	7	-2	-2	0	0	-13	2	12	12	2	6	0	-15	-15	4	4	3	3	-2	4	8	8	-3	-11	-11	-11	4	-5	-5	1	1	-1	6	6	6	8	8	1	-9	-9	-2	-2	3	3	3	3	-6	-6	3	8	-7	-7	-1	-1	8	-21	-21	11	11	-6	-8	-8	-8	-1	-1	4	1	1	14	14	1	-9	-9	20	20	-11	-5	-5	-5	-3	-3	7	14	-4	-21	-21	-1	1	-1	-1	-9	13	11	10	10	-4	-4	-6	1	4	6	6	0	0	-26	-4	0	0	18	18	-4	-3	-3	7	7	-15	2	2	15	
-18	-18	7	7	3	5	-2	1	1	-1	-3	2	-4	-4	3	3	-3	-5	-6	-6	-3	-3	-2	2	2	-1	-1	1	-2	-2	-1	-5	-5	-5	6	8	0	0	-2	-1	0	-8	-8	2	2	0	1	-1	-1	3	0	-2	-2	1	1	0	5	-4	7	7	-6	1	-2	4	4	-5	-5	-1	-1	1	1	-1	3	-7	-7	4	4	-11	3	-5	2	2	1	1	-5	-5	-6	7	-2	-2	4	5	-4	0	0	0	0	3	3	0	-1	-1	-1	-1	2	-3	-3	-2	-1	-1	3	3	-8	2	2	2	1	1	-5	-2	-2	3	3	3	3	1	1	-4	-4	0	-2	-4	-4	-2	-2	-5	0	0	0	0	-2	5	5	5	-1	-1	1	-5	-5	6	6	-1	-3	-3	-3	-3	0	-2	-4	-4	1	1	-2	2	2	-4	-4	-1	3	-1	-1	-2	5	-2	1	1	-5	-5	1	-3	0	-2	-2	-4	-2	0	-3	2	2	2	2	-3	-1	-1	-2	-2	-6	-4	-4	5	
-36	-36	28	28	-17	2	41	-15	-15	-2	29	-10	-9	-9	46	46	-37	-56	-19	-19	-2	-2	20	1	1	-90	-90	57	-5	-5	-13	-18	-18	27	10	0	-2	-2	-1	-4	19	-10	-10	32	32	-4	11	-16	-16	-6	-3	-13	-13	-13	-13	8	24	8	14	14	-3	-30	-2	10	10	-7	-7	3	3	-5	-5	49	-2	20	20	-20	-20	-59	3	-35	15	15	-1	-1	-22	-22	-29	21	-10	-10	10	34	22	1	1	2	2	8	8	-2	-6	-10	-10	-7	23	-12	-12	-5	-6	-6	27	27	-18	45	45	45	-19	-19	-98	24	24	12	12	21	21	1	1	6	6	-7	-3	6	6	-18	-18	-42	17	17	5	5	-1	-21	-21	-21	4	4	75	11	11	5	5	8	-42	-42	-41	-41	-9	0	-2	-2	6	6	9	-1	-4	4	4	17	59	0	0	-7	28	-20	4	4	1	1	11	-5	-3	-1	-1	13	-15	15	-2	0	0	-4	-4	-1	-2	-2	-19	-19	-42	-31	-31	19	
-8	-8	8	8	0	6	-2	0	0	-10	4	6	-3	-3	3	3	-9	-1	-3	-3	-2	-2	1	-2	-2	-11	-11	4	-4	-4	-3	-14	-14	6	1	7	1	1	-3	2	3	-2	-2	4	4	-2	4	-4	-4	0	6	-4	-4	-5	-5	0	0	-4	4	4	-3	3	-4	2	2	-2	-2	3	3	0	0	3	-4	-7	-7	1	1	-13	0	-7	2	2	4	4	-5	-5	-2	5	3	3	1	6	-2	2	2	-2	-2	3	3	-2	-1	-9	-9	-5	4	-2	-2	-3	3	3	6	6	0	5	5	5	-3	-3	-7	0	0	1	1	4	4	-1	-1	-2	-2	-1	3	-2	-2	-4	-4	-10	1	1	-3	-3	-2	0	0	0	1	1	3	2	2	1	1	-2	-4	-4	-3	-3	-3	-1	-3	-3	1	1	0	3	1	-1	-1	7	3	-1	-1	0	4	-7	0	0	-3	-3	2	-2	-2	-2	-2	3	-1	2	-3	-1	-1	-1	-1	-5	-9	-9	-2	-2	-6	-5	-5	5	
-4	-4	1	1	1	-1	3	-2	-2	-4	-5	-1	-2	-2	-1	-1	0	-1	-1	-1	-2	-2	0	1	1	-3	-3	0	-3	-3	-3	-2	-2	1	0	1	-1	-1	-1	-1	-1	-2	-2	-1	-1	-1	0	-1	-1	0	4	-3	-3	-3	-3	-1	0	-2	0	0	-3	1	-2	0	0	-2	-2	-1	-1	3	3	-1	-2	-4	-4	1	1	-5	1	-1	1	1	0	0	-2	-2	0	1	3	3	0	2	-5	1	1	-2	-2	1	1	-2	0	-2	-2	-2	-1	-2	-2	-1	2	2	-2	-2	-1	-2	-2	-2	-2	-2	-1	-2	-2	0	0	4	4	-1	-1	-3	-3	-1	0	0	0	-2	-2	-2	2	2	-2	-2	-2	1	1	1	0	0	-1	-1	-1	1	1	-1	-3	-3	-1	-1	-1	-3	-1	-1	0	0	3	1	1	-1	-1	0	-2	-2	-2	1	-1	-3	0	0	-1	-1	-3	-3	-4	1	1	0	-2	-5	-4	1	1	0	0	-3	-4	-4	0	0	-2	0	0	1	
1	1	-2	-2	5	-3	5	-1	-1	-7	-3	1	0	0	-3	-3	1	-1	-2	-2	1	1	-3	-1	-1	-4	-4	-3	2	2	-2	-3	-3	0	0	0	0	0	0	-1	-4	-3	-3	2	2	0	-1	4	4	-1	5	-3	-3	-1	-1	-3	3	-3	-3	-3	0	-3	0	-1	-1	-3	-3	1	1	-2	-2	1	-4	-4	-4	-1	-1	-2	-1	-1	1	1	-2	-2	-4	-4	-2	0	1	1	1	-1	-3	0	0	-1	-1	1	1	-2	-3	0	0	-2	-1	-4	-4	1	2	2	-2	-2	0	-4	-4	-4	-3	-3	-1	1	1	-1	-1	3	3	-2	-2	0	0	0	2	0	0	0	0	-2	-2	-2	-3	-3	-2	2	2	2	-3	-3	0	0	0	-1	-1	-1	-1	-1	2	2	-4	-1	-5	-5	-4	-4	-1	0	2	1	1	-2	-1	2	2	0	-2	-5	0	0	2	2	-5	0	-2	1	1	1	-1	-5	-2	0	0	-2	-2	-2	-1	-1	-2	-2	-1	-1	-1	0	
Trial:13
4	-1	0	0	5	5	-5	-2	-4	-1	-1	-1	0	0	-1	0	0	8	8	2	2	-10	-10	-2	-2	2	-1	-1	-5	-5	-1	-1	-3	-3	0	0	4	3	3	3	3	-4	-2	0	0	-10	-10	-1	-1	-1	3	-1	-2	-4	-1	-1	8	8	2	2	2	-3	-3	-1	-12	-4	-4	-7	-7	-2	1	5	0	0	-3	-4	-5	-5	-6	-2	4	-5	4	1	1	-3	-2	1	-1	-1	-1	-10	-1	-5	-3	-5	1	1	-8	2	2	-1	-1	2	1	1	0	0	-9	-3	6	6	-5	-5	-5	-1	2	-2	-3	-5	2	3	3	-4	-4	2	-1	-2	0	1	1	-1	-14	-14	2	2	4	1	0	6	1	-3	-1	-3	-3	4	4	-2	-3	-4	-1	-1	-2	-3	-1	1	1	-12	1	0	0	1	1	0	-1	-1	-12	-12	-7	-8	-1	-1	-1	-1	2	3	0	4	4	3	0	-2	-2	-2	-2	-2	1	4	-1	-1	-2	-2	0	-5	-5	-5	-5	-4	0	11	
-2	-2	0	0	2	2	-4	-2	7	4	4	4	0	0	2	-6	-6	1	1	3	3	-3	-3	0	0	1	-4	-4	-16	-16	-1	-1	1	1	3	3	5	12	12	2	2	-4	-8	-3	-3	-5	-5	-3	-1	-1	-1	-5	9	7	-5	-5	9	9	9	9	-5	-10	-10	-7	-5	-2	-2	6	6	-6	0	-3	4	4	-2	-2	-3	-3	-3	-6	-3	-15	1	2	2	-2	0	-1	-3	-2	-8	-4	3	0	-3	-1	9	9	-6	-2	-2	-2	-2	2	-3	-3	5	5	-2	-1	5	5	-7	-7	-5	-4	-3	-3	-3	-1	-1	-3	-3	2	2	0	-5	-2	-4	-1	-1	-8	-6	-6	-1	-1	5	1	-2	2	3	-4	5	-5	-5	1	1	1	-5	-9	2	2	-5	-3	5	-3	-3	-5	-2	6	6	-1	-1	-2	-5	-2	-4	-4	-2	1	-8	-8	-2	-2	-4	1	0	6	6	0	0	-3	-3	-2	-4	-1	1	9	2	2	-2	-2	-5	-2	-2	1	1	-6	-1	-3	
2	-14	4	4	-2	-2	-1	-1	-1	-2	-2	-2	6	6	0	-4	-4	3	3	-5	-5	1	1	7	7	-1	-3	-3	-3	-3	-1	-1	-2	-2	1	1	0	0	0	-8	-8	11	-4	2	2	-9	-9	-8	-2	-2	6	10	-10	11	-1	-1	-6	-6	-9	-9	-2	-3	-3	0	-3	-13	-13	8	8	-3	3	1	-7	-7	8	9	-6	-6	-3	-8	-2	-1	-1	-6	-6	0	-6	3	0	-1	-8	2	-4	4	-4	-3	6	6	-2	-6	-6	-3	-3	4	4	4	-4	-4	-3	-2	-2	-2	-7	-7	-4	-5	-14	-5	2	-8	-2	1	1	0	0	8	2	7	0	0	0	-3	-5	-5	-5	-5	6	12	-3	-2	-2	-14	4	9	9	-4	-4	-15	-2	-2	-6	-6	-14	4	19	0	0	-3	1	-4	-4	8	8	-9	0	-2	6	6	17	4	-5	-5	-4	-4	-9	2	-8	-21	-21	3	-2	-2	-2	1	-11	-1	0	4	7	7	0	0	7	-8	-8	-7	-7	0	0	-19	
3	-7	2	2	0	0	-1	3	-5	2	2	2	6	6	0	-9	-9	2	2	4	4	-1	-1	-1	-1	3	-2	-2	-2	-2	-7	-7	2	2	-2	-2	-2	-1	-1	-5	-5	1	-3	-3	-3	-2	-2	-1	-3	-3	0	1	-6	3	-1	-1	0	0	-1	-1	-4	0	0	2	-9	0	0	2	2	0	0	-11	5	5	5	7	-2	-2	-1	-1	-5	2	-4	-8	-8	-2	1	2	4	-2	-3	1	-1	1	2	2	8	8	0	-4	-4	-3	-3	0	-2	-2	-2	-2	0	-1	-6	-6	0	0	-8	-3	-5	-4	1	-7	0	1	1	-4	-4	1	-2	-1	-2	2	2	-1	-4	-4	-1	-1	3	3	1	1	3	-6	1	-3	-3	-6	-6	-1	1	-2	-5	-5	-14	-2	6	1	1	-2	3	1	1	6	6	-2	0	-2	4	4	-5	3	-2	-2	-1	-1	0	-1	-4	2	2	2	-1	-1	-1	-3	0	-6	0	4	-2	-2	1	1	3	-5	-5	-1	-1	-3	-3	-5	
8	13	-2	-2	-5	-5	36	-1	-21	-17	-17	-17	8	8	12	-39	-39	1	1	33	33	-2	-2	15	15	2	-22	-22	7	7	-80	-80	24	24	22	22	-9	11	11	7	7	-1	-12	-33	-33	3	3	9	-15	-15	-15	-31	-8	34	1	1	59	59	3	3	0	-18	-18	18	-30	42	42	-11	-11	-11	3	-109	23	23	12	25	-6	-6	17	32	-1	3	-5	-34	-34	-66	15	54	2	2	-8	16	-2	-8	-10	23	22	22	21	-16	-16	-7	-7	-5	-11	-11	-5	-5	-8	-3	-2	-2	0	0	11	-15	-38	-7	1	-17	17	1	1	-53	-53	-13	-3	-9	1	-20	-20	42	39	39	-3	-3	1	19	-5	10	17	1	32	11	11	-18	-18	5	-16	-2	3	3	-92	-2	12	17	17	-18	14	15	15	10	10	-15	0	11	-3	-3	0	20	-19	-19	2	2	15	41	-11	-3	-3	51	-2	-6	-6	-1	4	18	2	-18	5	5	-19	-19	-19	-27	-27	17	17	-7	-14	-33	
5	-1	-2	-2	0	0	1	2	-7	5	5	5	3	3	1	-7	-7	2	2	4	4	-8	-8	-2	-2	4	-6	-6	1	1	-11	-11	7	7	-1	-1	0	0	0	1	1	-2	-1	-4	-4	-4	-4	-2	0	0	0	-8	-1	3	2	2	-2	-2	0	0	3	-8	-8	3	-12	4	4	1	1	0	-1	-21	10	10	5	6	-3	-3	-1	2	-2	1	-3	-5	-5	-9	10	5	10	-4	-1	-3	-3	3	-2	6	7	7	2	-4	-4	-7	-7	2	-2	-2	-1	-1	-3	-3	-4	-4	1	1	-10	-3	-1	-3	3	-7	2	-1	-1	-8	-8	-12	-1	4	-2	3	3	6	-1	-1	0	0	1	3	0	3	3	-4	3	-4	-4	-7	-7	3	0	0	-5	-5	-17	-2	2	5	5	-3	1	3	3	3	3	-2	-1	-1	-3	-3	-2	4	-8	-8	0	0	3	5	-2	5	5	4	-3	0	0	-4	0	-3	1	3	0	0	2	2	-6	-8	-8	4	4	0	-9	-6	
1	0	-1	-1	-3	-3	0	1	-1	-2	-2	-2	-1	-1	1	-2	-2	2	2	0	0	-3	-3	-1	-1	3	-1	-1	-3	-3	-3	-3	0	0	-1	-1	1	-4	-4	-1	-1	-1	-2	-2	-2	-3	-3	-2	0	0	-2	1	0	-1	-3	-3	1	1	-1	-1	-1	-1	-1	0	-4	-1	-1	-3	-3	-1	1	-5	2	2	-1	1	-2	-2	-2	-1	0	1	0	1	1	-2	1	-2	3	-2	0	-4	-2	-2	-1	0	4	4	-1	0	0	-2	-2	-1	0	0	-3	-3	-5	-1	-4	-4	0	0	-5	-1	0	-1	0	-3	-1	1	1	-5	-5	1	-2	-1	-2	1	1	0	-4	-4	-2	-2	1	0	1	6	-2	-5	1	-3	-3	-1	-1	1	-1	-3	-5	-5	-1	-1	-2	-1	-1	-1	-1	0	0	2	2	-1	-2	-2	0	0	-2	-2	-3	-3	-2	-2	-1	2	0	3	3	0	1	-1	-1	-4	0	0	-2	1	0	0	0	0	-1	-4	-4	0	0	-3	-2	1	
1	0	1	1	0	0	-4	3	-3	-2	-2	-2	-2	-2	-1	-3	-3	5	5	1	1	-6	-6	-1	-1	2	-2	-2	-2	-2	-3	-3	-2	-2	0	0	0	-5	-5	2	2	-3	2	1	1	-3	-3	-2	-1	-1	-3	2	-3	-2	-2	-2	3	3	-1	-1	-3	2	2	-3	-4	-2	-2	-2	-2	-1	-2	-2	1	1	-2	2	-2	-2	-3	-2	0	-3	-1	0	0	-2	2	0	-1	-1	0	-2	-2	-2	-2	-3	5	5	-1	-1	-1	-3	-3	-2	-2	-2	1	1	-6	-4	-2	-2	-2	-2	-4	2	0	1	1	-2	-1	2	2	-4	-4	2	-3	-1	-2	2	2	3	-5	-5	-3	-3	0	0	-1	3	-1	-5	-1	-3	-3	1	1	1	0	0	-5	-5	-4	-2	0	-1	-1	-2	-1	0	0	2	2	-1	-3	0	-1	-1	-1	-1	-3	-3	-3	-3	0	1	-1	1	1	0	-2	-1	-1	-3	1	-3	-4	-2	3	3	-1	-1	-3	-1	-1	0	0	0	0	-1	
Trial:14
1	1	0	-2	-1	1	1	-3	-3	5	-9	-9	0	2	-8	-2	-2	5	5	-12	-12	2	2	-3	-3	-4	6	6	-2	-2	9	0	0	-5	-6	-6	-3	1	-12	-4	-4	5	-3	-1	-1	-6	3	-6	-7	1	-1	-1	5	-6	2	2	3	3	1	7	-2	-6	-6	-7	3	11	11	-1	-1	-5	3	0	0	0	1	1	4	-1	-1	3	-3	-3	0	0	4	-7	-6	-6	-6	-6	5	-5	1	-2	-2	-11	-2	2	2	-2	-4	-5	-5	1	2	2	6	6	-6	0	-10	-10	5	5	-1	-3	-3	-2	-2	5	4	-5	-5	-15	-15	-4	4	-1	14	14	0	0	-10	0	0	2	-4	-4	5	-5	2	2	0	0	-1	-1	6	8	1	1	-4	-4	1	-3	-12	7	7	3	3	-4	-1	-1	16	-1	-8	0	-5	-5	-5	-5	0	-8	-8	-1	-1	0	0	5	5	-3	-3	2	-1	-1	2	2	2	2	-2	-2	-2	-2	-3	-6	-6	3	3	2	3	3	
11	11	-9	-2	2	0	0	3	3	-1	1	1	-4	4	0	-3	-3	3	3	-18	-18	0	0	-1	-1	1	4	4	0	0	3	0	-2	-2	-14	-14	9	0	-15	0	0	2	-6	0	0	-8	11	-3	-4	3	-2	-2	0	-2	-5	-5	3	3	0	-1	-3	-2	-2	7	5	16	16	-2	-2	-11	-2	-2	-3	-3	-3	0	-2	3	3	-1	1	-10	5	5	2	-9	-5	-5	3	3	-2	-2	-8	-3	-3	-3	17	7	7	-4	-6	-5	-5	-1	-1	-1	3	3	-3	1	1	1	-11	-11	-4	0	0	-9	-9	2	-2	-6	-6	-16	-16	2	4	1	8	8	7	7	-6	4	4	1	0	-9	3	-3	1	1	-1	-1	0	0	3	5	5	5	-12	-12	4	1	-5	3	3	0	0	-1	4	4	2	-6	-3	3	-9	-9	2	2	-2	-22	-22	6	6	0	0	7	7	-10	-10	4	0	0	6	6	2	2	-2	-2	1	1	-7	-14	-14	5	5	-1	-2	-2	
6	6	-7	-1	-1	-4	-4	-4	-4	-15	18	18	-8	-2	2	-1	-1	10	10	-10	-10	-5	-5	-1	-1	-4	1	1	3	3	-4	7	6	-8	-4	-4	-7	-11	7	-3	-3	1	-3	0	0	-4	-8	-7	10	2	-5	-5	-1	-11	-6	-6	-3	-3	20	-8	-1	-9	-9	-1	-3	-2	-2	1	1	-12	-3	-2	-4	-4	2	-1	-26	14	14	0	2	-3	-3	-3	3	-2	1	1	5	5	4	-7	-2	5	5	2	9	-9	-9	10	-16	-3	-3	-3	-9	-9	-2	-2	7	14	-9	-9	-2	-2	-15	8	8	-3	-3	-2	7	-4	-4	1	1	-19	-1	8	0	0	11	11	-9	4	4	-12	0	7	-2	-1	-2	-2	0	0	0	0	-1	0	4	4	-6	-6	5	-1	-5	5	5	-4	-4	-1	-2	-2	-2	-11	5	0	12	12	0	0	1	-21	-21	2	2	-2	-2	-1	-1	-13	-13	6	5	5	0	0	0	0	2	2	-2	-2	-7	-1	-1	1	1	6	2	2	
1	1	-14	10	-3	0	0	4	4	-5	5	5	-4	4	-1	-4	-4	-2	-2	-20	-20	6	6	6	6	-5	8	8	3	3	2	-1	-1	-13	-2	-2	-2	-1	1	-5	-5	-3	1	-4	-4	-1	-2	6	-1	-3	-7	-7	8	-1	-6	-6	-1	-1	2	-4	-2	-5	-5	-4	2	2	2	1	1	-3	2	-5	0	0	2	0	0	0	0	6	3	-9	-2	-2	7	-1	-6	-6	-1	-1	0	-6	0	2	2	-2	-1	0	0	1	-5	-4	-4	-6	-5	-5	-8	-8	10	0	-8	-8	4	4	-4	-1	-1	0	0	-5	1	-1	-1	1	1	0	7	6	-2	-2	2	2	-5	-1	-1	-7	-4	0	-6	6	-5	-5	-2	-2	-2	-2	-2	1	-1	-1	0	0	8	0	-9	2	2	-1	-1	-5	-2	-2	1	-5	1	2	4	4	-2	-2	-3	-6	-6	-8	-8	1	1	0	0	1	1	-1	7	7	3	3	-2	-2	2	2	0	0	-1	-1	-1	-7	-7	1	-1	-1	
-14	-14	14	38	-16	-31	-31	0	0	-17	12	12	61	41	-13	-22	-22	-42	-42	-91	-91	39	39	19	19	-21	37	37	51	51	4	9	-9	31	-17	-17	-9	-6	6	-18	-18	6	4	-55	-55	15	-18	32	10	10	-40	-40	34	33	-11	-11	-3	-3	2	13	0	-11	-11	-22	16	22	22	11	11	-28	-65	18	48	48	-33	5	20	-49	-49	16	23	-51	7	7	48	10	5	5	24	24	-25	-68	-37	-15	-15	18	2	32	32	14	-41	-18	-18	-33	-1	-1	-36	-36	29	-10	-8	-8	-2	-2	7	7	7	22	22	5	-12	-9	-9	34	34	-5	21	22	-22	-22	29	29	7	-30	-30	-40	-28	-14	-3	24	-26	-26	-4	-4	23	23	13	7	-2	-2	0	0	-5	-10	6	-8	-8	4	4	-38	50	50	-61	12	12	-10	5	5	-16	-16	-11	-1	-1	18	18	-8	-8	-22	-22	8	8	4	45	45	79	79	-37	-37	26	26	4	4	70	-13	-13	-64	-64	-4	40	40	
-1	-1	-11	7	-5	-1	-1	3	3	0	8	8	0	-3	-4	-6	-6	0	0	-21	-21	7	7	1	1	-5	8	8	0	0	3	1	0	-11	-3	-3	-12	-2	8	1	1	-4	6	-2	-2	6	-1	5	-2	-3	-18	-18	5	-5	-4	-4	-2	-2	-1	-2	-1	5	5	0	3	5	5	-1	-1	-5	4	-9	4	4	-1	0	2	0	0	0	3	-5	2	2	-4	2	-2	-2	-4	-4	2	-8	7	3	3	-4	3	4	4	0	-9	-6	-6	-2	-10	-10	-10	-10	2	-2	-7	-7	5	5	-3	3	3	2	2	-2	0	5	5	3	3	0	9	5	-4	-4	-2	-2	-6	-2	-2	-14	-1	2	-8	-3	-1	-1	1	1	-2	-2	-2	-2	4	4	1	1	2	7	-6	1	1	1	1	-3	-4	-4	-3	-9	1	2	-6	-6	2	2	-9	2	2	-5	-5	0	0	4	4	-1	-1	-1	10	10	0	0	-2	-2	3	3	0	0	-3	-2	-2	-3	-3	-2	1	1	
-1	-1	-7	2	0	-1	-1	0	0	2	1	1	-4	-4	-1	-3	-3	0	0	-4	-4	0	0	2	2	-4	2	2	-2	-2	5	0	-2	-5	-3	-3	-4	-1	4	-2	-2	-3	1	0	0	1	0	-5	-2	0	-6	-6	2	-1	-3	-3	-1	-1	0	-1	-1	0	0	-2	2	1	1	0	0	-4	3	-4	-2	-2	2	-1	3	-1	-1	1	-1	-1	1	1	-2	-3	-2	-2	2	2	0	-4	2	0	0	-5	0	-3	-3	0	-2	-3	-3	2	-3	-3	-4	-4	-1	1	1	1	-2	-2	-4	-1	-1	1	1	-1	1	1	1	1	1	-2	5	1	1	1	0	0	-8	-1	-1	-1	1	-2	-3	-5	0	0	1	1	-2	-2	0	0	-1	-1	0	0	-1	3	-3	2	2	-1	-1	0	-4	-4	3	-5	-3	2	-2	-2	0	0	-4	1	1	-5	-5	1	1	2	2	0	0	-1	1	1	-1	-1	0	0	-3	-3	-2	-2	-1	-4	-4	0	0	0	1	1	
-1	-1	-5	-2	0	-2	-2	1	1	3	0	0	-5	-3	-1	-1	-1	1	1	-5	-5	1	1	0	0	-2	3	3	-8	-8	4	-1	-2	-3	-2	-2	-2	1	1	-2	-2	-5	-1	-1	-1	1	0	-4	-2	-2	-4	-4	-1	-6	-1	-1	2	2	1	1	-1	-8	-8	-4	0	2	2	0	0	-2	6	-1	-2	-2	2	2	6	-2	-2	-3	-4	1	-3	-3	3	-4	-6	-6	3	3	1	-3	2	-3	-3	-5	0	-5	-5	1	-3	-1	-1	1	-2	-2	-1	-1	0	-4	-1	-1	-3	-3	-2	-1	-1	3	3	-3	0	0	0	-4	-4	-4	2	1	5	5	1	1	-5	-1	-1	1	0	-5	1	-3	-2	-2	0	0	-5	-5	1	0	-3	-3	-1	-1	0	3	0	5	5	0	0	1	-5	-5	1	-4	-1	3	-3	-3	-2	-2	-2	-2	-2	-4	-4	-1	-1	0	0	0	0	-3	-4	-4	2	2	3	3	0	0	-2	-2	-1	-4	-4	2	2	-1	1	1	
Trial:15
3	3	1	1	5	1	1	-6	-6	-7	2	-5	0	1	8	5	-2	-2	-2	2	-2	3	8	-4	-4	-7	6	-11	8	8	-4	-4	-6	-6	4	4	-1	2	-5	3	3	4	-1	-18	-18	12	12	-6	4	5	-8	-8	2	2	0	0	19	19	-5	-5	-3	-5	-5	-10	-10	-10	3	0	0	3	3	-6	-2	-5	-5	4	4	-7	-7	6	-1	-1	2	-3	-3	4	4	-11	-11	3	3	-1	-1	-7	2	2	0	0	2	2	1	1	-1	-1	6	2	2	1	1	-6	-6	-1	-1	-2	-3	-3	-4	-4	0	0	-4	2	2	-9	-9	3	7	-1	-1	1	1	-8	0	0	-3	-3	-3	-5	6	6	11	11	-12	-13	-1	5	5	-2	-2	-15	2	-4	-4	-6	-1	-1	0	0	-1	-17	-8	0	0	0	3	-2	3	-1	-1	-1	-1	-3	2	2	-1	-1	2	2	-3	-3	-7	-7	-5	-4	-4	0	0	5	-12	-12	5	5	-1	4	3	9	-4	-4	2	2	
3	3	-1	-1	-6	6	6	-7	-7	5	8	3	4	1	7	2	1	1	-3	-2	-7	-1	2	0	0	10	23	-15	7	7	-6	-6	-3	-3	0	0	7	-11	-12	-3	-3	6	0	-15	-15	-2	-2	-9	6	4	-1	-1	-1	-1	-2	-2	19	19	-6	-6	-1	1	1	-6	-6	-6	20	-8	-8	1	1	-3	-2	-18	-18	18	18	-4	-4	18	-12	-12	0	-8	-8	7	7	-23	-23	-6	-6	1	1	-17	-8	-8	10	10	3	7	-1	-1	5	5	1	8	8	0	0	-4	-4	-3	-3	0	4	-5	-13	-13	-4	-4	-1	3	3	-2	-2	2	0	0	0	14	14	-8	-8	-8	-1	-1	-1	-10	0	0	4	4	4	17	-1	-2	-2	-6	-6	-1	-2	-10	-10	-4	1	4	1	1	0	-24	-4	7	7	7	10	-2	-7	-5	-5	2	2	-4	-6	-6	7	7	-1	-1	1	1	-1	-1	-14	-5	-5	1	1	-1	-2	-2	0	0	-4	-5	12	4	-8	-8	-3	-1	
-5	-5	-3	-3	10	6	6	-5	-5	-3	0	2	-7	3	-3	1	-3	-3	-7	2	-4	-2	4	0	0	-6	5	-7	0	0	0	0	-2	-2	0	0	7	-1	7	0	0	1	-1	-9	-9	-4	-4	-9	-3	-1	-1	-1	0	0	0	0	2	2	-2	-2	-2	-3	-3	-6	-6	-6	2	2	2	-3	-3	1	-4	4	4	1	1	2	2	7	-7	-7	-2	-4	-4	-4	-4	2	2	0	0	-4	-4	4	-3	-3	-2	-2	0	-1	-4	-4	-3	-3	-1	-1	-1	0	0	-6	-6	8	8	-5	3	-1	-3	-3	-6	-6	-3	6	6	-22	-22	-3	9	4	4	3	3	-2	1	1	-16	-16	-16	4	0	0	3	3	-3	-1	-2	-5	-5	-4	-4	3	-1	-2	-2	9	-4	4	0	0	2	-17	-2	0	0	0	-1	-1	5	-6	-6	-4	-4	-6	5	5	-1	-1	-5	-5	4	4	-5	-5	-11	5	5	-4	-4	-2	-3	-3	-3	-3	-5	-4	2	-8	-1	-1	3	3	
3	3	-2	-2	2	1	1	-1	-1	-1	-2	3	-9	6	6	-3	1	1	-10	3	1	-4	2	3	3	-10	3	-2	-3	-3	0	0	-12	-12	4	4	8	-3	-3	6	6	-2	-1	-6	-6	-3	-3	-7	4	2	7	7	-3	-3	1	1	-1	-1	-4	-4	0	2	2	-7	-7	-7	-1	-1	-1	1	1	-2	-4	5	5	4	4	4	4	0	-6	-6	-2	-5	-5	-3	-3	0	0	5	5	-2	-2	-3	-1	-1	-3	-3	-1	-1	-2	-2	-3	-3	-2	-1	-1	1	1	-2	-2	-6	-6	-1	-3	1	0	0	-1	-1	-2	4	4	-10	-10	6	4	4	4	-5	-5	-5	3	3	2	2	2	1	-2	-2	2	2	-6	2	-1	-6	-6	-1	-1	0	0	0	0	4	-5	1	6	6	0	-4	0	1	1	1	-4	-5	-1	-7	-7	-4	-4	-2	4	4	0	0	-3	-3	-1	-1	-2	-2	-2	1	1	-2	-2	4	-7	-7	-1	-1	-10	0	0	1	0	0	2	-1	
13	13	-4	-4	27	-27	-27	29	29	39	-49	18	-60	20	2	2	20	20	-32	46	-16	17	-37	10	10	-10	-1	33	-5	-5	8	8	16	16	20	20	-5	1	-20	26	26	-27	5	43	43	-8	-8	-34	4	-20	54	54	-20	-20	7	7	-33	-33	-42	-42	15	24	24	26	26	26	8	-14	-14	1	1	-5	-47	15	15	11	11	-17	-17	5	-53	-53	-3	-5	-5	-20	-20	-19	-19	26	26	3	3	0	9	9	-64	-64	-15	-6	-2	-2	7	7	-28	6	6	52	52	46	46	-15	-15	3	-38	-8	-13	-13	5	5	5	3	3	-41	-41	51	16	-15	-15	-15	-15	-14	13	13	2	2	2	7	26	26	70	70	-62	-3	6	9	9	5	5	46	-17	-8	-8	2	-4	-40	15	15	24	-9	23	-7	-7	-7	3	-39	4	-39	-39	-12	-12	18	7	7	-17	-17	11	11	-22	-22	-15	-15	-65	20	20	15	15	57	9	9	20	20	-54	3	16	31	-34	-34	-1	-7	
0	0	2	2	7	-4	-4	4	4	9	-7	2	-4	6	0	1	2	2	-7	9	-3	-4	-3	-2	-2	-14	-1	-3	1	1	3	3	-18	-18	10	10	3	4	-3	0	0	1	-2	-6	-6	3	3	-1	0	1	8	8	-1	-1	-3	-3	-5	-5	-6	-6	3	2	2	-8	-8	-8	0	-1	-1	4	4	1	-7	2	2	12	12	-3	-3	-2	-2	-2	-7	-2	-2	-1	-1	-1	-1	1	1	-3	-3	-4	2	2	-9	-9	4	5	-3	-3	-3	-3	-7	-4	-4	6	6	-2	-2	-3	-3	0	-6	-4	2	2	3	3	-5	5	5	-19	-19	7	4	6	6	-1	-1	-3	8	8	9	9	9	-2	-1	-1	-1	-1	-2	-3	-1	-14	-14	4	4	3	-1	-1	-1	2	-7	5	1	1	1	-2	2	-5	-5	-5	1	0	-8	-4	-4	-3	-3	2	4	4	2	2	0	0	-1	-1	-2	-2	-6	0	0	-2	-2	0	-4	-4	3	3	-12	4	0	2	-1	-1	0	-4	
0	0	0	0	1	-2	-2	0	0	2	-2	-2	-1	-1	1	0	0	0	-1	0	1	-3	0	-2	-2	-6	-1	-3	-1	-1	0	0	-7	-7	3	3	1	-1	-1	-2	-2	3	0	-6	-6	1	1	-1	-1	0	0	0	2	2	-1	-1	0	0	-4	-4	1	-1	-1	-7	-7	-7	1	-1	-1	-2	-2	-1	-4	0	0	4	4	0	0	-2	-1	-1	-3	-1	-1	-1	-1	-1	-1	2	2	-3	-3	0	-2	-2	-2	-2	-2	0	0	0	1	1	-3	-3	-3	2	2	-5	-5	-4	-4	-1	-2	-2	-2	-2	1	1	-2	1	1	-4	-4	0	-2	3	3	-2	-2	-3	1	1	2	2	2	-4	-2	-2	-2	-2	0	-2	0	-1	-1	-3	-3	0	0	1	1	-1	-3	2	0	0	0	-1	-3	-4	-4	-4	-2	1	-2	-1	-1	-1	-1	2	1	1	1	1	-3	-3	1	1	-1	-1	0	-2	-2	-5	-5	0	-3	-3	-2	-2	-4	0	0	1	1	1	0	-3	
0	0	-3	-3	3	0	0	-3	-3	1	-2	-2	-1	-3	0	0	-3	-3	0	-4	0	0	6	-5	-5	-4	1	-5	4	4	-3	-3	-7	-7	3	3	2	0	-3	1	1	2	-1	-6	-6	7	7	-4	-2	-2	-2	-2	6	6	-2	-2	3	3	-3	-3	0	-1	-1	-8	-8	-8	-1	0	0	0	0	-3	-1	-1	-1	0	0	-1	-1	3	-2	-2	-1	-5	-5	1	1	-1	-1	4	4	-4	-4	1	1	1	-3	-3	-1	0	-2	-2	1	1	-4	-1	-1	0	0	-5	-5	-3	-3	1	-2	-1	-2	-2	0	0	1	0	0	-2	-2	1	-3	1	1	-3	-3	-2	1	1	0	0	0	-1	0	0	-1	-1	1	-5	0	3	3	-2	-2	-4	0	-2	-2	1	0	1	-2	-2	1	-5	-4	1	1	1	-6	4	0	-1	-1	1	1	3	0	0	-3	-3	-3	-3	-2	-2	-1	-1	1	-2	-2	-3	-3	1	-2	-2	-3	-3	-2	3	-2	1	-1	-1	1	-6	
Trial:16
-10	5	5	-3	-3	-4	-4	2	2	1	-5	-5	1	1	3	-2	-2	-7	-7	-3	-3	-3	-3	-1	1	-3	7	7	9	9	0	0	-4	-4	-6	-6	3	-4	-4	-4	1	1	-2	-1	-1	5	5	9	1	-11	-11	6	6	-8	-5	-5	-7	-7	-3	-2	-2	-1	-1	-1	0	1	1	0	0	2	0	0	-5	-5	7	-3	7	7	4	4	-4	-6	-6	1	1	-3	-3	0	0	-5	-5	1	-3	-1	1	1	-3	0	0	0	-1	-1	-6	5	5	1	1	-5	-8	-3	0	1	1	-3	0	7	4	4	-4	-4	-5	3	2	2	-6	-6	-3	-1	-1	-4	-4	-7	-7	1	1	3	3	1	4	2	-3	-3	0	-1	3	2	2	-1	-4	-5	-5	-7	-7	0	-2	0	2	2	-3	-12	15	15	-8	-8	-9	4	7	0	0	3	-6	-8	2	2	1	2	2	-2	0	0	-5	-5	-3	0	-3	-3	1	-4	2	3	3	0	0	-4	-6	0	0	0	3	-2	
-8	-1	-1	-8	-5	-3	-3	6	6	9	-2	-2	-1	-1	0	-4	-4	-2	-2	1	1	-2	-2	-3	3	9	-1	-1	5	5	-2	-2	-1	-1	-10	-10	2	0	0	0	-5	-5	1	-1	-1	-3	-3	15	-4	-7	-7	1	1	-5	-3	-3	-20	-20	0	2	2	-5	-3	-3	2	2	2	-3	-3	8	-2	-2	-2	-2	2	0	13	13	-1	-1	-1	-6	-6	2	2	-5	-5	-6	-6	-2	-2	-6	-5	-3	-13	-13	2	1	2	2	3	3	6	-6	-6	-5	-5	0	0	-7	-3	6	6	11	-1	2	-5	-5	-3	-3	-4	-1	4	4	2	2	-1	-4	-4	-1	-1	-12	-12	0	0	-11	-11	4	-4	1	-5	-5	2	-2	-8	-6	1	-4	2	-1	-1	2	2	2	4	-6	4	4	-3	-14	2	2	-4	-4	3	-2	10	0	0	2	-2	-9	-4	-4	-3	-2	0	-4	-2	2	-4	-6	0	4	-1	-1	0	-6	-4	-5	-5	-10	9	-1	-6	0	0	1	0	1	
-4	-1	-1	0	1	-7	-7	-1	-1	6	-7	-7	-3	-3	13	-3	-3	1	1	-4	-4	-10	-10	3	10	-5	-3	-3	6	6	-25	-25	4	4	0	0	3	-3	-3	-3	0	0	1	-2	-2	4	4	4	0	13	13	-3	-3	-6	0	0	-14	-14	-5	-4	-4	3	-18	-18	-4	4	4	4	4	43	-7	-7	5	5	-4	0	0	0	-2	-2	8	-23	-23	16	16	-6	-6	-14	-14	-3	-3	-2	-9	-7	-8	-8	15	7	11	11	-1	-1	-16	-15	-15	-5	-5	0	22	-18	10	7	7	22	-7	7	3	3	0	0	-7	-10	10	10	14	14	-6	-3	-3	-10	-10	-19	-19	-11	-11	-11	-11	2	1	10	-22	-22	-4	-6	-5	7	4	-2	18	-7	-7	17	17	20	17	-17	-6	-6	3	-15	-15	-15	4	4	14	-11	-20	11	11	24	14	5	-5	-5	0	-27	-3	-6	-1	-16	-10	-6	0	28	2	2	5	-5	-19	12	12	-11	4	3	-8	-5	-5	-8	4	5	
1	-1	-1	-4	-1	3	3	1	1	4	-8	-8	-3	-3	7	-2	-2	1	1	-5	-5	2	2	-9	-2	0	-11	-11	6	6	-7	-7	4	4	6	6	-2	-1	-1	-1	-2	-2	2	-1	-1	3	3	0	3	0	0	3	3	-3	1	1	-6	-6	-5	-13	-13	-3	0	0	-3	1	1	-7	-7	9	3	3	2	2	-5	4	1	1	-1	-1	0	-8	-8	-9	-9	4	4	0	0	-1	-1	0	-2	-4	-2	-2	-5	-5	-5	-5	-3	-3	1	1	1	5	5	1	-3	-1	1	-3	-3	4	-1	-3	-3	-3	-5	-5	0	-4	-8	-8	6	6	-3	-1	-1	-2	-2	3	3	1	1	2	2	-5	-9	7	-3	-3	-2	5	-8	2	-5	-6	7	-5	-5	-3	-3	4	-7	-21	4	4	-3	-1	1	1	5	5	3	-1	-4	3	3	5	-1	-2	-4	-4	5	-3	7	-8	1	1	-8	-3	5	6	-2	-2	8	-11	-6	3	3	-9	-7	-1	-2	-3	-3	-1	1	3	
27	-61	-61	20	-78	53	53	3	3	34	-1	-1	-31	-31	43	15	15	19	19	-20	-20	53	53	-44	-25	-17	-52	-52	10	10	-40	-40	26	26	12	12	-19	6	6	6	27	27	-6	-3	-3	9	9	-7	41	-23	-23	16	16	-9	6	6	-27	-27	-1	-86	-86	20	-1	-1	20	-3	-3	-1	-1	8	97	97	-24	-24	-4	28	-55	-55	7	7	-14	-29	-29	-35	-35	19	19	0	0	11	11	27	14	-39	-13	-13	16	-21	-2	-2	4	4	13	43	43	71	71	-40	-17	-22	20	24	24	-29	3	-35	26	26	-3	-3	27	-12	-13	-13	1	1	-31	-22	-22	-44	-44	10	10	14	14	11	11	-2	-53	18	-13	-13	28	0	-17	13	-18	20	12	1	1	-4	-4	6	-51	-37	15	15	-5	-27	-12	-12	47	47	30	-13	-6	13	13	20	-20	6	6	6	1	26	15	-40	-2	3	-92	16	19	-11	12	12	4	14	-1	1	1	-30	-65	-9	29	9	9	-6	36	-3	
3	-11	-11	-4	-1	2	2	6	6	3	1	1	0	0	-2	1	1	-1	-1	-2	-2	-9	-9	-1	-15	2	-9	-9	5	5	-1	-1	-1	-1	-3	-3	-1	1	1	1	0	0	-4	1	1	6	6	1	-2	-1	-1	2	2	-1	-3	-3	-6	-6	0	-26	-26	-4	6	6	4	4	4	-4	-4	-1	5	5	-3	-3	-2	1	4	4	5	5	-6	-8	-8	-12	-12	3	3	1	1	4	4	-1	0	-2	-2	-2	2	-5	-2	-2	1	1	1	5	5	0	0	-3	-3	-5	5	-4	-4	-2	-2	-2	-2	-2	-5	-5	4	-4	-1	-1	2	2	-7	0	0	-2	-2	-3	-3	3	3	2	2	1	-6	0	-5	-5	1	1	0	-2	-5	3	3	-1	-1	-1	-1	-3	-6	-11	4	4	-2	-5	2	2	6	6	2	1	2	1	1	8	-5	-1	0	0	1	6	4	-8	-2	1	-8	0	1	-2	1	1	1	-18	-4	1	1	-5	-9	0	1	-2	-2	0	1	8	
-1	0	0	-3	2	-2	-2	2	2	0	-1	-1	1	1	-1	2	2	-4	-4	-1	-1	-5	-5	-2	-3	-1	-1	-1	3	3	1	1	-1	-1	-5	-5	0	-2	-2	-2	1	1	-3	2	2	1	1	0	-1	-1	-1	-1	-1	1	-2	-2	-2	-2	-2	-5	-5	-2	1	1	-1	1	1	-4	-4	-1	0	0	1	1	0	-4	4	4	0	0	-4	-1	-1	-1	-1	1	1	-1	-1	-1	-1	-2	-1	0	-2	-2	0	-2	0	0	-2	-2	-1	1	1	-3	-3	2	-3	-2	1	-3	-3	-1	0	-1	-1	-1	-2	-2	0	-2	1	1	0	0	-1	-3	-3	-2	-2	-3	-3	0	0	-1	-1	0	-1	-1	-2	-2	0	0	2	2	-3	1	0	-1	-1	-2	-2	-3	0	-5	3	3	-2	-5	2	2	0	0	1	2	-1	0	0	2	-3	0	-1	-1	0	-1	1	-3	-1	-1	-3	-2	2	2	-4	-4	2	-9	-2	2	2	-2	-3	-1	-1	-1	-1	-1	-2	0	
-2	5	5	-1	0	-5	-5	2	2	-2	-1	-1	1	1	2	1	1	-6	-6	-2	-2	-3	-3	-4	-4	-3	3	3	1	1	0	0	0	0	-2	-2	-2	-4	-4	-4	-1	-1	-3	0	0	4	4	2	1	-1	-1	3	3	-4	-3	-3	-4	-4	0	-6	-6	-2	0	0	-2	5	5	-6	-6	-1	-1	-1	-1	-1	1	-1	5	5	0	0	-3	0	0	0	0	3	3	-2	-2	-1	-1	-2	-4	0	-2	-2	-1	2	0	0	-4	-4	-3	1	1	-1	-1	-3	-2	-2	1	-4	-4	1	1	1	1	1	-1	-1	-1	0	-1	-1	1	1	-3	0	0	-3	-3	-2	-2	1	1	0	0	-1	3	-2	-4	-4	1	-1	-1	6	-1	-1	1	-5	-5	-2	-2	-1	3	-1	2	2	-1	-5	5	5	-2	-2	1	0	-1	-1	-1	0	-4	-7	1	1	0	-2	-1	-2	-1	-1	-1	-2	2	-2	-4	-4	1	-6	-1	1	1	1	-3	-1	-3	-2	-2	2	-2	2	
Trial:17
-6	3	2	-2	-2	4	4	-7	-7	-3	-6	-6	-2	-2	0	-6	7	7	5	5	0	-1	-1	-9	-9	-1	-5	-2	1	-6	1	-5	-1	-1	6	6	0	-2	2	2	-2	-2	-3	-16	1	-4	-4	3	-4	-5	-5	-2	-2	-2	-2	-5	-5	1	0	12	-5	1	1	-9	3	-7	1	5	-4	-3	0	8	-1	-1	9	-8	4	-1	-1	7	-8	-4	-6	-2	-2	-3	0	-3	-1	-1	-4	-4	2	3	3	-8	-8	-10	-10	5	5	-2	-2	-5	5	5	-1	-1	3	5	3	0	0	-5	-2	-8	-2	-13	-6	2	7	7	13	13	3	-4	1	-4	-4	-23	3	-9	-3	0	-5	2	-2	-2	4	4	13	2	-1	-2	-2	-1	-2	-2	0	-4	11	11	-9	-9	-5	-5	-6	-1	-4	-5	-5	3	-3	-2	0	0	0	-6	4	4	-2	-2	-6	-1	-4	-1	-1	11	11	5	4	4	1	1	1	-4	-10	-10	8	8	-5	-1	-2	-5	-5	5	3	0	-4	-2	
2	-5	-2	4	4	3	3	5	5	-4	-5	-5	-5	-5	-7	1	1	1	-4	-4	-1	-9	-9	-5	-5	-2	4	3	-2	7	-1	0	-9	-9	10	10	-5	-2	2	2	-3	-3	-9	-2	5	-2	-2	2	-5	-7	-7	1	1	-9	-9	10	10	-6	-1	6	-4	5	5	-4	-5	-9	-6	4	-8	0	6	-3	7	7	0	-13	6	0	0	6	5	-6	-1	-7	-7	0	0	1	-6	-6	-1	-1	-1	6	6	-6	-6	-13	-13	4	4	0	0	9	12	12	-5	-5	-5	4	-13	-2	-2	0	1	-14	-3	-1	-4	3	6	6	5	5	17	-2	-3	-6	-6	-11	7	-19	3	-8	0	0	-9	1	2	2	11	-1	-3	-4	-4	1	-3	-3	-9	2	4	4	-2	-2	0	0	-12	6	0	2	2	3	-1	-4	5	5	0	-4	-1	-1	-11	-11	-4	4	1	-2	-2	16	16	3	-7	-1	-2	-2	-2	6	-4	-4	6	6	-5	-6	2	-6	-6	-1	3	1	-2	-11	
12	3	-1	1	1	3	3	3	3	-7	-14	-14	-4	-4	2	-12	-2	-2	-2	-2	0	-7	-7	-3	-3	1	-4	3	-1	0	-7	-14	6	6	-9	-9	3	-3	2	2	-9	-9	-8	-8	3	11	11	0	4	-4	-4	-12	-12	1	1	7	7	-1	4	8	3	1	1	-15	1	3	-5	-15	-5	13	0	6	2	2	1	-6	11	-6	-6	1	1	-5	-8	-18	-18	-8	-4	8	1	1	-1	-1	12	-2	-2	17	17	-9	-9	-5	-5	-36	-36	15	-4	-4	-3	-3	1	-4	-12	8	8	0	4	-16	-5	3	3	5	8	8	-13	-13	9	-1	-3	-4	-4	-12	-1	7	-6	-6	-3	3	-5	4	-19	-19	7	-3	8	3	3	-9	11	11	-5	8	-4	-4	-5	-5	-2	-2	-13	-1	-2	-3	-3	10	0	5	7	7	-3	-1	-9	-9	2	2	-5	7	-20	6	6	5	5	-6	-4	6	4	4	4	24	-3	-3	-9	-9	-8	-8	-3	-1	-1	-3	-2	-1	-7	0	
-3	-6	1	7	7	3	3	6	6	-4	-1	-1	-5	-5	5	2	-5	-5	-2	-2	-11	0	0	-2	-2	-1	-3	1	-2	-4	-3	-2	2	2	-5	-5	5	3	-7	-7	5	5	2	-3	-2	2	2	-7	3	-6	-6	-4	-4	-7	-7	0	0	5	6	-4	2	-1	-1	-5	8	-5	-2	0	-1	4	0	1	4	4	3	-6	-1	-1	-1	0	-2	-7	-4	-6	-6	1	-2	5	-2	-2	3	3	-1	6	6	-3	-3	-2	-2	-6	-6	-4	-4	3	-5	-5	-1	-1	-4	-1	-11	3	3	-1	7	-10	7	10	4	-2	-1	-1	0	0	1	-7	6	-7	-7	3	-2	3	-3	-9	6	-1	1	3	3	3	-1	-2	3	-4	-4	3	5	5	-11	8	-1	-1	-5	-5	-12	-12	-3	1	-9	-1	-1	2	6	1	2	2	3	-10	-8	-8	6	6	1	-1	-2	6	6	1	1	1	-3	-2	-10	-10	-10	6	8	8	3	3	-6	-8	-3	4	4	-6	-7	-4	6	-4	
11	-34	11	22	22	-7	-7	82	82	19	19	19	-27	-27	18	33	-38	-38	-17	-17	-60	-42	-42	-8	-8	6	12	19	42	-21	-31	-25	45	45	-73	-73	14	23	-46	-46	46	46	59	-1	52	-14	-14	-55	-9	42	42	-13	-13	-4	-4	-14	-14	14	10	-23	-35	4	4	-23	47	-46	44	69	2	-3	49	-1	20	20	62	-67	-6	-5	-5	-17	-13	-7	-27	-74	-74	10	-23	41	-24	-24	43	43	-2	32	32	-8	-8	1	1	-1	-1	-7	-7	31	34	34	-7	-7	-3	12	8	-28	-28	-11	-2	-53	-26	93	-28	14	-29	-29	-34	-34	-70	-34	75	-78	-78	49	-26	18	-15	-64	21	-4	52	79	-36	-36	17	-3	36	-42	-42	-21	-6	-6	30	-3	84	84	-18	-18	-114	-114	-34	-11	34	-13	-13	-11	-16	19	22	22	21	-75	9	9	10	10	33	-6	0	-6	-6	-9	-9	27	-19	-4	-86	-86	-86	18	46	46	10	10	-18	-50	-16	77	77	-2	-22	-25	52	-23	
4	-5	-3	7	7	4	4	7	7	-4	-6	-6	-1	-1	2	3	-4	-4	-1	-1	-15	-4	-4	-6	-6	4	-2	3	2	1	-2	-1	-1	-1	-4	-4	7	3	-17	-17	7	7	-4	4	-4	0	0	-15	3	-7	-7	4	4	-3	-3	-1	-1	12	7	1	6	3	3	-1	8	-12	2	-3	2	-3	-1	-1	3	3	7	-9	-1	0	0	2	1	-7	-17	-7	-7	-1	-5	6	-2	-2	7	7	-4	9	9	0	0	-5	-5	-11	-11	3	3	8	-6	-6	-3	-3	-1	-1	8	1	1	-4	0	-15	7	6	9	-6	-5	-5	1	1	0	-9	-9	-4	-4	3	2	-2	-4	-2	8	1	0	4	6	6	2	-16	-2	-8	-8	4	3	3	-13	2	3	3	-4	-4	-12	-12	-3	3	-14	0	0	6	11	-11	7	7	3	-4	-7	-7	6	6	5	3	1	15	15	-1	-1	-2	-2	-4	-15	-15	-15	0	2	2	4	4	-4	-12	-3	4	4	-3	-4	-1	0	-6	
2	-3	-1	3	3	2	2	0	0	-7	-3	-3	-1	-1	0	-2	-1	-1	0	0	-6	-2	-2	-3	-3	1	-2	1	2	-3	0	-1	2	2	1	1	1	1	-6	-6	0	0	-2	1	-4	1	1	-3	0	-7	-7	0	0	-2	-2	-1	-1	3	2	-1	3	0	0	-2	-1	-2	-2	-2	0	0	0	2	-1	-1	-1	-4	1	-1	-1	4	-2	-7	-3	1	1	-3	-3	-1	-2	-2	2	2	-2	3	3	0	0	-2	-2	-4	-4	0	0	-1	-3	-3	-1	-1	-3	1	1	4	4	-3	0	-6	2	-3	4	-6	0	0	3	3	0	-4	-2	-1	-1	-2	2	-3	-1	-2	0	0	-2	-1	3	3	2	-5	-2	-3	-3	4	-1	-1	-4	-2	1	1	-4	-4	-3	-3	-3	5	-6	1	1	1	2	-3	3	3	-4	-3	-1	-1	2	2	-2	0	-1	2	2	0	0	0	0	-1	-4	-4	-4	-3	2	2	2	2	-4	-2	0	-2	-2	-1	-1	0	-1	-4	
1	-2	-1	1	1	0	0	-2	-2	-4	-4	-4	-3	-3	4	-5	1	1	1	1	1	-6	-6	-5	-5	-2	2	-3	-1	2	-1	-1	-1	-1	2	2	2	-2	-9	-9	1	1	-1	-4	-2	7	7	-3	0	-7	-7	0	0	-2	-2	-7	-7	1	0	4	5	-2	-2	-6	-4	-3	-1	-3	-2	-2	-5	6	-5	-5	2	-4	3	-2	-2	3	-4	-2	-6	-1	-1	-3	-1	3	-5	-5	-6	-6	0	4	4	-4	-4	1	1	-3	-3	-2	-2	-2	1	1	-2	-2	1	3	-2	3	3	-1	-1	-3	3	-5	0	-2	0	0	2	2	2	-4	1	-4	-4	-4	0	-6	0	0	-1	3	-2	-6	2	2	7	-2	0	-4	-4	3	-2	-2	-4	-6	3	3	-6	-6	-3	-3	-6	5	-3	-2	-2	1	-5	-2	2	2	-3	-3	0	0	0	0	-4	0	-2	2	2	1	1	-1	0	1	4	4	4	-6	-5	-5	2	2	-2	-1	0	-1	-1	0	3	-1	1	-2	
Trial:18
-4	1	1	-7	-7	6	-1	6	-4	-4	11	-1	-3	3	-3	-3	-2	-7	-8	-6	-6	0	2	0	0	-4	0	2	-1	5	-1	-1	2	2	6	3	-7	7	-5	0	0	-10	-10	-2	-2	9	-3	-1	-1	-6	-6	-2	-8	5	-4	-4	-3	-2	5	0	-3	1	0	-6	-6	-2	-2	-3	2	1	2	2	3	4	-9	2	2	-5	1	-4	-4	7	7	-3	9	-6	-5	-5	-6	-5	3	5	5	2	-1	0	0	-9	-9	-2	4	-1	5	5	-1	1	0	-3	0	0	-4	-4	-7	2	2	3	3	0	1	-2	4	-1	5	5	-5	4	-5	-5	-3	0	-4	8	8	-7	-3	-2	-2	-4	-4	-3	1	-4	7	7	0	0	-3	0	0	-17	-17	7	7	3	3	-8	-3	-6	4	4	-10	2	8	-6	-2	-2	-2	-3	1	1	3	3	0	-1	8	8	8	-4	-4	3	3	-4	-4	-2	4	-5	-5	3	3	-1	9	-12	3	3	2	2	-4	-4	2	2	
-6	-2	-2	-13	-13	3	-14	2	1	1	0	22	0	-1	-3	-3	-7	-2	-2	-3	-3	5	-2	1	1	-2	-9	0	-5	1	7	7	3	3	-3	-5	-1	3	4	0	-3	-9	-9	-8	-8	4	0	1	1	-4	-4	-4	2	4	-1	-1	0	2	2	1	3	9	-16	-5	-5	9	9	-1	4	0	7	7	2	5	-9	5	5	-6	-4	-12	-12	11	11	-7	-2	-10	-3	-3	1	-2	1	-1	-1	0	12	0	0	-9	-9	0	-1	10	-8	-8	3	-2	-2	-4	-6	-6	-7	-7	0	0	0	8	8	8	2	-9	0	-9	3	3	-10	2	-8	-8	-6	-13	3	-3	-3	-9	-5	-5	-5	5	5	6	5	4	4	4	4	0	2	3	3	-9	-9	3	3	6	6	-8	0	-1	-2	-2	0	0	16	-3	-10	-10	-5	-2	0	0	0	0	1	-3	16	6	6	-7	-7	-4	-4	1	1	-1	-8	1	1	6	6	-3	1	-9	-1	-1	-3	-3	-10	-10	-1	-1	
2	6	6	1	1	2	-7	3	11	11	-6	21	-8	-6	-3	-3	-5	8	2	-1	-1	1	-5	6	6	-6	-8	-3	-8	-6	4	4	7	7	4	-27	10	8	-3	-1	2	-13	-13	-4	-4	-31	2	7	7	-8	-8	4	-3	-4	-2	-2	10	-2	2	4	6	23	-5	9	9	14	14	-4	6	-2	-7	-7	-22	13	4	-2	-2	-6	-5	2	2	17	17	-7	-5	-7	2	2	18	-23	0	3	3	-9	-1	-9	-9	-1	-1	4	3	-2	-14	-14	0	-1	7	2	-5	-5	-19	-19	4	-1	-1	-2	-2	2	-4	1	-6	-1	-2	-2	3	-3	-1	-1	8	-24	0	-3	-3	4	-3	4	4	-6	-6	1	-7	13	-3	-3	-3	-4	-3	-4	-4	5	5	-10	-10	-5	-5	-6	0	1	-4	-4	3	7	6	2	3	3	-4	-2	3	3	-12	-12	-5	-10	5	21	21	-4	-4	-8	-8	-4	-4	-8	-20	13	13	-1	-1	1	-7	-8	-1	-1	-21	-21	-6	-6	-4	-4	
-11	3	3	2	2	0	-2	-1	6	6	-4	8	3	5	-8	-8	-3	5	1	-5	-5	2	-5	0	0	-9	-2	5	-2	6	0	0	0	0	6	-5	-8	3	1	0	1	-2	-2	0	0	-2	0	-6	-6	1	1	-5	6	-4	-3	-3	0	-4	5	-10	2	2	-3	-5	-5	4	4	-8	0	3	-3	-3	-9	-2	0	0	0	1	-2	-5	-5	1	1	-6	-1	-8	-1	-1	-3	-11	9	3	3	0	3	-3	-3	-2	-2	-2	1	2	-6	-6	-2	-2	8	-7	-4	-4	-2	-2	1	5	5	-3	-3	3	1	-1	1	-2	-6	-6	2	-4	0	0	1	-7	-2	3	3	1	0	2	2	-2	-2	3	0	-12	3	3	-6	3	-5	4	4	4	4	-7	-7	-9	-9	-6	-1	0	6	6	8	2	9	4	-1	-1	-4	-7	9	9	-4	-4	-3	-19	2	6	6	-1	-1	1	1	-5	-5	-9	-3	3	3	1	1	-2	1	-2	4	4	-1	-1	-5	-5	-16	-16	
-33	-7	-7	22	22	53	8	-40	40	40	12	21	-13	0	-7	-7	8	-40	8	0	0	-3	5	-4	-4	8	0	6	-13	9	9	9	-15	-15	-4	-4	-95	37	39	-15	30	7	7	23	23	15	-60	-66	-66	5	5	-3	35	-29	8	8	-10	-29	26	-42	7	25	25	-18	-18	25	25	-6	-23	-14	-24	-24	36	-22	-8	3	3	41	6	29	29	-45	-45	-53	-9	-17	-29	-29	12	-27	-6	-11	-11	60	-5	-5	-5	-56	-56	15	14	1	-54	-54	-28	-3	59	-20	11	11	18	18	-36	34	34	-24	-24	17	38	63	-13	-9	9	9	-20	-1	-2	-2	-15	-18	6	27	27	-25	-5	0	0	10	10	22	-6	-68	-12	-12	-6	-71	28	23	23	16	16	-58	-58	-74	-74	-31	13	-22	76	76	48	-17	-24	9	69	69	-30	13	40	40	-3	-3	-35	-81	-12	8	8	38	38	12	12	-26	-26	7	-29	8	8	-50	-50	23	62	-5	97	97	-14	-14	-59	-59	-97	-97	
-3	-5	-5	0	0	1	2	0	-5	-5	5	5	-1	8	-13	-13	-1	3	-5	1	1	-2	-1	2	2	-12	1	8	-2	12	3	3	0	0	5	1	-13	10	-5	0	0	-1	-1	4	4	0	0	-12	-12	2	2	-4	1	-1	-7	-7	-1	-7	2	-7	5	-3	1	-8	-8	15	15	-2	-1	-3	-5	-5	-6	-5	-1	1	1	-1	-7	-6	-6	-7	-7	-8	4	-14	4	4	-5	-5	6	4	4	-1	5	-2	-2	-5	-5	6	0	3	-7	-7	-2	-2	5	-15	5	5	-8	-8	2	5	5	-1	-1	3	6	1	-1	1	-9	-9	10	-4	2	2	5	2	0	-2	-2	6	4	-11	-11	-4	-4	3	-4	-10	1	1	-11	-2	-11	8	8	10	10	-9	-9	-3	-3	-17	-3	-6	8	8	2	6	-6	0	5	5	-7	1	6	6	6	6	5	-18	1	11	11	-11	-11	10	10	-6	-6	-11	-3	7	7	-3	-3	1	8	-5	-2	-2	-3	-3	-3	-3	-10	-10	
-4	-2	-2	0	0	-1	-2	2	-5	-5	2	2	0	3	-9	-9	2	0	-3	-1	-1	-2	2	0	0	-6	-2	5	-3	5	1	1	1	1	3	2	-3	0	-2	-2	-3	-3	-3	-2	-2	2	-1	-5	-5	1	1	0	-3	0	-5	-5	-2	-2	2	-2	2	-4	0	-3	-3	3	3	-4	1	-3	-4	-4	-2	1	-3	-2	-2	0	-3	-1	-1	-1	-1	-4	1	-6	1	1	-3	-4	2	-1	-1	-1	1	-2	-2	-1	-1	-2	-1	1	-1	-1	-1	-1	0	-2	0	0	-5	-5	-1	0	0	1	1	1	-1	2	-1	0	-5	-5	4	-1	-3	-3	-1	-2	1	1	1	3	2	-4	-4	-1	-1	1	1	-5	4	4	-3	0	-7	-1	-1	3	3	0	0	-5	-5	-9	-1	-2	1	1	-1	1	-1	-3	0	0	-2	-3	1	1	1	1	2	-9	1	4	4	-3	-3	6	6	-2	-2	-8	-2	-2	-2	-2	-2	-1	4	-5	3	3	-4	-4	-2	-2	0	0	
-3	3	3	0	0	4	-3	1	-6	-6	4	-1	0	1	-6	-6	-1	-7	-3	-2	-2	0	1	-13	-13	-1	-9	4	1	7	0	0	4	4	4	-4	-3	5	-1	-6	-15	-5	-5	4	4	6	-1	-2	-2	-8	-8	3	-5	5	-6	-6	-10	-4	1	1	11	-9	2	-6	-6	5	5	-4	-1	-3	-1	-1	-4	-4	-5	-4	-4	-2	-2	2	2	6	6	-2	19	-9	1	1	-5	-6	14	-6	-6	-2	-10	-3	-3	-14	-14	-3	2	1	1	1	1	1	1	0	-1	-1	-7	-7	2	2	2	1	1	-3	-1	2	0	-1	-1	-1	6	1	3	3	-4	-2	1	11	11	-6	0	-2	-2	-2	-2	-14	4	-2	5	5	-1	-7	-6	1	1	-3	-3	17	17	8	8	-21	0	-7	1	1	-12	-1	5	-4	2	2	-1	5	-7	-7	3	3	0	-11	3	5	5	0	0	1	1	-1	-1	-11	0	-5	-5	1	1	-4	2	-4	18	18	-11	-11	-17	-17	1	1	
Trial:19
-5	4	-8	-8	2	-2	-9	-9	0	0	-2	0	3	2	2	-2	-2	10	10	10	-7	2	2	-9	-1	-1	-3	-3	-9	0	1	1	-32	-32	2	9	9	-6	3	3	8	7	7	-8	-8	-1	5	5	0	0	0	-11	-11	11	-3	-3	2	0	0	-7	-7	-7	-2	-2	-2	-2	-2	4	-3	-3	11	11	-7	-7	2	-1	-3	-3	-8	4	-9	-2	-2	4	-2	8	8	3	3	-1	1	-2	2	-12	-6	0	0	4	-8	-8	-2	-2	0	0	-1	-1	-1	-1	0	-2	-2	-5	-5	3	2	2	2	2	-2	-3	1	1	-7	-7	-1	-5	0	-3	-3	1	-7	0	-3	-3	-1	-2	7	-2	3	-3	-4	-3	6	-5	-5	1	3	-8	-8	3	3	2	-4	6	2	2	-1	5	-7	1	1	1	-10	-3	-7	-2	-4	1	-2	7	0	0	4	0	0	0	11	11	-12	-2	-6	-1	7	-1	-1	-8	-8	0	0	-1	1	-8	-7	-8	-8	16	16	-6	-4	-4	
-12	-3	-5	-5	3	-1	-13	-13	-3	-3	7	-4	5	1	1	2	2	0	0	0	-1	3	3	-7	3	3	-6	-6	-2	-1	-7	-7	-24	-24	3	9	9	-12	4	4	2	7	7	-12	-12	4	0	0	1	1	6	-8	-8	7	-5	-5	2	-1	-1	-2	-2	-2	6	-5	-5	1	1	-2	-9	-9	9	9	-1	-1	16	3	-3	-3	1	0	-8	-2	-2	7	2	-7	-7	-3	-3	-3	5	0	-1	6	-1	-9	9	2	-12	-12	4	0	3	-3	4	4	-5	-5	-1	1	1	-6	-6	14	-2	-2	-3	-3	-4	2	-10	-10	2	2	-4	5	1	0	0	0	-4	-6	-2	-2	2	-2	1	-4	3	4	0	-8	6	-12	-12	7	2	-4	-4	-2	-2	0	-2	3	-3	-3	0	-8	-3	-4	-1	-1	3	2	-5	-9	-17	-1	-1	3	7	7	4	0	-4	-4	-1	-1	-7	1	4	1	1	-5	-5	1	1	2	2	-3	-3	-2	-2	-1	-1	-8	-8	2	-3	-3	
-1	-1	-1	-1	2	-11	-4	-4	-5	-5	2	1	-6	-19	-19	1	1	6	6	6	-9	9	9	-16	10	10	0	0	0	0	-17	-17	12	12	1	1	1	6	-15	-15	4	6	6	-2	-2	8	-1	-1	-1	-1	7	-6	-6	0	-27	-27	3	9	9	-2	-2	-2	7	-10	-10	1	1	6	-4	-4	-5	-5	5	5	-7	6	-1	-1	4	-17	-2	4	4	7	-1	-33	-33	2	2	3	4	0	-8	1	4	-8	-3	-1	4	4	17	2	-13	-10	9	9	11	11	-6	2	2	-13	-13	-4	5	5	-2	-2	-5	-2	-5	-5	7	7	-2	11	-4	1	1	-9	9	-4	-7	-7	-5	-15	3	5	-11	-6	3	4	1	0	0	22	-10	12	12	-5	-5	-5	1	-9	-1	-1	-9	1	-2	-2	0	0	11	4	-2	-2	-4	-4	2	6	-1	-1	6	-8	5	5	-9	-9	-20	6	11	-1	6	2	2	-1	-1	7	7	-2	7	-1	1	1	1	-8	-8	4	3	3	
5	-3	-9	-9	5	-8	-6	-6	-3	-3	-2	-3	8	-11	-11	3	3	8	8	8	-8	-3	-3	-4	5	5	-14	-14	-9	-1	-2	-2	6	6	-1	4	4	3	-3	-3	-1	-3	-3	-4	-4	9	-2	-2	1	1	5	0	0	-1	-7	-7	-4	10	10	-2	-2	-2	-2	-2	-2	-4	-4	-1	3	3	7	7	-4	-4	-6	15	-1	-1	-8	-4	-8	-6	-6	0	-4	-6	-6	2	2	-2	0	-2	-6	-2	-9	2	-4	-3	-1	-1	1	7	1	-9	2	2	-2	-2	-2	-1	-1	-3	-3	-3	2	2	0	0	0	-1	-1	-1	-5	-5	-4	2	-2	3	3	4	7	1	-6	-6	-3	-7	1	1	2	4	-3	6	-3	-8	-8	3	0	-1	-1	-6	-6	-1	-3	-4	4	4	1	-1	-12	6	4	4	2	6	-4	-5	3	0	-21	3	-1	-1	-12	8	-7	-7	-2	-2	-6	7	-10	1	4	2	2	3	3	14	14	-3	1	-1	-12	0	0	-2	-2	-9	-2	-2	
28	-48	-64	-64	41	-7	-15	-15	16	16	28	-24	41	-57	-57	10	10	18	18	18	-10	8	8	25	-7	-7	-54	-54	-66	-8	15	15	50	50	-9	-8	-8	22	7	7	-68	-16	-16	-6	-6	42	5	5	-5	-5	-2	32	32	-36	-5	-5	6	21	21	-33	-33	-33	-65	15	15	2	2	64	38	38	40	40	-8	-8	26	34	25	25	-31	3	-54	-19	-19	-25	3	36	36	24	24	46	7	-38	6	0	-67	20	1	-51	28	28	-23	20	18	-39	-30	-30	-3	-3	-22	-36	-36	-26	-26	81	-10	-10	-12	-12	81	11	-29	-29	-43	-43	-17	2	8	-4	-4	12	7	-17	28	28	0	8	-10	26	25	-8	27	27	-49	-35	-35	-12	-6	4	4	-24	-24	-16	-44	0	23	23	-19	-13	-31	14	34	34	-30	-19	-28	-16	52	41	-100	-4	28	28	-6	10	-59	-59	20	20	37	42	-3	35	-18	-21	-21	11	11	46	46	-32	-28	22	-75	42	42	-37	-37	-100	-2	-2	
-3	-3	-16	-16	5	-11	-4	-4	5	5	-3	1	6	5	5	0	0	3	3	3	-10	4	4	-1	0	0	-19	-19	-15	4	2	2	-6	-6	4	3	3	-4	0	0	-11	5	5	-7	-7	9	-8	-8	5	5	2	-10	-10	6	-2	-2	-10	10	10	6	6	6	-9	5	5	-5	-5	1	4	4	4	4	-1	-1	-7	4	0	0	-9	-1	-9	-5	-5	-1	10	-1	-1	4	4	-3	-9	-4	-3	1	-16	-3	-5	-1	-5	-5	12	0	8	0	-6	-6	-5	-5	-5	-2	-2	0	0	0	-1	-1	-2	-2	4	-11	-2	-2	-1	-1	-3	-2	-3	2	2	3	6	3	3	3	-5	-6	0	6	-4	-1	-2	6	-9	-14	-14	4	2	2	2	-1	-1	3	-1	-6	3	3	3	1	-11	2	-3	-3	8	3	-5	-2	5	0	-22	-6	2	2	-13	0	1	1	-7	-7	-3	5	-8	7	2	-6	-6	9	9	4	4	1	-2	1	-9	-4	-4	0	0	-7	2	2	
0	1	-7	-7	-7	1	3	3	-1	-1	-6	-3	-3	2	2	-1	-1	1	1	1	-4	2	2	-5	-1	-1	-6	-6	1	2	3	3	-7	-7	-2	2	2	1	-2	-2	-6	5	5	-3	-3	-1	-1	-1	3	3	0	-11	-11	8	3	3	-2	1	1	3	3	3	-1	0	0	-2	-2	-2	2	2	1	1	-3	-3	-8	3	-1	-1	-5	-2	-5	-9	-9	0	2	-9	-9	4	4	-2	-4	3	-2	0	-5	-1	-1	1	-3	-3	4	-2	4	2	-3	-3	-9	-9	3	1	1	4	4	-6	3	3	-4	-4	3	-3	-1	-1	-2	-2	-3	0	-5	-8	-8	3	-1	4	1	1	0	-5	-2	3	-7	-2	0	-1	-1	2	2	1	5	1	1	-1	-1	-2	-1	0	1	1	-2	2	-13	0	1	1	3	0	6	-4	-2	0	-7	0	-1	-1	-1	-1	2	2	-6	-6	-2	-2	-5	2	0	-2	-2	3	3	0	0	-4	-1	-4	-1	-4	-4	4	4	-1	2	2	
1	2	21	21	-9	12	-16	-16	-3	-3	-7	-6	-11	2	2	-13	-13	9	9	9	-3	5	5	1	-3	-3	-4	-4	8	-23	4	4	3	3	3	2	2	-13	30	30	-7	-6	-6	-11	-11	-3	-2	-2	2	2	-6	-10	-10	12	-2	-2	-3	0	0	0	0	0	0	-1	-1	-3	-3	-21	4	4	13	13	-4	-4	-19	1	-1	-1	-17	16	0	-5	-5	2	-5	-5	-5	6	6	4	-14	2	-1	0	2	6	1	-3	-2	-2	2	-10	-3	-5	-1	-1	-3	-3	11	-3	-3	-11	-11	-2	6	6	-7	-7	7	0	1	1	-14	-14	-8	3	-1	-6	-6	1	-5	4	3	3	19	-5	-7	4	-8	2	-3	0	3	2	2	-7	16	1	1	2	2	0	-4	28	-8	-8	-7	2	-13	0	1	1	-3	15	13	-11	-7	-6	-10	2	-7	-7	2	-7	-1	-1	-7	-7	-3	-4	-3	-4	-1	0	0	3	3	2	2	-11	-6	-33	11	-5	-5	24	24	14	1	1	
