2020/5/20 8:37:33
Sampling rate: 100
Measure time: 2
Trial:0
0	0	3	3	-3	6	6	-1	-1	-4	-3	-11	7	7	-1	-4	1	1	-5	-5	-2	-1	-7	3	3	-5	-11	-4	2	2	2	3	-3	-3	-15	-15	3	4	2	10	10	0	1	3	-2	-10	-7	-2	4	0	1	1	-14	-6	5	-3	-3	1	1	3	3	0	0	-4	-4	0	1	1	-6	-6	1	4	-1	-1	-5	-5	5	7	1	0	0	0	6	-1	-1	-1	-1	6	-1	-5	-1	-1	-11	-2	-2	-15	3	1	-4	-1	-1	-1	-1	-2	-3	-8	-2	-10	-6	5	-6	-2	5	5	0	2	12	-2	-2	10	5	-3	-3	-4	-4	-3	0	3	-4	-4	-1	2	-9	2	2	-2	-2	-3	5	8	8	-7	-7	-3	-3	-3	9	9	-2	-3	-3	1	1	-6	6	-5	-5	-1	-1	-12	0	0	-7	-7	-4	-6	3	7	7	2	-2	-5	-1	4	-26	-1	-7	-7	2	2	-15	-1	11	0	0	-3	9	-2	-2	4	4	-2	12	-1	3	1	1	-6	-5	-2	
0	0	-7	-7	3	2	2	1	1	-2	2	-3	-1	-1	-7	-18	1	1	-2	-2	2	-9	-1	7	7	-5	-5	-2	-2	-2	1	-7	0	0	12	12	-1	-2	-6	-4	-4	-3	0	1	-1	-12	-1	-2	-5	0	1	1	-4	-6	3	-6	-6	0	0	-1	-1	-2	-2	-3	-3	-4	0	0	2	2	-7	0	-2	-2	-1	-1	2	-5	-4	-1	-1	1	0	1	-2	-3	-1	5	0	-3	-1	-1	-6	2	2	1	-1	0	-3	-1	-1	0	0	-1	-1	-3	-3	-6	0	1	-5	0	-1	-1	2	0	0	2	2	-3	1	-2	-2	2	2	0	-4	-1	0	0	-5	0	-4	1	1	-3	-3	-1	2	7	7	-3	-3	-3	-3	-3	4	4	-4	-1	-1	-2	-2	-4	3	-4	-4	-1	-1	-1	-3	-3	0	0	0	-2	0	1	1	-1	-2	-4	-3	4	-3	1	-9	-9	1	1	-2	-1	-4	-4	-4	0	0	0	0	1	1	-2	1	-1	-1	0	-1	-1	-4	0	
3	3	-2	-2	-1	0	0	2	2	-3	2	-4	-1	-1	1	-1	-1	-1	-2	-2	-1	-2	0	7	7	-2	-2	-1	-3	-3	2	-2	-1	-1	-1	-1	0	-4	1	-4	-4	-1	-2	-3	-1	-7	1	-2	-5	-3	0	0	-3	-5	1	-4	-4	1	1	-1	-1	0	0	0	0	-2	-2	-2	-1	-1	0	-3	1	1	-3	-3	1	0	-4	2	2	-1	-2	0	-2	-4	-1	4	1	-2	0	0	-3	-1	-1	-4	0	1	-3	-1	-1	-5	-5	-1	-3	-2	-2	-5	0	1	-6	0	-2	-2	3	-2	0	-2	-2	-6	0	-1	-1	2	2	0	-3	-1	2	2	-3	-1	-2	-1	-1	-1	-1	-1	0	5	5	-2	-2	-2	-2	-2	2	2	-5	-4	-4	0	0	-4	2	-2	-2	-2	-2	-1	-3	-3	0	0	1	-3	-1	1	1	-2	-2	-2	-3	4	-1	0	-5	-5	-2	-2	-1	-3	-2	-3	-3	0	-1	-2	-2	1	1	1	1	-1	-1	-1	-1	-2	-3	0	
1	1	-1	-1	-3	-1	-1	-1	-1	-2	1	-2	0	0	-1	-2	-3	-3	0	0	0	-1	1	3	3	-1	-3	-2	-3	-3	2	-2	0	0	0	0	3	-7	5	-6	-6	0	1	-10	-4	1	0	-4	1	-9	1	1	-1	-4	3	-3	-3	-1	-1	-2	-2	1	1	-2	-2	0	-4	-4	1	1	-2	-2	-1	-1	-3	-3	4	-2	0	2	2	-1	-5	-3	0	-3	0	2	0	1	-1	-1	-1	-2	-2	-5	0	0	-4	0	0	-4	-4	0	-5	-1	-5	-4	-3	1	-7	-1	-6	-6	1	-1	1	-5	-5	-14	1	5	5	4	4	3	-3	-1	2	2	-2	-1	2	-4	-4	-4	-4	-5	2	3	3	-2	-2	-1	0	0	1	1	0	-2	-2	-4	-4	-2	1	-1	-1	-3	-3	-3	-6	-6	2	2	2	-4	1	1	1	-3	-2	0	-4	2	1	1	-6	-6	-2	-2	-1	-2	1	-4	-4	2	-2	1	1	0	0	1	2	-3	-1	-3	1	-2	-3	-3	
3	3	4	4	-19	2	2	4	4	-2	-4	5	5	5	-1	-7	-7	-7	3	3	4	-5	3	-4	-4	7	-5	-5	-9	-9	3	1	-2	-2	3	3	11	-32	10	-11	-11	2	-5	-25	2	25	18	1	20	-29	-3	-3	2	-8	2	2	2	4	4	-21	-21	5	5	-8	-8	5	-5	-5	7	7	-5	-2	-3	-3	-7	-7	12	0	-4	6	6	-2	-43	-2	12	-8	3	5	5	2	-2	-2	0	-1	-1	-8	3	-1	-5	-6	-6	-2	-2	6	-8	4	-10	1	-8	-4	-15	1	-17	-17	0	7	6	-6	-6	-26	1	8	8	12	12	6	1	0	5	5	-3	-2	1	-13	-13	-1	-1	-4	7	-3	-3	-4	-4	-1	6	6	-1	-1	6	-6	-6	-3	-3	-8	0	-1	-1	-8	-8	2	-13	-13	6	6	4	-5	2	1	1	-4	-7	2	-3	-1	3	-2	-3	-3	3	3	-6	-5	-1	-5	-5	4	-1	-4	-4	-1	-1	0	0	-5	0	-4	-1	-5	-2	-2	
-4	-4	0	0	-3	-5	-5	2	2	2	-1	3	1	1	0	2	-6	-6	-4	-4	1	-4	1	-5	-5	-3	5	1	-5	-5	2	-1	2	2	6	6	2	-3	15	-11	-11	-1	-9	-9	6	-2	7	-6	1	-13	-1	-1	8	2	6	-5	-5	-7	-7	0	0	1	1	-9	-9	-2	1	1	6	6	-2	7	-5	-5	-7	-7	4	-13	-6	2	2	5	-12	-5	-6	-3	4	3	6	-4	-1	-1	3	-4	-4	-2	-2	7	-1	-2	-2	-1	-1	-1	-4	5	-12	2	-5	-5	-13	1	-10	-10	-1	0	4	0	0	-20	4	4	4	8	8	5	1	-8	1	1	-2	-5	1	-10	-10	3	3	2	2	-4	-4	-4	-4	-1	3	3	2	2	3	-10	-10	2	2	4	0	-9	-9	-1	-1	-3	-4	-4	-1	-1	1	-5	13	-6	-6	-2	1	-4	3	2	-2	0	-1	-1	-8	-8	-2	2	1	-1	-1	1	-2	4	4	2	2	2	-4	-7	-5	1	6	1	5	-6	
-9	-9	8	8	-3	-6	-6	0	0	-2	-2	-2	4	4	-3	-3	0	0	-2	-2	0	0	2	-11	-11	-4	0	1	0	0	-7	5	3	3	5	5	2	-2	4	-6	-6	0	-7	-3	2	-1	1	0	2	-4	1	1	-3	-2	-4	-7	-7	0	0	-4	-4	6	6	2	2	-3	-2	-2	3	3	-4	2	-5	-5	1	1	3	-5	-8	5	5	1	-9	0	-1	0	-12	-5	8	-2	-2	-2	1	-7	-7	0	0	0	1	-3	-3	-5	-5	3	-2	8	-11	2	-2	-8	-2	-12	-1	-1	-5	3	0	2	2	-7	0	3	3	-2	-2	-4	-2	-2	2	2	9	1	3	-2	-2	-4	-4	1	-3	-6	-6	-4	-4	2	-1	-1	-1	-1	5	-1	-1	10	10	4	1	-4	-4	-1	-1	-8	-9	-9	2	2	-5	1	6	2	2	-12	0	1	0	-13	-5	-4	4	4	-2	-2	0	7	-1	-5	-5	4	-8	-7	-7	0	0	-6	-12	1	0	7	-3	0	1	-2	
-2	-2	-3	-3	-8	13	13	-6	-6	0	-5	-4	-5	-5	-3	-17	3	3	-4	-4	-11	-10	4	-13	-13	-13	7	1	-5	-5	-20	2	5	5	-7	-7	6	-5	6	-8	-8	5	-8	-1	0	4	29	-1	-15	8	-3	-3	-17	11	11	-15	-15	13	13	-23	-23	-6	-6	4	4	10	9	9	-2	-2	-13	4	4	4	-13	-13	13	-1	10	17	17	-6	-2	-2	-2	-15	-8	4	3	-9	0	0	12	-11	-11	-3	-9	13	-17	0	0	-1	-1	4	-8	-6	-17	-1	1	2	-16	12	28	28	-14	20	7	-24	-24	1	10	0	0	-7	-7	-13	0	14	-16	-16	27	9	5	10	10	-23	-23	3	-1	9	9	-18	-18	7	-10	-10	19	19	0	11	11	15	15	-3	-16	-8	-8	-10	-10	-19	-23	-23	10	10	10	-9	-1	-1	-1	-14	0	5	6	-18	-23	-20	-4	-4	3	3	5	9	15	0	0	-4	6	-36	-36	20	20	7	7	-6	6	-2	-1	-9	35	-8	
Trial:1
-5	-5	-2	-2	2	4	0	-4	-6	-6	3	-7	-7	9	9	-2	-3	-3	2	-2	3	3	-5	-5	-5	-5	2	-4	-4	-3	-3	1	1	-2	-2	0	0	-5	-1	-1	-6	-6	1	1	-1	-1	-3	-3	11	-7	1	0	0	-5	8	-1	-1	-5	-5	10	-1	7	-4	-4	6	6	-1	-1	3	3	-1	4	-21	-1	-1	1	-5	-3	-2	-2	-3	-3	3	3	-2	-2	1	-4	-4	0	0	3	3	-6	-5	-5	-1	-1	-21	4	4	1	1	5	5	2	2	-1	-1	-1	-5	16	4	4	-10	-4	-8	-8	-9	-9	-2	0	7	-6	-6	-7	-3	1	1	-3	-8	12	4	3	-6	-6	0	0	2	-1	-1	-1	-22	-2	6	6	5	-1	-1	-4	-5	-5	-2	2	-4	-3	-3	-8	-8	-2	-2	-1	-1	2	2	-6	1	1	-1	-1	0	2	11	11	-3	-3	0	2	2	0	-3	-9	1	-3	3	-14	4	5	0	0	11	11	-8	-8	-3	3	3	3	4	2	
-2	-2	3	3	-6	7	-2	0	1	1	-4	-4	-4	-1	-1	-6	0	0	2	-2	2	2	-2	-2	-2	-2	3	3	3	1	1	-3	-3	-3	-3	-3	-3	-4	1	1	-3	-3	-1	-1	-1	-1	-2	-2	3	0	-1	1	1	-2	4	-2	-2	-2	-2	0	1	-2	1	1	1	1	0	0	-1	-1	-1	-6	-2	-3	-3	-1	0	-4	0	0	-5	-5	1	1	-1	-1	1	-1	-1	0	0	-6	-6	-3	0	0	0	0	-5	-2	-2	0	0	2	2	4	4	-1	-1	-1	-1	-6	4	4	-4	1	-5	-5	2	2	-5	1	0	-2	-2	1	-3	1	1	3	-4	0	-4	-6	-2	-2	1	1	2	-2	-2	-2	-6	-4	3	3	1	0	0	-1	-3	-3	-2	-2	-2	-2	-2	0	0	-2	-2	-1	-1	1	1	-5	-5	-5	2	2	-2	0	2	2	1	1	2	1	1	-1	-2	-3	-1	-2	-1	-7	4	2	-3	-3	0	0	0	0	-6	4	2	2	2	0	
1	1	0	0	-4	4	-1	1	3	3	-5	0	0	-3	-3	-4	-1	-1	0	-1	-1	-1	-4	-4	-2	-2	1	7	7	-1	-1	-2	-2	0	0	-3	-3	-5	-1	-1	-2	-2	0	0	2	2	2	2	-3	-2	-1	2	2	-4	1	-3	-3	0	0	-2	-1	-3	2	2	1	1	-1	-1	-1	-1	-1	-4	0	-2	-2	-2	0	-4	-1	-1	-3	-3	2	2	-3	-3	1	1	1	-1	-1	-5	-5	-2	0	0	-1	-1	-4	-6	-6	-1	-1	1	1	4	4	-1	-1	-1	-3	-2	2	2	-2	-5	-4	-4	1	1	-5	-1	1	0	0	0	-3	-1	-1	0	-3	0	-3	-5	-2	-2	1	1	1	-4	-4	0	-4	-4	3	3	0	-2	0	0	0	0	2	-2	-3	-3	-3	-1	-1	-1	-1	0	0	-2	-2	-3	-3	-3	0	0	-1	-4	0	0	0	0	2	1	1	-1	-2	1	-5	-2	0	-6	-1	2	-3	-3	0	0	-1	-1	-5	2	-1	-1	1	-3	
-1	-1	0	0	-2	-5	2	1	8	8	-2	1	1	-8	-8	-5	-6	-6	-4	-4	-9	-9	0	0	3	3	0	6	6	-1	-1	3	3	-1	-1	-2	-2	-4	2	2	-3	-3	0	0	3	3	3	3	-7	-5	-1	2	2	-1	0	-6	-6	6	6	-4	-1	-5	2	2	2	2	-3	-3	-2	-2	-1	0	3	-3	-3	-5	1	-4	-2	-2	4	4	1	1	-2	-2	1	0	0	1	1	-3	-3	-1	1	1	-6	-6	-5	-8	-8	-2	-2	0	0	8	8	-1	-1	-1	-2	-1	4	4	-2	-5	-3	-3	-2	-2	-4	-1	0	3	3	1	-3	-1	-1	1	-1	-2	-2	-1	-2	-2	-2	-1	0	-8	-8	0	-6	-3	4	4	1	-5	-2	1	1	1	2	-5	-3	-1	-1	-1	-1	0	0	0	0	3	3	-2	0	0	-2	-2	4	-4	0	0	-1	-1	0	0	0	-3	0	6	-6	-3	-3	-6	1	1	-2	-2	0	0	1	1	2	-3	-3	-3	-2	-13	
-39	-39	-3	-3	0	-12	6	10	16	16	8	-4	-4	-7	-7	-11	-49	-49	-42	4	-30	-30	7	7	2	2	16	7	7	8	8	22	22	-12	-12	-4	-4	-5	13	13	-6	-6	-14	-14	20	20	3	3	-8	0	-5	7	7	3	8	-31	-31	13	13	-3	5	-1	9	9	6	6	-8	-8	-1	-1	-5	5	5	-1	-1	-30	-7	7	0	0	16	16	-1	-1	7	7	-12	4	4	17	17	31	31	1	-11	-11	-23	-23	-18	-14	-14	0	0	-6	-6	27	27	-8	-8	-8	17	-3	15	15	-3	-8	-3	-3	0	0	-2	0	-8	9	9	6	-26	-1	-1	6	-7	1	0	-7	-5	-5	-7	0	-7	-13	-13	0	-34	-8	7	7	10	2	-2	0	7	7	2	-33	-6	-6	-6	2	2	-2	-2	3	3	18	18	0	4	4	-9	-9	-2	-8	-1	-1	-14	-14	2	-1	-1	-18	-14	-7	-15	4	-33	-2	13	3	6	6	3	3	9	9	-10	-13	8	8	-14	-31	
-6	-6	-6	-6	10	-11	7	-1	14	14	7	-10	-10	-19	-19	-11	-21	-21	-15	-1	2	2	5	5	11	11	2	5	5	1	1	-5	-5	9	9	-4	-4	-1	2	2	-1	-1	-16	-16	8	8	5	5	0	-6	-7	-3	-3	-5	-4	-2	-2	11	11	11	-1	-5	-5	-5	0	0	-6	-6	-13	-13	3	1	0	4	4	-11	10	-1	-4	-4	6	6	-2	-2	6	6	-13	-5	-5	7	7	6	6	-5	2	2	-13	-13	-4	6	6	0	0	-8	-8	10	10	-10	-10	-10	0	3	-1	-1	1	-6	0	0	-3	-3	3	-11	3	7	7	-9	8	0	0	10	10	-2	19	-7	5	5	-6	2	-8	-13	-13	-7	1	8	8	8	-3	-3	-8	10	2	2	-13	-17	-5	2	2	-3	-3	-1	-1	17	17	-7	-7	-8	7	7	-2	-2	5	-15	14	14	-11	-11	-2	-1	-1	-1	0	20	-9	-7	-10	-9	-3	-16	13	13	2	2	10	10	21	-25	3	3	-3	-36	
-8	-8	0	0	9	-15	9	-5	0	0	3	-8	-8	-1	-1	7	4	4	-17	-4	-2	-2	-3	-3	3	3	-3	-5	-5	-5	-5	-21	-21	-2	-2	6	6	7	3	3	0	0	-4	-4	-1	-1	-27	-27	9	-15	6	-2	-2	3	-1	4	4	0	0	2	1	10	-3	-3	-10	-10	1	1	-14	-14	8	17	2	-2	-2	-3	11	1	-5	-5	-5	-5	-3	-3	0	0	-9	-2	-2	5	5	27	27	-2	6	6	-10	-10	4	-14	-14	-2	-2	-2	-2	2	2	-6	-6	-6	-1	-2	15	15	5	-1	-1	-1	-5	-5	-7	-4	-1	4	4	-16	2	-15	-15	5	3	-1	2	20	8	8	-1	5	-12	-9	-9	-3	12	3	2	2	-11	-9	-10	1	1	1	10	-12	-8	-2	-2	-5	-5	-6	-6	-14	-14	0	0	9	-6	-6	-14	-14	0	5	0	0	2	2	-7	-12	-12	0	12	7	0	0	-3	9	-11	-16	11	11	1	1	-11	-11	13	-26	-5	-5	6	-5	
-5	-5	-3	-3	47	-18	-5	0	0	0	-14	-12	-12	-1	-1	2	14	14	25	18	-16	-16	-16	-16	-3	-3	16	-24	-24	-23	-23	-7	-7	0	0	24	24	-2	-3	-3	-2	-2	-26	-26	10	10	4	4	10	-51	-10	-25	-25	24	0	-5	-5	-7	-7	5	-5	17	6	6	-43	-43	14	14	-13	-13	-6	-2	2	6	6	-13	18	9	9	9	-9	-9	18	18	-6	-6	11	-2	-2	-12	-12	79	79	-20	-30	-30	-7	-7	-16	1	1	-10	-10	-4	-4	-4	-4	-3	-3	-3	-6	29	-3	-3	1	-9	-5	-5	-34	-34	-5	1	33	-21	-21	-23	-3	0	0	-1	-17	1	-7	45	9	9	1	26	-5	-5	-5	-21	-1	-31	11	11	-8	3	-11	0	-7	-7	2	1	0	-2	-2	-13	-13	1	1	13	13	-5	-5	3	-10	-10	-3	-3	15	-2	-7	-7	-2	-2	-4	-10	-10	-1	5	7	-7	2	3	18	5	-3	2	2	5	5	-32	-32	-18	-5	1	1	9	-5	
Trial:2
1	-4	-3	-3	-20	-1	5	8	8	-2	-2	-38	-38	-12	-12	-7	-8	-8	21	21	21	-8	6	3	3	-7	-7	0	0	-2	-2	-2	-10	1	5	-2	-2	2	-1	7	4	4	-3	-5	0	-19	-19	6	-5	6	6	-4	-4	-4	-2	-1	-1	4	4	1	3	7	7	-6	-6	-11	-5	-5	3	3	-1	-8	-15	5	6	0	0	-29	-29	7	7	22	1	3	-6	-6	-2	8	-4	-4	27	27	-9	10	10	-1	-1	-7	18	22	-12	-12	1	1	4	4	-6	-6	-4	13	10	6	6	19	-4	-5	-12	-12	-8	-8	-8	-8	2	2	-1	-1	9	-11	-11	-7	-43	-6	-3	-3	-2	4	-13	-13	2	2	-2	-2	-9	11	11	1	1	6	1	1	5	5	0	1	-17	-2	7	7	3	3	-3	-7	-7	-6	-6	-12	-12	2	2	16	2	2	-4	-2	-13	3	-2	-2	-3	-3	6	3	-1	-1	-1	2	-1	-1	4	4	1	0	-9	-9	13	13	-3	-3	-10	0	
1	2	-2	-2	-6	-3	0	5	5	-3	-3	-7	-7	-9	-9	1	-4	-4	2	2	3	-2	1	-2	-2	1	1	-2	-2	-1	-1	-6	1	-1	1	-1	-1	0	-2	-2	0	0	2	-3	0	0	0	-1	-4	2	2	-4	-1	-1	-5	-2	-2	-4	-4	0	-1	-1	-1	-1	-1	3	-4	-4	1	1	-1	-3	-1	2	0	-3	-3	-6	-6	-4	-4	3	-2	6	-5	-5	-3	9	0	0	2	2	-7	2	2	-3	-3	-4	2	6	-3	-3	-2	-3	1	1	-4	-4	3	4	1	4	4	0	-6	-2	-1	-1	0	0	-3	-3	-5	-5	-2	-2	3	-4	-4	-3	-2	-5	1	1	-5	4	1	1	-2	-2	-2	-2	-5	3	3	-2	-2	-2	-2	-2	1	1	-1	3	-3	1	-3	-3	-2	1	1	0	0	-6	-6	-3	-3	-1	-1	6	-1	-1	2	-2	-6	-3	-4	-4	-1	-1	1	2	1	0	0	1	-2	1	0	0	-4	-1	-2	-2	0	0	-1	-1	-2	-2	
-1	1	-3	-3	-5	-6	2	2	2	-1	-1	-2	-2	-7	-7	1	-2	-2	1	1	-2	-2	-1	-1	-1	-1	-1	-1	-1	-1	-1	-3	-1	-2	-1	-3	-3	-2	1	-3	-3	-3	1	-3	0	1	1	-1	-4	1	1	-5	3	3	-4	-1	-1	-3	-3	0	-1	-5	-5	-1	-1	2	-1	-1	-1	-1	-4	-3	-1	3	-2	-1	-1	-1	-1	0	0	2	0	3	-4	-4	-3	7	-1	-1	0	0	-3	0	0	-3	-3	-1	1	-2	-2	-2	-3	-4	0	0	-1	-1	0	4	0	2	2	-4	0	-2	-2	-2	0	0	2	2	-3	-3	-2	-2	-1	0	0	-3	3	-3	1	1	0	0	0	0	-4	-4	-2	-2	-3	3	3	-1	-1	-1	-2	-2	-1	-1	-1	0	-4	0	-4	-4	1	2	0	0	0	-3	-3	0	0	-4	-4	2	-2	-2	0	-3	-3	-3	-1	-1	1	1	1	1	-5	0	0	2	-3	1	1	1	-4	-1	-2	-2	-1	-1	-1	-1	0	-4	
-6	2	-3	-3	-3	-7	4	0	0	1	1	0	0	-8	-8	2	-1	-1	8	8	0	-3	-7	-2	-2	-6	-6	-5	-5	3	3	-2	-2	-1	-3	-7	-7	3	2	-3	-1	-1	-1	-6	4	-1	-1	-1	-2	-2	-2	-1	6	6	-3	-2	-2	-1	-1	-2	-2	-8	-8	1	1	3	2	2	0	0	-6	1	0	1	-1	-2	-2	-1	-1	-4	-4	2	-2	0	-5	-5	1	1	-2	-2	-1	-1	-1	-1	-1	-4	-4	0	0	0	1	1	-2	-6	0	0	-1	-1	1	2	-2	1	1	-3	0	-3	-1	-1	1	1	2	2	-4	-4	-1	-1	1	-2	-2	-4	1	-3	2	2	-1	3	-3	-3	-4	-4	-1	-1	2	-1	-1	-3	-3	0	-3	-3	0	0	-4	0	-3	-3	-3	-3	-1	0	-1	3	3	-5	-5	4	4	-4	-4	-1	-2	-2	-1	-3	-1	-4	4	4	2	2	3	1	-7	-1	-1	2	-1	-1	0	0	-2	0	-2	-2	0	0	1	0	2	-2	
-15	10	4	4	-1	-14	28	-9	-9	-3	-3	18	18	-5	-5	14	-5	-5	22	22	-5	0	-32	4	4	-29	-29	-24	-24	10	10	3	-1	-10	-18	-46	-46	31	4	0	3	3	2	-12	15	11	11	2	12	-5	-5	-11	17	17	-4	-5	-5	9	9	4	-9	-21	-21	0	0	-2	16	16	-1	-1	-8	29	-13	3	-7	9	9	-6	-6	-35	-35	20	-5	1	-4	-4	6	-14	-4	-4	11	11	1	-1	-1	-7	-7	16	-4	8	2	2	0	-44	7	7	-5	-5	7	8	-6	2	2	-41	4	4	3	3	3	3	-11	-11	1	1	2	2	2	-2	-2	-43	5	13	3	3	-8	22	-10	-10	15	15	-7	-7	13	2	2	-19	-19	7	-4	-4	-4	-4	-15	0	-1	2	-9	-9	8	-6	3	2	2	-16	-16	10	10	2	2	14	1	1	-2	-7	6	-5	0	0	9	9	0	15	-10	-8	-8	3	3	-11	4	4	-4	-2	-13	-13	2	2	2	3	18	0	
-2	6	7	7	2	-10	4	-8	-8	10	10	7	7	0	0	-17	0	0	8	8	5	9	-7	11	11	-6	-6	-17	-17	-1	-1	2	-1	-10	-5	-11	-11	8	1	-1	3	3	1	2	2	-1	-1	-4	-11	-2	-2	1	2	2	-11	4	4	2	2	3	-9	-11	-11	1	1	-3	9	9	3	3	-5	7	-1	-4	-16	-4	-4	-4	-4	-6	-6	7	-3	-2	-22	-22	-8	-18	5	5	8	8	12	1	1	1	1	3	-2	-3	7	7	-3	-11	-1	-1	-6	-6	1	0	-6	-6	-6	1	-1	1	3	3	-7	-7	-43	-43	-17	-17	21	21	1	-16	-16	-39	0	16	20	20	1	67	-9	-9	-2	-2	-18	-18	5	-15	-15	5	5	6	-2	-2	-6	-6	-16	-10	-22	0	-2	-2	12	-2	2	2	2	-3	-3	10	10	33	33	13	-11	-11	8	-20	-7	-3	0	0	7	7	-4	24	-17	15	15	28	5	-15	-6	-6	-5	7	-7	-7	13	13	-14	-1	-4	-5	
-7	-2	-5	-5	6	3	-2	-5	-5	3	3	1	1	-10	-10	-5	2	2	2	2	-2	-1	-2	8	8	-1	-1	-7	-7	1	1	1	-1	-3	-5	-8	-8	3	-1	-3	2	2	-5	7	4	-1	-1	-2	-3	3	3	1	1	1	1	-3	-3	-7	-7	1	3	-6	-6	-8	-8	4	-1	-1	2	2	-7	4	-3	-15	1	-6	-6	-3	-3	-5	-5	1	-17	-2	-1	-1	12	-11	-5	-5	-2	-2	6	0	0	0	0	-8	-4	5	-7	-7	5	-6	-6	-6	-2	-2	-5	-10	-3	-4	-4	1	1	6	-2	-2	-9	-9	-8	-8	8	8	1	1	-6	21	21	25	-12	3	-14	-14	2	-24	-15	-15	-1	-1	-3	-3	-3	5	5	11	11	-15	3	3	-1	-1	-5	-8	-5	-3	-9	-9	8	-3	0	7	7	-1	-1	-2	-2	4	4	-25	5	5	-8	1	10	-17	8	8	-1	-1	-2	5	-6	-5	-5	0	-5	-1	-3	-3	5	-12	2	2	5	5	8	-5	-6	-8	
-2	-9	-54	-54	11	4	-2	-1	-1	-11	-11	-12	-12	-32	-32	12	-6	-6	0	0	21	-6	11	58	58	-5	-5	-15	-15	-15	-15	-11	6	2	10	1	1	-12	-4	6	21	21	-12	11	11	-33	-33	-8	13	17	17	4	8	8	27	-3	-3	-10	-10	2	4	1	1	-15	-15	-12	-18	-18	1	1	-3	10	-9	-1	15	-9	-9	-10	-10	-8	-8	14	-24	-8	7	7	20	-1	-7	-7	25	25	-12	-2	-2	-23	-23	8	-5	-1	-16	-16	11	-9	-3	-3	-14	-14	7	14	-2	-6	-6	9	-3	7	6	6	-14	-14	7	7	6	6	12	12	10	-11	-11	-5	-41	-3	-8	-8	-32	-16	-21	-21	-5	-5	9	9	-7	11	11	13	13	-5	23	23	-14	-14	13	-11	-22	-3	-11	-11	3	5	-4	9	9	16	16	-3	-3	16	16	-8	-16	-16	-24	-10	-19	1	25	25	29	29	-10	-7	0	-11	-11	12	5	-14	2	2	1	-17	-41	-41	18	18	4	-2	-9	32	
Trial:3
-1	7	6	6	-10	-10	1	0	0	5	5	-4	5	0	8	8	-4	-4	-10	-10	4	4	2	2	-1	-2	-2	-5	-5	4	4	-1	-1	-3	0	1	-1	-1	-1	-1	-5	-5	1	1	1	7	-4	-2	-2	-30	-8	6	-5	9	-2	-2	-3	-3	-2	-2	-1	6	0	7	7	5	4	1	-20	-20	3	3	3	3	3	3	-4	-4	0	-15	-15	6	6	4	-2	-2	3	3	5	4	-1	-1	0	0	0	-1	-1	-6	-6	-4	-3	-1	-1	-1	-1	-17	4	4	5	5	0	-2	3	5	5	2	-3	-2	-6	-6	-5	0	-5	-5	0	0	-23	-3	4	10	10	10	-20	5	3	-1	-1	2	1	-22	3	3	2	6	4	4	0	0	1	0	0	0	0	-1	-12	-2	3	2	-3	-3	-4	-4	-1	-1	1	1	2	6	6	-1	-1	-6	0	-2	5	1	-1	-1	-4	-4	2	2	11	-1	0	-7	-7	-1	4	-6	-1	-1	-1	1	-6	-6	-3	-3	-8	-12	
-1	-2	0	0	-3	-3	3	0	0	-1	-1	-3	0	-1	-5	-5	-3	-3	2	2	0	0	-1	-2	0	-2	-2	-3	-3	1	1	-1	-1	0	6	12	-6	-6	-5	-6	-2	-2	-1	-1	-3	1	-2	-2	-2	-2	-1	-1	-1	-4	-2	-2	-2	-2	-1	-1	-3	1	2	0	0	1	-2	0	-7	-7	1	1	0	0	2	2	0	0	-4	-3	-3	-1	-1	-1	-1	-1	0	0	-4	2	1	1	-1	-1	-2	2	2	-4	-4	-5	-4	-1	-1	-1	-1	1	-2	-2	1	1	-2	0	1	2	2	-2	0	0	1	1	-1	1	-3	-3	-3	-3	-3	-1	-3	5	5	5	-4	0	2	-2	-2	0	1	-6	0	0	-1	1	1	1	-3	-3	-2	-4	0	0	0	-2	0	-7	-2	1	-3	-3	-1	-1	0	0	1	1	2	-1	-1	-4	-4	-4	-4	0	-1	0	-1	-1	-2	-2	-3	-3	1	0	-1	-3	-3	1	-1	-4	-1	-1	-1	-3	-1	-1	-4	-4	-1	1	
-1	-1	-1	-1	-2	-2	-1	3	3	-1	-1	-3	-3	-1	-5	-5	-2	-2	0	0	-1	-1	-1	-2	0	1	1	-4	-4	0	0	1	1	0	1	-2	-1	-1	-2	-5	-2	-2	0	0	-1	-1	-1	-1	-1	2	-1	-2	-2	-3	-1	-1	0	0	-1	-1	-1	-1	2	-2	-2	-1	-2	-3	-5	-5	1	1	2	2	3	3	-3	-3	0	-3	-3	-1	-1	-5	0	0	0	0	-7	0	1	1	0	0	-2	2	2	-5	-5	-4	-2	-1	-1	-1	-1	1	-2	-2	0	0	1	-2	2	-2	-2	0	-1	-1	1	1	-1	0	-3	-3	-5	-5	-1	-1	-2	1	1	1	-3	1	0	-2	-2	-2	2	-1	1	1	-1	3	1	1	-1	-1	-2	-4	0	0	0	-4	-2	-5	-3	1	-3	-3	-2	-2	0	0	0	0	0	-1	-1	-3	-3	0	-3	0	-1	-1	-1	-1	-2	-2	-4	-4	1	1	0	-1	-1	0	0	-7	1	0	0	1	-1	-1	-4	-4	0	1	
0	2	1	1	2	2	-4	1	1	3	3	-6	-1	0	-4	-4	-3	-3	0	0	-2	-2	1	-5	1	0	0	-1	-1	0	0	0	0	-2	-1	2	-3	-3	-2	-6	-1	-1	-2	-2	-1	2	2	0	0	7	1	-2	-2	-6	-5	-5	-4	-4	-2	-2	-1	-1	0	-2	-2	0	-6	-3	-4	-4	0	0	0	0	6	6	-3	-3	4	0	0	-2	-2	-3	-4	-4	2	2	-5	-1	-1	-1	-1	-1	-4	4	4	-5	-5	-3	-3	-3	-2	-2	-2	-1	0	0	-2	-2	4	-1	1	-1	-1	4	-4	-2	-3	-3	-3	0	-1	-1	-6	-6	1	0	0	-6	-6	-6	-2	1	-2	-3	-3	-4	10	2	7	7	-2	8	0	0	2	2	-1	-9	1	-1	-1	-4	-4	-4	-4	-3	-2	-2	-2	-2	-3	-3	-4	-4	2	0	0	-1	-1	-3	0	1	-1	-4	2	2	-3	-3	1	1	1	0	2	-3	-3	0	-2	-6	1	0	0	2	-1	-1	-5	-5	-1	-2	
1	23	-18	-18	8	8	-34	-6	-6	2	2	-19	-7	9	4	4	-15	-15	18	18	-9	-9	7	-20	4	4	4	-3	-3	-3	-3	-2	-2	4	-12	9	0	0	-12	-8	-22	-22	0	0	10	3	31	-3	-3	8	-3	-5	-19	-10	-16	-16	-23	-23	19	19	-7	7	-5	-6	-6	-1	-13	0	-13	-13	3	3	-22	-22	26	26	-19	-19	25	1	1	-1	-1	-3	-3	-3	8	8	12	5	-2	-2	16	16	-18	10	10	-9	-9	-3	0	-8	-38	-38	-38	0	1	1	-5	-5	16	-2	0	9	9	5	-16	-2	-12	-12	-9	6	-6	-6	-4	-4	6	3	3	-16	-16	-16	13	8	-2	-6	-6	-14	22	8	13	13	4	21	5	5	11	11	-6	-12	1	-1	-1	-6	-8	4	-2	-11	-3	-3	-2	-2	-10	-10	-3	-3	10	5	5	-4	-4	-11	12	0	1	-23	8	8	-8	-8	11	11	1	-1	1	2	2	0	1	-18	4	7	7	2	3	3	-11	-11	-7	-5	
-6	1	-5	-5	1	1	-11	-2	-2	10	10	-8	5	-1	8	8	-8	-8	-3	-3	-4	-4	7	-3	1	4	4	-4	-4	-2	-2	0	0	-5	1	-9	1	1	-1	-4	-2	-2	1	1	1	-1	4	-5	-5	7	-5	-10	1	6	-11	-11	-11	-11	0	0	-4	0	-1	5	5	-1	-10	-2	0	0	3	3	-3	-3	6	6	6	6	-2	0	0	-2	-2	-4	6	6	-1	-1	-10	-14	-4	-4	0	0	3	-3	-3	-12	-12	11	0	6	-10	-10	-10	0	-9	-9	-6	-6	5	3	-4	5	5	2	-6	-7	-3	-3	-9	2	-4	-4	3	3	8	6	6	-1	-1	-1	-8	-3	6	-6	-6	-10	24	5	6	6	0	7	6	6	5	5	1	-13	-1	-4	-4	-1	-10	6	0	-7	5	5	-2	-2	-4	-4	-15	-15	7	0	0	-4	-4	-8	2	1	0	0	1	1	-2	-2	-1	-1	-9	0	-2	-2	-2	0	-4	-7	5	0	0	3	1	1	-3	-3	0	-5	
8	1	2	2	0	0	-13	3	3	11	11	-4	-3	0	-1	-1	-2	-2	-8	-8	-1	-1	3	-1	0	-3	-3	-2	-2	-11	-11	-3	-3	5	3	4	4	4	0	-4	-4	-4	-4	-4	2	-1	-2	-2	-2	-3	-2	0	-1	6	-10	-10	-4	-4	7	7	-3	1	2	3	3	-2	-10	-3	2	2	1	1	-3	-3	-3	-3	-12	-12	4	3	3	3	3	-17	4	4	2	2	11	-1	-5	-5	0	0	-1	-1	-1	-10	-10	-4	0	7	-8	-8	-8	2	3	3	-4	-4	2	4	-7	-1	-1	2	-12	-1	1	1	-7	0	3	3	-2	-2	-9	3	3	-1	-1	-1	-3	2	-5	-6	-6	-2	4	5	3	3	2	3	-7	-7	-1	-1	7	-8	-9	2	2	0	-5	-8	0	-2	4	4	2	2	-4	-4	-5	-5	-1	2	2	-5	-5	1	-1	0	2	-2	5	5	1	1	-6	-6	-1	-2	1	-3	-3	3	-1	-1	2	-5	-5	2	-9	-9	1	1	2	-5	
7	15	-5	-5	-16	-16	10	1	1	19	19	-5	7	14	58	58	-4	-4	-45	-45	-8	-8	6	-3	-12	-4	-4	1	1	2	2	-40	-40	14	7	17	13	13	-5	9	-18	-18	-19	-19	22	-5	2	-4	-4	-14	-14	12	-16	31	-29	-29	-9	-9	11	11	-7	16	6	31	31	-16	-6	1	-15	-15	24	24	-19	-19	-16	-16	-7	-7	2	1	1	7	7	-13	21	21	-6	-6	48	8	-6	-6	-23	-23	-27	2	2	-24	-24	-5	-1	7	-7	-7	-7	-15	22	22	-4	-4	1	-10	-14	11	11	2	-40	-1	17	17	-6	2	2	2	0	0	-19	12	-9	1	1	1	-31	19	-18	-10	-10	-6	-2	-1	-14	-14	1	1	4	4	-1	-1	15	11	-45	4	4	0	-18	18	-1	-1	6	6	6	6	11	11	-21	-21	-7	18	18	-4	-4	-3	-3	-12	5	-5	15	15	25	25	-17	-17	7	4	-6	-21	-21	4	0	-8	-10	-13	-13	9	-40	-40	9	9	5	-19	
Trial:4
2	2	-6	-6	-6	-5	-1	-1	-10	-10	3	3	9	9	-2	-2	-1	2	2	7	7	7	-3	-5	-5	0	0	2	-1	-1	-1	-1	-1	-5	-6	-6	-1	-1	-1	2	2	-24	-24	-24	9	-4	3	0	0	0	0	2	2	0	0	2	-2	2	-4	-4	10	4	-2	-2	-1	-1	-3	6	-4	-4	-17	4	-4	5	1	1	1	1	-2	-2	2	2	-7	-7	-2	-1	2	-13	-13	2	-4	3	-4	-4	-1	4	7	7	-1	-1	-4	-4	-2	14	14	-1	-2	-5	-5	-7	-7	-3	-2	-2	-2	-2	-4	2	2	2	0	0	-19	-10	7	-1	1	1	2	-3	-3	-10	-2	2	0	-6	3	3	-11	-2	-6	7	7	5	-4	-19	17	17	7	1	1	1	-2	-2	3	2	-8	6	6	1	1	-5	2	-5	-4	5	-4	-4	1	1	1	1	3	-1	-1	1	1	-6	-4	-4	4	4	-4	2	0	0	15	15	-4	0	-2	-6	-6	5	0	-5	2	-2	-1	-7	
0	0	-3	-3	-3	1	-1	-1	-1	-1	-1	-4	-2	-2	0	0	-1	0	0	-3	-3	-3	1	-3	-3	-2	-2	5	-1	-1	-1	-1	-1	-3	-1	-1	3	3	-2	-1	-1	-5	-5	-5	0	-2	0	-2	-2	2	2	-2	-2	-2	-2	0	-1	-2	-1	-1	1	0	-2	-2	-3	-3	-1	0	-4	-2	-2	1	-3	2	0	0	-2	-2	-1	-1	-1	-1	-4	-4	-4	-3	-2	-3	-3	0	-1	2	-3	-3	-3	-1	1	1	1	1	-3	-3	-1	-1	-1	1	-3	0	0	-2	-2	-2	-2	0	-4	-4	0	-5	0	0	-3	-3	-3	-1	-1	0	4	4	-2	-2	-2	-3	2	0	-3	3	0	0	-3	-2	-3	0	0	-1	3	-2	1	1	-2	-4	-1	-1	1	1	-1	0	-3	-1	-1	-3	-3	-3	0	1	-2	0	-4	-1	0	0	-2	-2	0	-1	-1	-3	-3	-1	-4	0	2	2	-2	2	-5	-5	2	2	-2	-1	0	-2	-2	-1	-2	-4	2	-6	1	-3	
-3	-3	5	5	5	0	0	0	-1	-1	-5	-2	-2	-2	-1	-1	-2	2	2	-4	-4	-4	-1	-2	-2	2	2	-1	3	3	-2	-2	-2	-1	-1	-1	0	0	-1	1	1	-2	-2	-2	-2	-1	-2	-2	-2	1	1	0	0	-1	-1	0	-1	-4	-2	-2	-1	1	0	0	-2	-2	0	2	-2	-3	-1	0	-1	1	2	2	-3	-3	0	0	-3	-3	-2	-2	-3	1	-3	-3	-3	0	1	-1	-1	-1	-3	0	-1	-1	1	1	-3	-3	-3	-2	-2	1	-3	0	0	-1	-1	-2	-1	-1	-3	-3	2	-3	-1	-1	-2	-2	-1	3	-2	-2	3	3	-2	1	1	-2	2	-1	-2	2	-1	-1	-3	1	-3	-1	-1	-3	1	-3	-1	-1	-1	-5	0	0	1	1	-1	0	-2	-1	-1	2	2	-3	-3	-3	-2	-1	-2	0	0	0	-3	-3	-1	-1	-1	-4	-4	0	-1	0	1	1	-1	0	-8	-8	3	3	0	0	-2	-2	-2	1	-1	-4	-2	-2	-2	1	
-7	-7	15	15	15	3	-4	-4	-3	-3	-8	2	-5	-5	0	0	-2	2	2	-10	-10	-10	4	-1	-1	6	6	-12	8	8	-2	-2	-2	-1	1	1	2	2	-2	3	3	-1	-1	-1	-2	-2	-4	-4	-4	1	1	0	0	-1	-1	-4	0	-6	-1	-1	-2	-4	5	5	-1	-1	-1	3	-1	-2	2	0	3	2	-1	-1	1	1	1	1	-2	-2	-7	-7	-3	-1	-5	0	0	0	1	-3	-2	-2	-1	0	-1	-1	3	3	-1	-1	-1	-4	-4	0	-1	-2	-2	4	4	-3	-1	-3	-1	-1	2	-2	-5	-5	2	2	-1	1	-1	-2	1	1	0	-3	-3	-4	2	2	-2	2	5	5	-4	0	-3	0	0	-3	3	-4	0	0	1	-4	2	2	1	1	-2	-3	0	-3	-3	0	0	2	-4	-5	2	-2	-5	-2	-3	-3	-3	-3	1	1	1	-9	-9	6	-2	-1	4	4	0	0	-8	-8	7	7	2	0	-4	-5	-5	6	-1	-6	-4	2	-5	3	
-24	-24	38	38	38	-1	-11	-11	-4	-4	-42	12	3	3	12	12	-1	0	0	-17	-17	-17	13	6	6	10	10	-60	23	23	5	5	5	7	0	0	6	6	-3	11	11	4	4	4	-3	-5	-11	-6	-6	4	4	0	0	-1	-1	-7	-1	-6	-4	-4	-4	-7	13	13	-1	-1	-20	5	13	-1	6	3	9	2	5	5	-1	-1	6	6	12	12	-10	-10	-8	1	-10	-2	-2	-3	1	-12	2	2	8	0	-5	-5	3	3	-1	-1	3	-10	-10	-2	-1	-6	-6	14	14	-8	0	-3	-5	-5	5	19	-20	-20	5	5	1	10	4	-7	2	2	-4	-33	-33	-1	-1	8	-1	8	12	12	-3	5	-7	3	3	-3	10	11	9	9	6	-14	2	2	-12	-12	-5	-4	-5	-10	-10	13	13	11	-16	-8	2	10	-31	7	-15	-15	-11	-11	2	-5	-5	-28	-28	21	2	-4	15	15	-4	-4	1	1	-8	-8	9	-2	-13	-3	-3	23	-4	-11	-16	10	-14	5	
-16	-16	22	22	22	3	-8	-8	-1	-1	-14	6	-2	-2	7	7	-5	-3	-3	-10	-10	-10	2	-2	-2	1	1	-21	11	11	1	1	1	3	2	2	5	5	-6	0	0	-4	-4	-4	2	-14	-10	-10	-10	4	4	9	9	-6	-6	1	5	-3	4	4	-4	-11	12	12	-6	-6	3	6	-3	-11	4	7	9	1	5	5	-4	-4	0	0	-4	-4	-15	-15	0	4	-2	-2	-2	1	-2	2	-1	-1	9	-1	0	0	-3	-3	6	6	-2	-3	-3	-6	7	-1	-1	3	3	-10	6	11	-4	-4	1	-7	1	1	-6	-6	1	3	8	-10	-10	-10	-5	-8	-8	-13	-7	2	-2	1	6	6	-2	-3	7	-2	-2	-7	12	-4	-1	-1	10	-6	2	2	-3	-3	1	-4	-6	-8	-8	18	18	0	-15	-12	3	-8	-7	13	-13	-13	-8	-8	4	4	4	0	0	11	0	-3	-9	-9	-3	4	7	7	3	3	-1	4	-4	-1	-1	12	10	-10	-8	-4	-3	13	
-5	-5	2	2	2	-4	3	3	-5	-5	-4	2	0	0	6	6	-12	1	1	-4	-4	-4	6	6	6	0	0	-14	4	4	2	2	2	-1	-1	-1	4	4	-9	-4	-4	-2	-2	-2	3	-4	-12	-1	-1	2	2	-4	-4	-2	-2	2	0	-1	6	6	3	-6	6	6	-3	-3	-7	5	-6	-4	4	0	2	-3	-1	-1	-1	-1	-4	-4	1	1	-2	-2	-1	1	6	-2	-2	-4	-7	-4	-2	-2	7	-3	0	0	-3	-3	2	2	-3	-5	-5	-3	5	-1	-1	-7	-7	-3	4	5	-1	-1	-1	0	-2	-2	0	0	4	2	0	-10	-15	-15	-7	7	7	0	-10	-8	-1	-7	5	5	5	4	2	0	0	-1	1	-10	1	1	0	-4	3	3	-4	-4	-7	-2	-7	-1	-1	3	3	4	-5	-5	0	-6	2	8	-3	-3	-6	-6	3	5	5	0	0	8	-3	-1	-5	-5	-10	1	0	0	-1	-1	6	7	-1	2	2	0	2	-3	-8	-8	0	3	
-2	-2	0	0	0	-34	1	1	-11	-11	6	5	13	13	9	9	2	3	3	9	9	9	-2	8	8	-5	-5	-19	10	10	1	1	1	-2	-12	-12	6	6	-9	-6	-6	-4	-4	-4	10	-19	-23	-2	-2	-6	-6	-3	-3	13	13	14	16	1	17	17	12	5	-8	-8	-6	-6	9	22	-15	-10	-7	-11	-1	13	-3	-3	-1	-1	-4	-4	2	2	-1	-1	-12	2	-2	15	15	-17	-1	-9	-12	-12	0	20	8	8	1	1	2	2	-4	-14	-14	-4	3	-5	-5	-36	-36	10	-8	13	-2	-2	-1	33	9	9	7	7	-4	6	8	-13	-7	-7	0	-19	-19	-15	-10	1	18	-22	10	10	22	7	13	-2	-2	8	-22	-25	18	18	0	5	16	16	-4	-4	-9	1	-17	1	1	4	4	5	-16	1	-9	-2	8	-2	-5	-5	8	8	-4	23	23	10	10	10	-16	-9	2	2	-53	16	-2	-2	16	16	-14	19	3	5	5	-7	1	-11	3	-1	-10	4	
Trial:5
-4	-4	1	1	-2	-2	0	2	6	-2	0	1	1	-4	9	-2	4	-5	-5	-2	0	7	-4	-4	-7	2	-4	6	7	7	-5	-5	-5	-1	-1	-2	-6	-3	-3	-3	3	-11	3	3	-4	-4	-11	3	-1	-3	-3	-11	-3	10	1	1	-3	1	3	10	10	1	3	-5	-5	-2	-2	-7	-3	-1	-1	-1	2	11	3	9	9	-2	-2	-2	-2	-3	-3	3	2	-1	-7	-7	-22	5	-2	-10	3	3	-7	-7	-23	4	4	6	6	4	3	-1	-1	4	-4	-3	0	-4	2	2	4	-7	-8	3	3	1	1	-7	-7	1	1	3	-4	-5	-4	-4	-4	-8	-3	-3	1	1	-3	1	4	4	3	-7	2	2	-3	-3	0	0	-14	3	-5	-5	8	1	-7	0	0	-4	0	-5	6	6	-1	0	3	2	-3	-3	5	3	-6	-5	-2	-2	-2	1	1	0	0	0	0	1	-1	-1	-23	-23	2	2	0	0	-1	-1	4	9	-2	5	5	-2	-17	1	1	-4	
-2	-2	2	2	-3	-3	-5	-3	-1	-2	-1	-4	-4	0	4	0	0	-6	-6	-1	0	0	-2	-2	-1	0	-2	-3	-2	-2	-1	2	2	-5	-5	3	-3	-2	-2	-2	1	-3	1	1	-4	-4	-2	0	0	-4	-4	-1	-4	-4	3	3	-1	4	-5	1	1	1	0	0	0	2	2	-1	2	-2	-1	-1	1	-4	0	0	0	-1	-1	-2	-2	-2	-2	-1	0	2	-2	-2	0	1	0	-3	-2	-2	-4	-4	-3	1	1	1	1	2	0	-5	-5	-2	-1	0	-2	-3	0	0	0	0	-5	1	1	-3	-3	2	2	-5	-5	1	0	-2	-1	-1	-3	-3	-3	-3	0	0	0	0	2	2	0	-1	-3	0	-5	-5	-2	-2	-1	0	0	0	-2	2	0	-5	-5	-2	0	-1	3	3	0	0	-2	2	-2	-2	1	-1	-2	-7	-3	-3	-1	-1	-2	-5	-5	0	0	0	-2	-2	-4	-4	-2	-2	0	0	0	0	2	-3	-3	-1	-1	-1	-3	0	0	-2	
1	1	2	2	1	1	-7	0	-2	-5	1	0	0	-1	4	-2	1	-4	-4	-1	2	-2	1	1	-1	1	1	-3	-4	-4	3	-1	-1	-2	-2	1	0	0	-3	-3	-1	-3	0	0	-4	-4	0	-3	1	-5	-5	-2	-3	-4	1	1	4	6	-6	-3	-3	-3	-1	-1	-1	0	0	-3	-2	-2	-1	-1	2	-3	-1	-2	-2	0	0	-1	-1	-1	-1	-1	2	3	0	0	0	-1	-2	-2	-2	-2	-2	-2	-4	-1	-1	3	3	0	1	-4	-4	-2	0	0	-2	-2	1	1	1	-2	-5	-1	-1	-3	-3	2	2	0	0	-1	-3	-3	-1	-1	-4	-1	-2	-2	1	1	-1	-2	-1	-1	1	-3	-2	-4	-4	-4	-1	-1	1	-1	1	1	-2	0	0	-6	-6	-3	0	1	0	0	1	2	-2	1	-2	-2	2	0	-2	-6	-2	-2	0	-2	-2	-3	-3	0	0	0	0	0	-1	-1	1	1	-3	-3	-3	-3	4	-4	-5	-1	-1	0	-2	1	1	-2	
2	2	-2	-2	4	4	-4	3	-1	-10	0	2	2	-5	3	-7	-1	-1	-1	-3	2	-2	1	1	-2	3	-1	-2	1	1	4	0	0	-7	-7	3	-5	2	1	1	0	-4	-3	-3	-3	-3	0	-12	1	-6	-6	-4	1	-7	5	5	0	2	-2	-5	-5	-3	3	-1	-1	-2	-2	-2	-7	0	2	2	0	2	0	-3	-3	2	2	-1	-1	-5	-5	-2	1	1	3	3	1	0	-2	-1	-3	-3	0	0	-4	-2	-2	2	2	3	-5	-5	-5	-3	1	0	-2	-5	3	3	6	-4	-2	1	1	-4	-4	-1	-1	2	2	1	-2	-4	-2	-2	-6	-2	2	2	2	2	3	-4	-2	-2	-5	-3	5	-7	-6	-6	3	3	3	-2	2	2	-1	0	0	-8	-8	0	2	2	-1	-1	2	1	0	2	-3	-3	5	2	-2	-4	-3	-3	-2	-5	-3	-2	-2	2	2	1	-2	-2	-1	-1	6	6	0	0	-6	-6	8	-3	-6	-3	-3	-4	1	-1	-1	-3	
2	2	-7	-7	11	11	-11	16	12	-26	2	-2	-2	-9	0	-11	18	-1	-1	-7	1	-6	10	10	-1	6	-2	-4	3	3	10	-1	-1	-7	-7	-8	-13	27	4	4	-6	-5	-10	-10	-9	-9	-1	-52	5	-14	-14	-20	9	-10	9	9	-9	1	4	-4	-4	8	9	-7	-7	-15	-15	5	-18	10	-2	-2	8	6	2	-27	-27	16	16	-2	-2	-4	-4	-4	18	3	6	6	7	-4	-4	22	0	0	2	2	-29	-8	-8	8	8	7	-11	-4	-4	-1	7	-3	3	-40	9	9	17	-7	7	4	4	-1	-1	1	1	8	8	-3	-6	10	3	3	-14	-1	8	8	24	24	8	-1	-7	-7	-13	-10	26	-21	-6	-6	9	9	12	-12	-2	-2	1	-10	4	-16	-16	9	2	-5	-3	-3	22	3	7	5	-9	-9	18	-6	-5	-2	-3	-3	4	-34	-21	7	7	0	0	-2	-4	-4	6	6	6	6	0	0	-20	-20	23	1	-3	-3	-3	-9	1	-3	-3	-8	
-7	-7	4	4	2	2	3	3	2	-8	0	-5	-5	7	4	-12	6	-7	-7	-5	2	2	-2	-2	-8	5	8	-4	3	3	10	-6	-6	-5	-5	0	-16	5	2	2	1	-6	-2	-2	-11	-11	6	-15	-4	-6	-6	-2	1	-7	6	6	-3	3	-2	-6	-6	4	2	-1	-1	-2	-2	-1	-5	1	-10	-10	6	-1	3	10	10	-5	-5	-3	-3	-1	-1	6	2	3	-5	-5	5	-9	0	-1	9	9	-3	-3	-3	8	8	12	12	-3	2	0	0	1	4	-6	1	-16	8	8	-1	-1	0	1	1	-6	-6	2	2	-14	-14	-8	2	-4	-1	-1	-7	7	7	7	5	5	-9	-4	2	2	-1	7	0	-10	-1	-1	-3	-3	-2	5	-2	-2	1	8	0	-6	-6	2	-1	-1	-3	-3	6	-3	-5	-5	0	0	0	4	5	-17	-9	-9	-2	-2	4	3	3	-3	-3	-3	-5	-5	0	0	-2	-2	-5	-5	-8	-8	13	-1	-13	-1	-1	2	0	3	3	2	
-3	-3	3	3	0	0	-2	0	-2	-3	-3	-3	-3	-1	-3	-7	3	-3	-3	-5	2	9	-4	-4	-3	-4	-1	2	1	1	2	2	2	-6	-6	-3	-10	4	2	2	-5	-4	-2	-2	0	0	3	-10	8	-14	-14	-5	7	0	2	2	-7	6	3	0	0	-5	-3	1	1	-2	-2	-3	-15	2	2	2	2	-1	-2	1	1	4	4	-15	-15	1	1	0	2	2	-1	-1	2	-4	-1	1	6	6	-3	-3	-5	-1	-1	4	4	0	4	-6	-6	0	4	4	3	-2	1	1	-3	-5	7	3	3	-4	-4	1	1	-6	-6	0	-2	-1	3	3	-3	2	-2	-2	-1	-1	-3	2	-7	-7	-4	2	2	-5	-5	-5	-2	-2	-1	1	2	2	3	-2	5	-4	-4	5	-5	-5	-5	-5	3	0	-4	5	-2	-2	3	1	-4	0	-5	-5	-1	1	2	0	0	-5	-5	-4	-3	-3	0	0	1	1	6	6	-8	-8	5	-1	-9	4	4	-6	-1	-3	-3	2	
-34	-34	1	1	-1	-1	-6	-17	8	31	2	12	12	-7	7	-17	3	-6	-6	1	23	7	-26	-26	5	-12	-1	15	8	8	-8	-15	-15	3	3	0	-27	15	-5	-5	7	-18	-2	-2	-5	-5	7	-3	-1	-27	-27	-5	5	17	2	2	-6	14	28	11	11	-6	2	-12	-12	-7	-7	1	-28	-4	-7	-7	4	11	-11	1	1	23	23	-11	-11	-6	-6	-5	-4	28	-23	-23	-15	14	-14	-14	1	1	-18	-18	-28	-1	-1	8	8	0	36	-1	-1	8	11	13	-17	-22	-8	-8	9	-5	30	8	8	-9	-9	-6	-6	-5	-5	16	-21	-4	-6	-6	2	6	-7	-7	-1	-1	3	7	-10	-10	-14	13	6	-1	-7	-7	-7	-7	3	14	-7	-7	-2	-6	-5	12	12	-1	-16	-9	-18	-18	22	-2	-11	19	-2	-2	5	0	-12	6	-10	-10	-2	29	17	3	3	-3	-3	-7	-4	-4	-18	-18	3	3	15	15	-12	-12	14	22	-44	40	40	-6	-7	-2	-2	-2	
Trial:6
0	-15	-1	4	-1	3	4	4	7	7	1	-6	0	-11	-11	11	-5	-8	-1	-1	-1	-2	2	20	6	6	-7	-3	-4	-13	-13	8	-12	2	2	1	1	1	1	-2	-1	-1	20	20	-1	-8	-8	-8	-8	3	-22	3	3	1	1	3	-3	0	4	4	-3	0	5	3	3	-1	2	1	1	-3	-3	-4	8	-1	-4	-4	-6	-6	1	-1	8	-14	-2	0	-14	3	3	3	1	4	3	3	3	-6	-2	-2	22	22	0	-2	-10	-4	-4	-7	4	-3	-3	12	12	-6	-4	-6	-4	-1	6	-12	0	0	-9	-9	4	4	0	1	1	-13	-13	-4	-4	4	4	-1	-1	-1	1	1	8	8	5	2	-5	-5	2	2	-3	-3	-3	1	1	-3	13	-6	-3	2	2	-1	-9	-2	2	2	-1	-1	-1	-3	-3	2	2	2	2	4	4	0	4	-7	-7	-2	-2	1	0	0	-1	-1	0	-1	-30	-4	-5	-5	8	8	-1	14	14	14	-5	4	-1	-3	-3	-4	
-2	-4	-3	2	1	2	-1	-1	-3	-3	-1	-4	-2	-5	-5	1	-3	-2	-3	1	1	0	1	0	0	0	0	-2	-4	-5	-5	0	-4	2	2	1	1	1	1	0	-2	-2	2	2	-1	0	0	0	-1	-1	-3	-3	-3	-2	-2	-1	-1	-5	-1	-1	-2	0	2	0	0	0	0	3	1	-1	-1	-5	0	-1	1	1	-3	-3	-1	-3	2	-2	-7	3	-2	3	3	3	-2	-4	0	0	0	-2	1	1	-1	-1	0	0	-4	-2	-2	0	2	0	0	-1	-1	-2	-1	-1	-2	-1	-2	-1	1	1	-1	-1	0	0	-3	0	0	-1	-1	0	-1	-2	-2	-2	-2	-1	-2	-2	0	0	1	-2	-3	-3	2	2	-3	-2	-2	0	0	-1	0	-5	-1	0	0	0	-3	0	-2	-2	1	-2	-2	-3	-3	-1	-1	1	1	-2	-2	-1	1	-2	-2	-1	-1	0	3	0	1	1	-3	-2	-3	-1	-5	-5	0	-1	-1	-1	-1	-1	0	-2	-1	-2	-2	1	
-6	-3	-2	3	-1	0	-5	-5	-1	-1	0	-3	-4	-1	-1	-1	-2	0	-3	-1	-1	1	2	-5	1	1	-2	-3	-1	-2	-2	-2	-1	1	1	0	0	1	1	-2	-1	-1	0	0	-1	0	0	0	2	0	-2	-5	-5	-1	-1	1	0	-3	-1	-1	-7	2	-1	-3	-3	0	-3	1	-2	0	0	-5	-2	-2	-3	-3	2	2	-1	-3	0	-3	0	2	0	1	1	1	1	-3	-2	-2	0	-2	2	2	-1	-1	-1	1	-1	0	0	-3	1	0	0	0	0	-1	-1	0	-1	-4	-1	0	0	0	1	1	-2	-2	-1	-2	-2	-1	-1	-1	-2	-3	-3	-1	-1	-1	-2	-2	0	0	0	-1	-2	-2	0	0	-2	-1	-3	0	0	-1	-2	-3	-2	-1	-1	-2	-2	-2	-1	-1	0	0	-2	-1	-1	-2	-2	0	0	-1	-1	-1	-2	-1	-1	-2	-2	1	0	2	0	0	0	-2	-3	0	-3	-3	-2	-2	0	-1	-1	-1	-3	-1	-3	-1	-1	-1	
-8	-2	0	3	-5	-1	-12	-12	2	2	5	-2	-5	1	1	1	-2	-1	-3	-2	-2	1	8	-8	2	2	-2	-3	2	0	0	0	-3	4	4	-1	-1	0	0	-4	4	4	-3	-3	3	-2	-2	-2	0	0	-3	-6	-6	2	2	2	1	-4	2	2	-11	3	-4	-7	-7	0	-1	1	-4	3	3	-4	-4	-1	-10	-10	9	9	2	-1	-1	0	10	0	-1	-1	-1	-1	3	-6	-2	-2	1	-1	-1	-1	6	6	-4	1	9	0	0	-4	-3	-4	-4	-2	-2	-6	1	5	-1	-2	0	-2	0	0	-1	-1	-2	-2	-3	-6	-6	1	1	-3	-2	-1	-1	-1	-1	2	1	1	1	1	-2	-3	-2	-2	2	2	-4	0	-2	-2	-2	0	-5	-2	-1	1	1	-1	-2	-3	1	1	-1	0	-3	-1	-1	-2	-2	-7	-7	-2	-2	1	0	-1	-1	-6	-6	4	-2	2	1	1	0	-4	-4	0	2	2	-1	-2	-1	1	1	1	-4	-4	-1	0	0	-3	
-16	-9	0	10	-7	1	-23	-23	7	7	22	-32	-2	-5	-5	-2	-1	-5	-3	-4	-4	7	35	-26	9	9	-8	-9	11	0	0	7	-3	34	34	0	0	-7	-7	-11	4	4	8	8	8	-10	-10	-10	-3	4	-11	-36	-36	13	13	6	2	-4	6	6	-14	7	-2	-19	-19	-3	4	5	-6	14	14	-2	-4	-6	-32	-32	23	23	16	5	1	5	23	2	-4	-3	-3	-3	23	-14	3	3	1	-5	3	3	17	17	-7	3	19	-3	-3	-13	-8	-9	-9	1	1	-12	8	10	-1	-6	4	7	-1	-1	-6	-6	-5	-5	-7	-14	-14	1	1	-8	-5	8	8	0	0	7	-6	-6	3	3	-6	-5	-2	-2	2	2	-4	-1	-1	-2	-2	9	-8	-5	5	3	3	-1	-2	-8	6	6	-7	5	-5	1	1	-21	-21	-2	-2	0	0	3	14	1	1	-15	-15	12	-11	8	-20	-20	-5	1	-3	4	8	8	-1	1	-2	1	1	1	-7	-11	-3	10	10	-6	
-3	-1	-6	3	-2	0	-16	-16	5	5	6	6	4	3	3	-1	-9	-7	-2	-5	-5	1	12	-8	6	6	2	1	-5	-7	-7	-2	6	10	10	-6	-6	0	0	-12	4	4	-3	-3	8	-3	-3	-3	1	-6	-4	-6	-6	-1	-1	3	2	-1	2	2	-7	3	-2	-2	-2	-7	8	-1	-6	6	6	2	5	-5	-32	-32	7	7	9	6	5	2	2	-3	0	3	3	3	0	-8	1	1	6	2	0	0	-2	-2	0	1	8	0	0	-2	-4	-6	-6	-10	-10	10	-3	3	3	-3	-3	-7	2	2	11	11	-3	-3	-5	-4	-4	0	0	-5	-3	3	3	0	0	2	-3	-3	-2	-2	-4	10	0	0	-3	-3	-5	-1	-1	-1	-1	-10	-5	5	-1	-4	-4	1	-1	-3	5	5	-3	-5	-7	9	9	-6	-6	-11	-11	3	3	1	2	0	0	-6	-6	-1	5	3	5	5	-4	0	-4	-2	3	3	-3	1	0	5	5	5	-13	-1	-2	1	1	2	
-10	2	-3	1	-6	-8	-7	-7	8	8	7	3	-7	6	6	0	-2	-5	-3	0	0	-2	7	2	3	3	-2	-3	-4	-10	-10	-6	-3	6	6	1	1	-3	-3	1	1	1	2	2	2	-7	-7	-7	4	3	-3	-3	-3	-5	-5	1	-2	-2	2	2	-1	1	-3	-1	-1	-3	-3	1	-6	-2	-2	7	3	-6	-13	-13	-3	-3	5	3	2	-2	-1	-3	-5	4	4	4	2	-5	-7	-7	2	3	-1	-1	4	4	0	-6	6	1	1	-2	2	-4	-4	-9	-9	0	-2	8	6	-1	-3	-4	-3	-3	5	5	-2	-2	1	-3	-3	-2	-2	-7	5	-4	-4	-1	-1	9	-1	-1	-2	-2	-2	1	4	4	0	0	-13	-5	0	-4	-4	-13	-2	3	-1	7	7	-5	-2	-3	1	1	0	1	1	5	5	2	2	-6	-6	3	3	-2	8	3	3	-5	-5	-2	-9	1	0	0	-11	2	2	-4	2	2	-11	0	-2	1	1	1	-3	-1	5	2	2	0	
-9	-23	-3	-2	-11	9	16	16	15	15	1	12	-6	29	29	15	-6	-42	-2	-8	-8	0	0	35	-11	-11	-6	-13	-6	6	6	23	-67	2	2	10	10	6	6	2	11	11	44	44	-3	-7	-7	-7	3	35	-12	0	0	-18	-18	-5	3	-3	14	14	2	13	-10	7	7	-15	-6	20	-20	-8	-8	8	5	-5	-17	-17	19	19	-9	0	9	-4	-5	14	-21	-1	-1	-1	-1	2	2	2	2	15	0	0	6	6	1	-21	23	-9	-9	-6	0	-9	-9	14	14	-12	-11	13	7	-3	17	-24	-1	-1	-10	-10	7	7	2	6	6	-29	-29	-28	4	11	11	22	22	37	-12	-12	-4	-4	-5	3	2	2	-3	-3	-32	-6	8	-5	-5	-3	8	8	2	26	26	-10	-7	1	-9	-9	-2	6	1	-1	-1	-2	-2	-12	-12	14	14	3	-8	-5	-5	-3	-3	12	-21	-4	-4	-4	-3	0	-2	14	-8	-8	0	9	-7	30	30	30	-19	4	-16	3	3	-7	
Trial:7
7	-2	0	-3	-5	-3	-20	-20	6	-2	1	2	4	2	-3	14	2	-5	-5	0	-2	3	11	0	-2	-2	1	-4	-1	-1	8	-10	-3	1	0	0	-5	-4	0	-4	-4	3	4	4	-3	-3	-1	-1	1	1	-15	-15	4	4	-1	10	10	-2	-2	-6	-6	-3	-3	1	-4	2	-2	-2	-1	1	-2	1	-9	1	1	2	2	-7	-7	-2	-2	-2	-1	-1	0	0	-3	3	0	0	-3	-3	6	6	-1	-5	-5	-1	-1	2	2	-5	-5	-1	-3	-2	-2	-2	3	3	-1	-1	-1	-1	9	-1	6	-14	-14	3	-3	-1	1	6	6	1	-2	-5	1	-7	0	-4	5	-2	-3	-3	0	0	0	-4	-4	0	0	0	2	-2	-2	-1	-1	1	2	2	-6	0	0	0	-6	-6	1	1	0	0	-5	-5	15	-23	3	-3	-3	-9	-9	-4	-3	-3	-6	-6	-2	1	1	4	4	-3	1	1	1	8	8	-10	-1	-1	-3	-3	1	-4	-16	-16	3	3	-2	14	
-1	1	-1	-1	-4	-1	-3	-3	0	-1	0	1	1	-3	-4	3	-1	-3	-3	-2	3	1	-1	1	-2	0	1	-4	-1	-1	-1	0	-1	-6	-2	-2	-5	-2	-1	-1	-1	0	-2	-2	0	0	1	1	-2	-2	-4	-4	-1	-1	-2	2	2	-1	-1	1	1	-2	-2	0	-1	-2	-2	-2	-1	0	-1	-3	-4	1	1	3	3	-1	-1	0	0	0	-4	-1	1	1	0	1	0	0	-1	-1	0	0	-2	-3	-3	-3	-3	-3	-3	-1	-1	-3	1	-2	-1	-1	-2	-2	-1	-1	1	1	3	-1	-1	0	0	0	-5	1	-1	0	0	-2	0	-2	-1	-1	0	-2	-3	0	-2	-2	-2	-2	1	-6	-6	1	1	1	1	0	0	2	2	3	-1	-1	-1	-3	-3	-1	-3	-3	-2	-2	0	0	1	1	2	-7	0	-4	-4	-1	-1	-4	-4	-4	0	0	-2	1	1	-3	-3	-3	1	1	1	1	1	1	-2	-2	-1	-1	-3	-4	0	0	0	0	-3	0	
-1	0	-1	0	-2	-1	0	0	-2	1	-1	-1	-2	-2	-3	1	-1	-3	-3	-1	4	-1	-1	3	-2	2	-1	-2	-2	-2	1	0	-1	-6	-1	-1	-5	2	0	-1	-1	-1	-3	-3	0	0	0	0	-1	-1	-4	-4	-1	-1	-2	-1	-1	0	0	-1	-1	-1	-1	0	-1	-1	-1	-1	0	-1	0	-6	-6	-1	-1	1	1	0	0	-2	-2	-2	-4	-1	2	2	0	0	1	1	-1	-1	-1	-1	-2	-2	-2	-2	-2	-3	-3	-1	-1	-2	2	0	-3	-3	-1	-1	-2	-2	0	0	1	0	-4	1	1	1	-4	1	-1	-2	-2	1	-1	-2	1	-1	-1	-1	-5	-1	-1	-1	-1	-1	-2	-5	-5	-1	-1	-1	1	-2	-2	1	1	4	-2	-2	1	-4	-4	-2	-1	-1	-4	-4	-2	-2	2	2	0	-2	1	-4	-4	0	0	-2	-2	-2	0	0	0	3	3	-4	-4	-3	0	0	0	0	0	2	-3	-3	-1	-1	-2	-1	0	0	-2	-2	-3	-3	
0	0	-2	-4	0	0	-1	-1	-2	3	-1	0	-4	0	-3	0	-3	-4	-4	-4	3	5	-3	2	-4	4	0	-2	-4	-4	3	1	0	-6	-1	-1	-6	2	0	0	0	-4	-4	-4	-1	-1	1	1	2	2	-2	-2	-5	-5	-2	0	0	-2	-2	1	1	-2	-2	0	0	-2	-1	-1	1	0	-1	-6	-5	-2	-2	1	1	0	0	-1	-1	-1	-6	-4	1	1	0	0	0	0	1	1	-4	-4	-2	-1	-1	-1	-1	-2	-2	0	0	-1	4	0	-2	-2	-1	-1	-2	-2	1	1	0	-3	-8	-1	-1	3	-1	1	-2	3	3	1	0	0	-1	1	-1	-3	-5	0	-3	-3	-1	-1	-4	-3	-3	1	1	1	-1	0	0	2	2	5	1	1	3	-1	-1	-1	0	0	-6	-6	-2	-2	0	0	0	0	2	-4	-4	2	2	1	-6	-6	-1	-1	5	-2	-2	-6	-6	4	-6	-6	-6	4	4	1	-1	-1	-4	-4	-3	-1	5	5	0	0	-2	-7	
-3	-7	4	-8	-2	0	-1	-1	5	7	-19	1	-1	-4	1	-1	-7	-7	-7	-5	11	4	-21	-1	-6	20	-23	9	-16	-16	2	11	-5	-5	2	2	-1	17	0	1	1	-14	-5	-5	-2	-2	-2	-2	18	18	-2	-2	-10	-10	-6	-2	-2	1	1	5	5	3	3	-7	-1	-5	16	16	9	-1	-5	-14	-4	-8	-8	-7	-7	2	2	-2	-2	-2	-35	-2	-3	-3	0	2	-2	-2	0	0	-6	-6	-4	4	4	-6	-6	1	1	-4	-4	2	1	-4	2	2	-4	-4	3	3	-7	-7	0	-35	-8	2	2	5	-1	8	-2	11	11	-4	2	3	-3	2	-3	-28	11	9	2	2	-2	-2	-8	0	0	4	4	4	-6	6	6	4	4	8	10	10	-1	-5	-5	-5	2	2	-9	-9	-3	-3	3	3	2	4	-1	-8	-8	3	3	12	-7	-7	-5	-5	16	-4	-4	-14	-14	8	-19	-19	-19	4	4	-3	-1	-1	-5	-5	12	4	5	5	-4	-4	-3	-21	
-1	-5	-3	-6	6	3	-2	-2	8	2	0	-8	-7	6	-3	2	-3	-2	-2	1	2	-3	-5	-6	-2	-4	-4	-12	-6	-6	9	2	-4	-9	5	5	12	4	8	-3	-3	-7	0	0	2	2	-7	-7	4	4	3	3	-1	-1	-16	-12	-12	12	12	8	8	1	1	1	-5	2	8	8	-4	2	-4	-15	-1	-13	-13	-5	-5	3	3	-4	-4	-4	-15	-2	31	31	2	-8	-5	-5	-4	-4	-5	-5	-9	0	0	0	0	-12	-12	-6	-6	2	9	0	4	4	1	1	2	2	1	1	-6	-5	-12	2	2	4	-18	3	-2	3	3	7	-9	-3	-18	6	-5	8	-11	10	-7	-7	-4	-4	-15	-9	-9	18	18	18	-14	3	3	4	4	14	1	1	-5	7	7	-7	5	5	-8	-8	-10	-10	-4	-4	-5	13	7	0	0	-5	-5	-4	0	0	9	9	9	1	1	-4	-4	12	0	0	0	-4	-4	-9	3	3	-7	-7	-20	6	4	4	6	6	-13	-8	
0	-3	-6	-7	10	-4	-1	-1	0	-1	0	-4	-1	5	6	-9	-6	1	1	-2	-5	-10	-2	-4	0	1	-8	-28	7	7	7	-5	0	-3	5	5	11	3	4	-2	-2	-7	3	3	-7	-7	-12	-12	5	5	6	6	2	2	1	-24	-24	11	11	1	1	1	1	-2	-1	3	0	0	3	6	-1	17	5	-4	-4	-10	-10	6	6	-5	-5	-5	-8	-1	-8	-8	-4	2	-11	-11	-1	-1	2	2	-3	7	7	-4	-4	-2	-2	-4	-4	4	2	-5	2	2	1	1	2	2	-1	-1	-2	-1	-3	-10	-10	10	2	2	-3	-1	-1	5	2	-5	-2	2	-4	10	-4	-10	7	7	1	1	-12	-1	-1	8	8	8	-7	-1	-1	-1	-1	0	-3	-3	2	10	10	-6	4	4	-4	-4	-7	-7	-2	-2	-6	1	6	-2	-2	-4	-4	4	-4	-4	5	5	2	-4	-4	6	6	-3	-5	-5	-5	-2	-2	-7	1	1	1	1	-9	1	-9	-9	2	2	2	-3	
9	-10	-14	-5	14	-4	-7	-7	20	-5	0	2	-4	6	11	-3	-4	-4	-4	0	3	-6	12	-10	1	11	-12	-38	33	33	-3	9	-11	-14	8	8	-20	20	3	-13	-13	0	13	13	-2	-2	-31	-31	12	12	20	20	21	21	-20	10	10	4	4	-5	-5	-10	-10	5	-3	10	-5	-5	-6	6	-7	-2	-4	-6	-6	-3	-3	17	17	-10	-10	-10	-4	-23	-13	-13	-12	14	-2	-2	-7	-7	6	6	3	9	9	-7	-7	4	4	-21	-21	11	1	-15	-11	-11	9	9	3	3	2	2	0	-18	17	5	5	6	2	-1	2	-1	-1	-2	-1	-7	23	-15	-22	8	-2	-7	1	1	1	1	-14	-3	-3	4	4	4	4	20	20	-6	-6	3	-12	-12	-11	3	3	-2	1	1	-7	-7	-13	-13	-1	-1	32	-8	-5	1	1	-15	-15	13	12	12	-7	-7	-17	-16	-16	3	3	-9	-3	-3	-3	16	16	-24	0	0	9	9	-37	-9	-5	-5	9	9	2	13	
Trial:8
3	3	4	4	-19	-9	-9	-4	4	6	1	-3	-3	11	3	-1	-1	0	0	13	2	0	-21	-21	3	3	2	2	2	5	5	-4	1	0	0	-11	-11	2	0	0	-9	-9	14	-16	3	3	-1	-1	-8	-2	-2	-6	-6	-4	5	5	3	3	7	-4	-4	-6	-8	10	-11	4	4	-1	-1	3	-2	-2	1	1	-5	-2	-2	-3	-1	-1	7	7	2	2	2	-8	0	0	0	7	-5	-1	0	-4	-2	-2	-13	10	-1	0	1	1	1	-3	0	10	10	3	5	-6	-2	-5	-6	-6	-12	3	3	7	7	-2	-2	1	1	-18	-18	6	-7	-1	2	2	-1	2	3	0	0	-1	-1	-2	-2	-3	-3	3	4	-6	0	0	1	7	-3	-13	-13	-3	-19	12	12	-4	1	2	0	3	4	5	-6	4	-3	-5	-1	-3	0	2	-2	-2	0	0	-1	-5	0	2	2	-2	-7	-9	6	6	1	1	0	-3	1	0	-2	-6	1	-4	-4	-4	1	-10	0	-2	
1	1	1	0	-1	-3	-3	-3	1	0	-2	-1	-1	0	-1	0	0	-1	-1	-1	-2	-2	-5	-5	1	1	-3	0	0	2	2	-1	-2	0	0	0	0	0	-4	-4	-3	-3	3	-5	-1	-1	-3	-3	1	-2	-2	0	0	-2	0	0	0	0	1	-2	-2	0	-2	2	-2	-1	-1	-3	-3	-1	1	1	0	0	-2	-1	-1	-4	-1	-1	3	-1	0	-2	-2	-3	1	-2	-2	0	-3	-2	-1	-1	-1	-1	-3	2	1	-3	-3	-3	-3	-3	-1	2	2	-1	0	-3	-1	-2	-3	-3	-2	0	0	1	1	0	0	0	0	-4	-4	-1	-1	-1	2	2	-2	2	-1	-1	-1	-3	-3	-1	-1	-1	-1	1	-2	-1	1	1	3	-4	-5	-6	-6	1	-3	-2	-2	-1	1	-2	0	-1	-2	0	-3	-1	-3	2	1	-2	0	1	-1	-1	0	0	-3	-4	1	-1	-1	-1	-2	-1	0	0	1	1	0	-2	-2	-2	-3	-1	0	-1	-1	-2	-1	0	-2	1	
1	1	1	-2	-1	0	0	-4	2	-2	-3	1	1	0	0	-1	-1	-3	-3	-2	0	-2	-3	-3	1	1	-4	-1	-1	-1	-1	0	-2	0	0	-2	-2	0	-1	-1	-1	-1	3	-1	-2	-2	-2	-2	-1	-2	-2	0	0	-3	-2	-2	-1	-1	1	-2	-2	-2	-1	-2	-4	2	2	-3	-3	-6	2	2	2	2	-1	-1	-1	-2	1	1	-1	-4	4	-4	-4	-2	1	-3	-3	-1	-3	-2	0	-2	0	0	4	0	-1	-2	-1	-1	-3	-1	1	-2	-2	1	0	-2	-1	-1	-3	-3	-3	2	-2	-3	-3	-1	-1	3	3	-3	-3	0	-1	0	4	4	-2	2	-1	-1	-1	0	0	-1	-1	-1	-1	-3	0	-2	-1	-1	-1	-7	-1	-4	-4	0	0	-5	-5	-5	1	-2	0	1	1	-3	-2	-2	-4	2	-1	-1	2	1	-1	-1	-3	-3	-2	-2	0	-1	-1	-1	1	2	-1	-1	0	0	0	-1	-2	-1	-1	0	-2	2	2	-2	0	1	-4	0	
2	2	2	-1	-2	4	4	-3	3	-3	-4	2	2	-3	-1	-3	-3	-2	-2	0	0	-5	-4	-4	3	3	-2	-2	-2	-2	-2	-2	-1	0	0	-2	-2	-1	-1	-1	1	1	1	-4	-2	-2	-2	-2	-1	-2	-2	-1	-1	-3	1	1	0	0	1	-3	-3	-1	-2	-3	-6	5	5	1	1	-1	0	0	0	0	-3	-5	-5	-3	-3	-3	-1	1	4	-2	-2	-2	1	-1	-1	0	-1	-2	-5	0	-1	-1	-2	-1	-2	0	0	0	-2	0	-1	-1	-1	0	-2	-2	-2	-2	2	2	-1	0	0	-3	-3	-2	-2	5	5	-2	-2	-3	-2	-2	0	0	1	0	-2	-3	-3	2	2	1	1	-1	-1	-1	3	1	-5	-5	-2	-13	-1	-5	-5	-3	4	-6	-6	-8	0	-5	1	3	2	-6	-1	-6	-4	8	-4	-1	4	-1	2	2	-2	-2	-7	2	-2	-3	-3	1	1	-2	-1	-1	1	1	-2	-2	-1	-1	-2	1	-1	-1	-1	-1	2	0	1	-1	
-4	-4	16	-3	-7	17	17	-6	-1	-5	-8	-2	-2	-2	-2	-10	-10	-6	-6	-5	4	-8	4	4	6	6	-7	-2	-2	-9	-9	0	2	1	1	-10	-10	7	-5	-5	-15	-15	7	2	-2	-2	2	2	3	0	0	-5	-5	1	2	2	5	5	-3	0	0	2	-5	-2	-16	7	7	7	7	0	0	0	-3	-3	2	-4	-4	-4	-32	-32	3	-4	7	2	2	-16	1	7	7	6	1	-4	-32	3	-1	-1	3	-1	-5	8	4	4	-1	9	-3	2	2	0	5	-1	-10	-3	12	12	0	3	6	-17	-17	-2	-2	17	17	-1	-1	-15	-4	0	-6	-6	1	-10	1	-3	-3	2	2	8	8	-8	-8	-3	11	5	-8	-8	-3	-25	-4	-5	-5	-34	9	-15	-15	-8	5	-1	1	7	13	-14	11	-17	-3	15	10	-3	8	-2	6	6	0	0	-39	4	6	5	5	9	0	2	-1	-1	-1	-1	16	-5	4	1	-5	-1	5	3	3	-8	1	-4	2	-1	
-5	-5	-1	-2	-2	7	7	3	7	3	-12	-2	-2	-7	-3	-2	-2	-9	-9	2	4	-2	5	5	2	2	-2	-7	-7	2	2	-5	0	-3	-3	-2	-2	2	-2	-2	0	0	-6	-2	-2	-2	4	4	1	-4	-4	0	0	0	-6	-6	-2	-2	-4	0	0	-1	-3	0	-9	1	1	4	4	-7	9	9	0	0	10	-4	-4	2	-9	-9	-3	-10	6	-3	-3	4	2	1	1	-1	-6	-8	-2	11	0	0	-4	-3	-5	-9	-2	-2	2	-8	3	0	0	1	-1	2	-4	-6	2	2	7	4	-1	-3	-3	-6	-6	-4	-4	-2	-2	-1	-3	4	-1	-1	-1	-6	-3	-6	-6	2	2	-2	-2	10	10	-5	3	-3	0	0	-3	-8	1	-3	-3	3	3	-5	-5	-4	3	-8	-2	2	1	-11	6	-7	0	5	5	-5	3	1	4	4	-3	-3	-3	-1	1	-2	-2	-6	-8	0	-2	-2	1	1	-6	5	-1	-3	-7	-1	-1	5	5	-6	-1	2	4	-1	
-1	-1	1	2	-3	-9	-9	8	0	-12	-2	-1	-1	-1	-3	-1	-1	2	2	3	0	-2	-2	-2	6	6	-5	-1	-1	-4	-4	4	0	-3	-3	5	5	-2	1	1	-5	-5	-2	-2	-6	-6	1	1	-2	-2	-2	-5	-5	1	3	3	3	3	-1	-5	-5	2	-7	-1	-5	0	0	3	3	3	-10	-10	6	6	2	-5	-5	-2	1	1	-7	-9	2	8	8	0	1	3	3	-2	0	-10	0	-1	4	4	-1	-2	-5	4	3	3	-2	2	-4	-2	-2	1	2	-1	-4	-2	2	2	-11	4	5	-1	-1	-5	-5	5	5	-10	-10	3	-6	2	0	0	1	-2	-2	1	1	0	0	-3	-3	-1	-1	3	-1	4	-2	-2	-5	-6	-1	-1	-1	4	1	0	0	-7	-4	-7	-4	-5	0	-2	4	1	0	3	-7	1	-3	-2	6	6	-3	-3	-7	-1	7	-4	-4	0	-1	-3	-2	-2	-3	-3	-3	-5	-1	3	0	2	0	4	4	-6	0	8	-9	0	
-4	-4	11	-1	-2	-58	-58	14	3	-8	7	10	10	8	-1	-3	-3	-15	-15	3	-13	2	-12	-12	7	7	8	8	8	-7	-7	-3	1	-8	-8	25	25	-8	-4	-4	17	17	-3	1	-12	-12	-3	-3	-16	-3	-3	-19	-19	-4	12	12	4	4	1	-3	-3	5	-7	5	-15	14	14	5	5	10	-37	-37	8	8	4	-41	-41	19	10	10	-25	6	23	19	19	4	-17	6	6	-2	-7	11	13	-25	21	21	15	2	-8	43	4	4	-6	-5	-2	2	2	4	2	-13	-4	0	-6	-6	-68	21	27	6	6	4	4	0	0	-58	-58	20	-12	13	10	10	5	-4	-4	16	16	16	16	-3	-3	-6	-6	23	16	16	-1	-1	-12	14	-7	-1	-1	12	-15	25	25	1	-16	-10	-10	-36	-3	3	-8	24	6	0	-13	7	-7	6	17	17	-7	-7	-9	-13	24	-4	-4	-5	-4	-20	-18	-18	-12	-12	-5	-2	-5	-3	23	8	2	-4	-4	-8	2	1	18	-10	
Trial:9
-2	-19	4	4	-1	-1	0	0	9	9	-1	-1	1	-6	-6	2	2	0	-3	-3	-20	-20	5	-5	3	3	0	0	0	0	0	1	1	13	-7	-7	-1	-5	-5	3	-1	-3	14	14	-5	-4	2	-2	-2	-5	9	-7	-7	2	2	-5	-25	0	-5	-5	3	5	14	14	0	-7	-7	-4	-4	-4	-9	-7	0	0	-4	-4	-3	-3	4	-14	-14	4	4	0	2	2	2	4	4	-14	-14	4	-2	-2	0	-9	-1	6	-9	-9	3	0	0	1	1	1	-11	-2	2	1	1	0	1	-2	-1	-1	9	4	1	1	-2	-2	0	3	1	-3	-3	-5	-6	5	-1	-2	-1	-4	-9	-9	0	0	-1	9	-3	-6	-6	2	2	-7	-7	2	2	-6	2	0	5	5	2	-1	-1	7	1	1	-1	-1	-3	0	0	3	-11	-11	1	-5	-1	-2	-2	-7	-3	1	0	0	0	0	-22	-22	7	7	4	3	2	12	12	-17	-17	5	5	2	2	-11	-2	0	7	7	
-1	-3	-1	-1	-2	-2	1	1	-3	-3	0	0	2	0	0	-1	-1	0	-2	-2	-5	-5	-1	0	2	2	-1	-1	0	-2	-2	0	0	4	-5	-5	3	-3	-3	0	-3	-1	1	1	-4	-2	1	-2	-2	0	-2	-2	-2	-4	-4	-3	-4	0	-2	-2	-1	-2	2	2	-2	0	0	-3	-1	-1	-6	-2	0	0	-3	-3	-2	-2	2	-1	-1	1	1	-3	0	-1	-1	1	1	-3	-3	-2	-1	-1	-2	-3	1	1	-1	-1	1	-2	-2	0	0	0	-2	-4	-1	-4	-4	0	1	0	1	1	-1	0	-2	-2	0	0	-1	1	-2	-2	-2	0	1	-1	-2	0	0	-1	-4	-4	-1	-1	0	0	-1	-3	-3	-2	-2	-2	-2	0	0	-2	0	-2	2	2	2	-3	-3	0	2	2	-1	-1	1	-1	-1	0	-6	-6	1	-3	-3	-1	-1	-2	-1	0	-1	-3	-3	-3	-4	-4	1	1	0	-4	2	2	2	-3	-3	2	2	-1	-1	-2	-1	-3	-1	-1	
-2	-3	-1	-1	-1	-1	-1	-1	-3	-3	-1	-1	2	0	0	0	0	1	-1	-1	-2	-2	-2	-1	2	2	-2	-2	1	-3	-3	-1	-1	0	-4	-4	0	-2	-2	1	-5	-1	-2	-2	-2	-3	0	-5	-5	1	-4	0	0	-2	-2	-2	-3	-1	-3	-3	-1	2	0	0	-1	1	1	-1	0	0	-6	0	-1	-1	-3	-3	-4	-4	0	-2	-2	4	4	-2	-2	-1	-1	-1	-1	0	0	-1	-2	-2	-3	-2	-1	0	-1	-1	-1	0	0	-1	-1	-1	-3	-6	-1	-1	-1	-1	0	0	1	1	-3	0	-3	-3	1	1	1	0	1	-2	-2	-2	1	0	-5	0	-1	-2	-2	-2	-1	-1	2	0	-6	-2	-2	2	2	-3	-3	0	0	-2	-1	-3	2	2	0	-3	-3	-2	-1	-1	0	0	3	0	0	0	-9	-9	0	-2	-2	0	0	-2	-1	-1	-1	0	-2	-2	-6	-6	0	0	0	0	0	0	0	-1	-1	1	1	-1	-1	-2	-2	0	-2	-2	
-4	-6	-4	-4	2	2	-4	-4	-1	-1	-1	-1	-2	3	3	2	2	1	-1	-1	-1	-1	-5	-2	0	0	0	0	7	-4	-4	-5	-5	-1	-1	-1	-11	1	1	-4	-2	1	-6	-6	2	-8	-1	-5	-5	4	-3	-2	-2	1	1	-3	-3	2	-3	-3	-3	4	1	1	-6	4	4	0	-4	-4	-6	-1	2	2	-2	-2	-2	-2	0	-1	-1	2	2	-2	-2	0	0	0	0	-2	-2	1	-2	-2	-2	-4	-1	3	0	0	-2	0	0	0	0	0	-3	-7	2	2	2	-3	1	0	-1	-1	-2	1	-10	-10	1	1	2	2	1	2	2	0	1	-3	-4	4	-3	-5	-1	-1	-2	-2	2	-4	-2	-3	-3	0	0	-5	-5	0	0	-2	0	-3	1	1	1	-4	-4	-3	-4	-4	1	1	3	1	1	1	0	0	-1	-1	-2	0	0	0	-1	1	1	-3	-1	-1	-1	-1	-2	-2	-1	0	0	-2	-2	-3	-3	2	2	-1	-1	0	1	-1	-3	-3	
-12	-2	-19	-19	15	15	-8	-8	-2	-2	-7	-7	-13	2	2	-5	-5	10	2	2	-7	-7	-1	-3	-22	-22	16	16	34	-3	-3	-10	-10	-12	7	7	-36	2	2	-8	-9	2	-14	-14	-1	-8	-1	-12	-12	7	-1	-11	-11	7	7	-3	-3	15	6	6	-6	2	-1	-1	-40	10	10	8	-1	-1	-12	0	5	5	-4	-4	-33	-33	3	8	8	11	11	2	-9	11	11	6	6	-19	-19	8	0	0	-11	-7	1	4	-2	-2	-2	-20	-20	14	14	14	1	-18	3	12	12	-2	0	-1	3	3	0	-7	-20	-20	5	5	2	5	7	8	8	-3	5	0	-7	6	-3	-34	9	9	1	1	21	-7	-8	4	4	-3	-3	-5	-5	8	8	-4	-4	-18	-2	-2	-1	-3	-3	-7	-28	-28	17	17	11	2	2	15	1	1	0	-5	0	4	4	13	-2	2	4	-10	-4	-4	-12	-12	-6	-6	23	14	4	-8	-8	-11	-11	-3	-3	-4	-4	1	-1	-3	-12	-12	
-2	-6	-6	-6	5	5	-3	-3	6	6	4	4	-7	1	1	-1	-1	2	1	1	-6	-6	-1	0	-1	-1	6	6	11	-12	-12	-3	-3	-11	2	2	-32	-4	-4	-4	3	-4	-10	-10	9	2	3	1	1	6	-2	-2	-2	4	4	-9	-6	2	13	13	-9	0	-2	-2	-6	0	0	-3	1	1	1	-1	4	4	3	3	-2	-2	-8	-3	-3	-6	-6	5	-4	0	0	4	4	-6	-6	-3	-4	-4	-3	-7	-3	1	-9	-9	6	2	2	1	1	1	2	-8	10	-3	-3	3	0	2	4	4	1	-1	-13	-13	3	3	4	-1	4	0	0	-2	0	0	-1	3	2	-1	2	2	-3	-3	-1	-3	-4	1	1	1	1	-6	-6	2	2	-6	2	-4	-6	-6	-2	-6	-6	-2	-7	-7	2	2	2	2	2	-3	3	3	0	-2	-1	4	4	1	4	-2	-1	0	-2	-2	-1	-1	-5	-5	-2	2	4	-3	-3	3	3	-3	-3	-1	-1	6	0	-2	-11	-11	
0	-6	1	1	-1	-1	-14	-14	7	7	1	1	-4	5	5	-3	-3	1	-3	-3	-2	-2	-5	0	0	0	2	2	-2	-8	-8	0	0	-2	3	3	-10	-2	-2	-5	-2	-4	0	0	1	-12	-3	1	1	-1	3	-6	-6	0	0	-4	-3	2	2	2	4	2	3	3	1	-2	-2	4	-2	-2	-2	-7	2	2	-6	-6	-2	-2	-8	1	1	0	0	4	0	0	0	-2	-2	0	0	0	1	1	-6	-6	0	-1	-4	-4	-11	4	4	3	3	3	0	-3	4	-6	-6	4	-5	-4	1	1	2	3	-9	-9	1	1	-2	-2	4	0	0	-1	2	4	-2	-2	-3	0	-1	-1	-3	-3	2	-5	2	4	4	-1	-1	-4	-4	5	5	-8	1	-2	-7	-7	-7	0	0	0	-3	-3	1	1	-4	7	7	0	-3	-3	-1	-2	-2	1	1	8	2	-5	3	-3	-6	-6	6	6	-7	-7	-7	6	2	-2	-2	-3	-3	0	0	1	1	0	-5	1	-6	-6	
-6	-20	0	0	-6	-6	-11	-11	36	36	-10	-10	-7	25	25	-5	-5	-4	-14	-14	-41	-41	-2	-13	9	9	-1	-1	1	2	2	12	12	4	-2	-2	0	-12	-12	16	-1	-7	13	13	-6	-5	-8	2	2	-25	9	-5	-5	6	6	-35	-29	-2	2	2	23	10	14	14	26	-21	-21	16	-7	-7	-3	-19	-1	-1	-51	-51	9	9	-15	-5	-5	5	5	17	-2	7	7	6	6	-13	-13	3	-4	-4	11	-11	20	0	-1	-1	-20	-9	-9	-4	-4	-4	8	6	12	-5	-5	4	-11	-8	4	4	28	-1	-9	-9	-5	-5	-6	1	4	5	5	-10	11	6	9	-1	-9	-7	-6	-6	-2	-2	-10	-1	8	23	23	-13	-13	2	2	20	20	6	7	-14	-5	-5	2	-6	-6	0	-5	-5	2	2	-8	30	30	-9	2	2	-15	-9	-14	-16	-16	40	4	-4	16	-13	-21	-21	17	17	-13	-13	-14	19	4	-5	-5	-17	-17	0	0	3	3	10	-13	-10	6	6	
Trial:10
1	-3	-2	-2	-6	-6	11	-3	0	0	-7	-7	-18	5	5	-1	-1	0	-14	-25	-25	8	8	2	0	4	2	2	-2	0	6	-18	0	0	-1	7	7	-5	-5	-3	-6	0	-3	-3	2	-2	-3	-2	-2	-20	3	-1	-1	3	3	0	-1	-7	4	4	-5	-5	-1	-1	-4	-4	6	3	4	-4	-4	-5	-1	-16	-16	-2	-2	2	2	-1	0	0	5	-2	-1	3	3	-2	-2	-2	-2	1	1	-5	-5	14	9	9	-1	-1	-8	1	-6	8	-3	-3	-1	-4	-4	0	0	-21	0	4	-3	-6	-1	2	-7	1	1	7	-14	-5	1	1	2	2	0	-3	1	2	2	1	-4	-6	4	0	0	-2	5	2	2	2	-1	1	-23	0	5	0	2	0	3	-12	-12	0	-2	3	5	5	16	16	5	5	-16	-16	1	3	-3	-3	14	14	1	1	-10	-21	-21	-5	-5	4	4	8	8	2	2	3	2	2	-5	-5	-5	-4	-3	-3	-2	-2	6	-11	-11	-2	
0	-3	-4	-4	-4	-4	0	3	1	1	-2	-2	-5	-1	-1	-2	-2	0	-4	-4	-4	-1	-1	-1	0	2	2	2	-1	1	-1	-4	-2	-2	0	0	0	-2	-2	1	-4	-1	-3	-3	-1	0	-4	-2	-2	-4	0	-3	-3	-1	-1	1	-1	-2	-1	-1	-1	-1	2	2	-1	-1	1	-1	-1	-3	-3	-3	-3	-4	-4	-1	-1	-1	-1	1	-2	-2	-4	1	0	-1	-1	-2	-2	-2	-2	1	1	0	0	-1	0	0	-2	-2	-1	-2	0	-1	-2	-2	-2	-1	-1	1	1	-5	0	1	-1	-3	1	-1	-2	0	0	-1	-3	-2	0	0	0	0	0	-1	0	-2	-2	0	0	-3	-3	0	0	-2	0	1	-3	-3	-2	0	-1	-1	0	-3	1	0	0	-3	-3	0	-2	-2	0	0	-2	-2	0	0	-1	-1	-1	1	-3	-3	-1	-1	1	1	-5	10	10	-4	-4	-4	-4	3	3	-3	-3	-2	0	0	-2	-2	-2	1	-1	-1	-1	-1	-3	-2	-2	2	
-2	-3	-3	-3	-1	-1	-1	4	0	0	-1	-1	-2	-1	-1	0	0	-1	-4	-4	-4	-1	-1	-1	2	1	-1	-1	-1	0	-2	-2	-1	-1	0	-1	-1	-1	-1	-1	-4	0	-2	-2	1	0	-5	-1	-1	-4	-2	-2	-2	-1	-1	0	1	-2	1	1	-1	-1	0	0	0	0	0	-1	0	-2	-2	-5	-2	-2	-2	-1	-1	-1	-1	-1	-2	-2	-3	-3	0	-1	-1	-1	-1	-1	-1	1	1	-3	-3	-1	0	0	1	1	-3	-1	-2	0	-2	-2	1	0	0	-2	-2	-3	-1	1	0	-1	-2	0	-1	1	1	-2	-1	-1	-2	-2	-1	-1	-2	-1	0	-1	-1	-1	1	-2	-4	-1	-1	-2	-2	-2	-2	-2	-1	0	-1	1	0	-1	0	-1	0	-5	-5	0	-2	0	0	0	0	0	-2	-2	-1	-1	0	0	-2	-2	-2	-2	0	0	-4	0	0	-1	-1	0	0	0	0	0	0	0	-1	-1	0	0	-3	0	-3	-3	0	0	0	-1	-1	1	
-2	-1	-3	-3	0	0	-5	5	2	2	-2	-2	-6	-4	-4	-1	-1	2	-3	-5	-5	0	0	-3	2	0	1	1	1	2	-2	-1	-4	-4	1	1	1	2	2	-6	0	2	-3	-3	2	-5	-7	-1	-1	-5	-1	0	0	1	1	-1	0	-1	1	1	-2	-2	1	1	1	1	-1	3	1	0	0	-1	-1	-2	-2	-4	-4	-2	-2	0	1	1	-4	-1	-1	1	1	-2	-2	-4	-4	0	0	0	0	-1	2	2	1	1	-4	0	0	-2	-2	-2	2	1	1	2	2	-7	-1	0	1	-1	0	-1	1	-1	-1	-3	1	2	-4	-4	-2	-2	0	1	0	-2	-2	-2	0	-1	-1	-3	-3	0	2	1	-4	-4	1	-3	1	-2	0	1	2	-1	-2	-6	-6	1	-4	-2	0	0	1	1	-4	-4	-4	-4	1	-2	-1	-1	-4	-4	6	6	-4	-3	-3	-5	-5	1	1	-2	-2	5	5	0	-2	-2	-2	-2	-2	-1	-6	-6	2	2	-1	3	3	2	
2	3	1	1	-8	-8	-35	1	13	13	-8	-8	-6	-11	-11	10	10	14	-4	-2	-2	2	2	-45	7	-4	1	1	8	4	-6	-11	9	9	12	10	10	2	2	-29	10	12	-4	-4	10	-21	-17	1	1	-14	-8	-16	-16	14	14	-3	13	-7	12	12	-3	-3	6	6	3	3	-12	14	8	7	7	9	3	-2	-2	-12	-12	-16	-16	3	-1	-1	-20	-6	3	8	8	4	4	-9	-9	-3	-3	9	9	6	9	9	-5	-5	-10	8	-7	0	5	5	8	-11	-11	11	11	-15	4	2	-7	8	-5	-6	2	-6	-6	0	6	4	-11	-11	4	4	-8	4	5	-5	-5	1	14	-7	-6	-3	-3	13	0	-8	-9	-9	3	-4	2	-16	-3	2	3	13	-17	-1	-1	3	-7	-2	7	7	4	4	-3	-3	-15	-15	3	0	3	3	1	1	17	17	-5	-11	-11	-13	-13	5	5	4	4	15	15	-7	-3	-3	2	2	-5	3	-15	-15	5	5	-37	18	18	6	
1	-5	5	5	7	7	-8	9	-3	-3	-10	-10	2	2	2	0	0	3	-4	0	0	1	1	-6	2	2	6	6	-8	1	-8	4	-4	-4	4	-1	-1	1	1	-7	5	8	-8	-8	0	3	-11	-1	-1	-8	-1	0	0	5	5	2	5	-2	5	5	-7	-7	-3	-3	0	0	-3	3	0	-1	-1	-7	2	-5	-5	-3	-3	7	7	0	4	4	-2	-5	7	-6	-6	1	1	-5	-5	-2	-2	1	1	-7	2	2	-1	-1	-3	5	1	-5	-3	-3	3	-6	-6	3	3	-4	-2	-3	0	3	-7	0	-2	1	1	3	-3	1	-9	-9	-10	-10	0	2	2	-3	-3	4	-4	1	2	-10	-10	-1	-3	6	-3	-3	1	3	2	-2	2	-2	5	-2	-7	-4	-4	1	0	-6	-1	-1	-1	-1	-6	-6	0	0	-2	4	8	8	-2	-2	-3	-3	-5	-1	-1	0	0	-1	-1	7	7	1	1	-2	-6	-6	1	1	-10	-1	0	0	5	5	0	-11	-11	6	
0	-5	1	1	-1	-1	-3	0	-4	-4	-1	-1	-1	-1	-1	2	2	-7	1	-1	-1	1	1	-1	0	-1	-8	-8	2	-5	3	-1	1	1	-1	3	3	4	4	-1	3	1	1	1	-3	3	-8	-1	-1	-12	7	-3	-3	1	1	-3	2	-3	3	3	1	1	-12	-12	-1	-1	0	4	3	0	0	0	-5	-12	-12	2	2	-10	-10	4	5	5	-4	-1	4	2	2	1	1	-6	-6	-1	-1	-10	-10	-4	4	4	3	3	-3	-1	-2	-7	3	3	1	0	0	3	3	-4	0	-6	4	4	-4	2	0	3	3	-5	-3	0	-3	-3	-10	-10	2	-6	2	3	3	0	0	5	-6	-3	-3	2	6	-3	-5	-5	-14	-1	-3	-4	3	-2	1	-3	7	2	2	-4	-3	-5	-3	-3	-2	-2	-1	-1	-2	-2	3	-1	6	6	-3	-3	2	2	6	-4	-4	-1	-1	-5	-5	-2	-2	-3	-3	3	3	3	-14	-14	-3	-1	0	0	-2	-2	0	-3	-3	-19	
-5	-13	8	8	-12	-12	8	6	-3	-3	3	3	-20	21	21	0	0	-32	10	-14	-14	9	9	6	-2	1	-8	-8	7	-6	24	-35	-3	-3	0	19	19	8	8	-30	9	-8	-4	-4	5	2	-5	-2	-2	-30	16	23	23	2	2	-6	4	-12	-9	-9	-14	-14	0	0	2	2	-9	20	3	1	1	-8	-5	-14	-14	-4	-4	-32	-32	11	3	3	8	-4	3	6	6	8	8	-5	-5	-9	-9	-38	-38	16	2	2	30	30	-7	6	-29	-2	29	29	4	-3	-3	7	7	-21	7	-1	-3	10	-18	-3	6	14	14	-2	-8	-5	-24	-24	6	6	-2	-23	8	-8	-8	-1	-16	3	-23	4	4	6	25	0	1	1	-38	-7	-5	-10	4	-10	8	-11	19	7	7	-10	-9	-9	-1	-1	9	9	5	5	-24	-24	22	2	26	26	-2	-2	-3	-3	-39	-17	-17	8	8	1	1	-5	-5	0	0	12	11	11	-27	-27	-7	-3	9	9	-15	-15	58	7	7	-3	
Trial:11
-6	-4	-4	-1	-6	-6	2	2	2	-6	-4	-4	3	3	-4	-1	-1	-2	-2	-1	-1	-1	-17	-6	-6	-3	0	0	-3	-3	7	6	0	-2	-2	-1	3	-1	-1	-23	-23	-1	-4	1	-1	-1	-3	-3	14	14	-2	4	-3	0	0	-2	-2	-1	0	-3	3	2	2	3	0	-1	-2	-2	1	9	5	-2	-13	-13	-2	-1	-3	-6	-1	15	15	6	6	-7	-7	-3	-3	-5	-4	-4	-14	-14	3	-5	1	1	-1	-5	-4	0	0	2	2	-3	-5	-3	3	2	2	-8	-3	2	0	0	0	-10	-14	0	0	4	4	4	4	1	-4	-12	-1	2	-4	-2	1	-3	2	-7	-7	3	1	-1	-1	2	2	-1	-4	-22	9	9	0	4	4	4	7	7	2	2	-1	0	0	4	-4	-19	-5	-5	-5	1	1	0	-8	-8	3	3	-4	8	2	-4	3	3	-3	10	10	2	-1	0	-3	-1	-1	-1	-1	-3	4	-2	3	1	1	-3	-4	-4	2	2	1	0	
-5	-1	-1	-3	-2	-2	3	3	2	-5	1	1	-2	-2	-4	-1	-1	1	1	-1	0	0	1	-2	-2	-1	-2	0	-1	-1	-3	-4	1	-2	-2	-1	-1	-1	-1	-4	-4	-2	1	-3	0	0	-2	-2	0	0	0	0	1	0	0	-1	-1	-1	-5	-3	-4	-1	-1	0	-2	-2	-1	-1	-1	1	-1	-1	-3	-3	3	-1	-5	-6	1	29	29	-2	-2	-6	-6	-7	-7	-3	-9	-9	-8	-8	-2	-3	-1	1	-2	-3	-2	0	0	-2	-2	-1	-2	-1	3	-3	-3	-2	-1	-2	-2	-2	0	-4	-3	0	0	1	1	2	2	1	-1	-2	4	-2	-1	-5	-1	-6	2	-2	-2	0	1	2	2	-4	-4	-3	-2	0	0	0	-3	-1	2	2	2	2	-2	-2	-2	0	0	1	-3	2	0	-4	-4	-1	-1	2	-2	-2	-2	-2	0	-1	-1	3	-3	-3	1	0	0	-3	0	-1	-2	1	1	-2	-2	-4	0	-2	2	1	1	-1	-3	-3	-1	-1	1	-1	
-4	-1	-1	-2	-3	-3	2	2	2	-3	3	3	-2	-2	-4	-1	-1	0	0	0	-2	-2	-1	-3	-3	-2	-2	-2	0	0	0	-1	-2	-1	-1	-3	-4	-2	-2	0	0	-1	-1	0	2	2	-3	-3	-2	-2	-2	-2	-2	1	1	-1	-1	1	-5	-2	-2	0	0	0	-1	-1	-1	-1	-3	-1	-2	-4	2	2	1	-5	-4	-6	0	-2	-2	5	5	-1	-1	-5	-5	0	-5	-5	-3	-3	-1	2	0	-1	-1	-3	-2	-1	-1	-2	-2	-1	-3	-6	6	-1	-1	-1	-1	-2	0	0	3	-4	-2	-1	-1	1	1	1	1	0	-1	1	1	-3	-3	5	-9	-8	18	-12	-12	-1	4	1	1	-5	-5	-4	-1	-5	-2	-2	1	-2	1	1	1	1	-3	-3	-2	3	3	-1	-3	3	-1	-2	-2	1	1	0	-2	-2	-4	-4	-2	0	-2	3	-4	-4	2	-3	-3	-2	1	0	-3	0	0	-1	-1	-2	1	-2	0	1	1	-2	-1	-1	-3	-3	-1	2	
-5	1	1	-1	-8	-8	4	4	0	-5	7	7	-2	-2	-1	0	0	5	5	-4	2	2	-4	-2	-2	-2	-4	-4	0	0	0	-1	-4	0	0	0	-9	-4	-4	-1	-1	-1	0	0	2	2	-2	-2	-1	-1	-1	-5	1	2	2	-7	-7	-1	-6	1	-1	-1	-1	2	-1	-3	2	2	-4	-2	1	-7	5	5	2	-11	-8	-7	-2	-12	-12	6	6	-3	-3	-1	-1	3	2	2	-2	-2	3	3	-2	-2	0	-1	-5	5	5	-3	-3	-1	-7	-2	3	-1	-1	-4	-2	0	-3	-3	3	-3	0	-3	-3	-2	-2	1	1	-2	0	-1	-3	-2	6	-2	0	-1	0	2	2	0	2	0	0	-3	-3	-2	0	-2	1	1	-4	-4	0	0	4	4	-1	-1	-3	2	2	-2	2	1	-5	-3	-3	0	0	2	-3	-3	-3	-3	-2	-1	0	-3	-6	-6	2	2	2	-4	2	-4	-6	-2	-2	-2	-2	-1	0	0	-2	2	2	-3	2	2	-4	-4	1	4	
-9	1	1	-1	-28	-28	8	8	-1	-5	18	18	-2	-2	-1	1	1	5	5	-3	1	1	-10	0	0	2	-2	-5	5	5	-1	3	-10	0	0	0	-11	-4	-4	-17	-17	-5	5	3	-4	-4	2	2	-28	-28	6	-6	10	8	8	-39	-39	7	-10	8	1	1	1	4	-13	0	5	5	-6	-1	9	-4	21	21	9	-20	-13	-11	-8	-24	-24	6	6	-8	-8	3	3	2	9	9	-25	-25	13	4	-1	-7	5	-2	-7	21	21	-4	-4	-2	-14	-8	-3	-1	-1	-7	0	-1	1	1	2	4	9	-3	-3	-3	-3	-3	-3	-4	4	-1	-11	3	10	-9	2	3	-3	6	6	-1	-3	-4	-4	-1	-1	-26	-13	18	7	7	-7	-8	-7	-7	17	17	1	1	-6	0	0	-2	5	-1	-7	-4	-4	-1	-1	3	-5	-5	-1	-1	-5	12	0	-27	-5	-5	1	6	6	-4	1	-9	-2	-10	-10	-4	-4	1	0	1	-24	3	3	-1	13	13	-3	-3	5	23	
4	5	5	-2	-39	-39	-6	-6	-2	2	11	11	10	10	2	-7	-7	7	7	7	4	4	-8	-10	-10	2	-1	6	6	6	0	5	-12	-9	-9	2	-14	2	2	-2	-2	-3	3	8	8	8	-5	-5	-7	-7	-2	-10	9	-1	-1	-7	-7	-11	2	-4	-1	-4	-4	1	3	12	-2	-2	-6	-11	4	5	9	9	9	-31	-19	-2	1	-34	-34	-6	-6	-11	-11	29	29	3	5	5	-12	-12	22	-8	0	10	9	4	0	-3	-3	-18	-18	10	-6	-21	-14	2	2	-13	-3	8	10	10	-1	0	4	-1	-1	-3	-3	-5	-5	-1	5	-1	-7	2	6	-2	1	7	3	15	15	-1	5	-3	-3	-15	-15	-2	3	-11	1	1	1	5	-9	-9	3	3	0	0	-2	4	4	1	3	-5	5	-10	-10	0	0	2	1	1	-5	-5	-4	2	6	-16	-10	-10	4	1	1	-3	-1	6	-4	-3	-3	-13	-13	2	-3	3	-8	-3	-3	0	14	14	6	6	-4	2	
8	1	1	1	-6	-6	-9	-9	-12	7	1	1	14	14	0	-5	-5	4	4	1	0	0	-6	-3	-3	-2	-4	3	-1	-1	-1	-3	-5	-4	-4	7	-4	2	2	-4	-4	-2	2	4	23	23	-5	-5	-10	-10	-7	-5	-3	-4	-4	-3	-3	-3	12	-2	-14	-7	-7	-4	-3	1	-2	-2	-2	5	4	-3	1	1	-25	-19	12	-6	-1	-11	-11	-11	-11	6	6	-2	-2	2	7	7	-5	-5	8	3	-2	-1	13	-7	-7	3	3	-13	-13	0	7	-13	-18	3	3	-7	-4	8	4	4	1	3	0	-2	-2	0	0	-11	-11	2	-5	3	-11	1	2	2	1	4	-1	9	9	1	0	-8	-8	-4	-4	-5	2	-4	5	5	0	3	-8	-8	-2	-2	2	2	-1	-2	-2	-3	6	-3	-4	-8	-8	3	3	-3	0	0	-1	-1	-2	-5	-9	-13	1	1	-1	2	2	-2	0	-1	0	-10	-10	-2	-2	-1	1	3	-6	2	2	1	2	2	9	9	6	5	
21	-14	-14	3	-16	-16	-12	-12	-12	7	-6	-6	6	6	1	-4	-4	-1	-1	0	-1	-1	-31	-8	-8	-3	3	6	-2	-2	-25	11	6	6	6	12	5	-1	-1	-21	-21	-2	-1	20	-10	-10	-13	-13	7	7	-3	2	-5	-7	-7	-7	-7	-5	-1	-24	15	-44	-44	21	1	5	7	7	9	14	-2	8	-26	-26	-5	0	13	-11	8	7	7	1	1	-2	-2	7	7	-8	2	2	-9	-9	7	-2	-4	5	5	15	-9	-40	-40	16	16	-2	-8	9	1	1	1	-4	2	4	29	29	-2	-7	-19	-3	-3	9	9	-8	-8	1	-8	4	-10	-6	-3	-3	0	-1	1	-6	-6	0	0	1	1	0	0	-5	3	5	7	7	-3	8	-5	-5	8	8	-2	-2	-5	-3	-3	3	-1	-22	-3	0	0	-2	-2	-1	-7	-7	-6	-6	-14	5	-27	-9	15	15	1	9	9	-4	9	2	-7	2	2	-5	-5	-7	-7	5	1	-3	-3	-19	4	4	4	4	30	6	
Trial:12
4	-6	-6	2	-5	-5	1	1	-3	6	6	-1	-1	0	0	1	1	-3	-3	3	2	-3	-3	-2	-1	-4	-22	-2	3	2	2	1	1	2	2	-9	1	-8	2	2	6	6	7	-3	1	1	0	-6	1	4	4	19	-5	0	-5	-5	1	4	5	2	-13	7	-1	1	-5	3	3	-12	-19	-5	-5	-4	0	0	3	3	-2	-2	1	1	-3	0	0	-1	1	1	-5	0	0	2	1	-3	7	7	-4	-6	-6	0	-4	-4	-1	-1	2	-2	-4	-4	1	1	-3	8	8	5	5	-10	-3	-3	11	11	1	0	-5	-5	-8	-8	12	2	2	-8	-8	-6	-6	5	5	-11	-11	1	-1	-1	0	0	-2	-3	-6	-6	-3	-3	-1	2	2	-5	-5	-5	-3	5	0	-2	-2	1	-9	3	6	6	4	4	-1	-1	-3	-3	-3	-4	1	-3	-3	-2	-2	1	1	1	1	-5	-5	-2	-2	-2	-3	-3	-2	2	2	5	5	3	-6	-6	-3	-3	-2	0	1	-1	
1	-5	-5	2	-1	-1	0	0	-1	3	3	-1	-1	-4	-4	-1	-1	-3	-3	1	1	0	0	-2	-1	-1	-5	0	-3	-2	-2	0	0	-1	-1	-2	-3	-4	-2	-2	2	2	-3	-4	-1	-1	2	-3	1	-2	-2	0	0	-2	0	0	-3	0	-1	2	2	-4	3	-3	-2	0	0	-2	-5	-2	-2	-4	1	-3	0	0	0	0	-2	-2	0	-2	-2	-3	0	0	-2	-1	-1	0	-2	-3	3	3	-2	-3	-3	-1	-2	-2	0	0	-3	-1	-2	-2	0	0	-4	1	1	-2	-2	-3	-2	-2	2	2	3	1	1	1	-2	-2	3	0	0	-4	-4	-1	-1	-5	-5	-2	-2	1	-3	-3	-2	-2	-1	1	0	0	-4	-4	-1	0	0	-1	-1	-1	-2	2	-1	0	0	-1	-5	2	-1	-1	1	1	0	0	1	1	-2	-2	-1	0	0	-3	-3	-4	-2	-2	-2	1	1	-2	-1	-1	0	0	1	0	0	-1	-1	-3	-1	-1	-4	-4	-3	-4	0	0	
1	-2	-2	0	-1	-1	-1	-1	-4	0	0	1	1	-1	-1	-1	-1	-1	-1	0	2	-1	-1	-2	-3	-2	0	1	-3	0	0	-3	-3	-2	-2	-3	-2	-3	0	0	-1	-1	0	-1	-3	-3	1	-1	1	2	2	0	1	-1	-1	-1	-3	-3	0	1	1	-5	-1	-3	-1	-2	-2	-1	-3	-2	-2	-2	-1	-1	-1	-1	-2	-2	-2	-2	4	-3	-3	-4	-2	-2	-2	-4	-4	-2	0	0	7	7	0	-5	-5	-2	-3	-3	0	0	-2	-2	-1	-1	-1	-1	-4	0	0	-2	-2	-5	-2	-2	2	2	3	1	1	1	-1	-1	3	0	0	-2	-2	-2	-2	-5	-5	-2	-2	-1	-1	-1	-2	-2	0	1	0	0	-5	-5	1	0	0	-1	-1	-1	-3	1	-2	-1	-1	1	-4	2	-1	-1	0	0	2	2	1	1	-2	-2	-1	-2	-2	-2	-2	-1	-3	-3	-3	0	0	-2	0	0	-2	-2	0	-1	-1	-1	-1	-3	-2	-2	-4	-4	-2	-3	0	0	
1	-2	-2	0	-7	-7	1	1	-1	0	0	2	2	-3	-3	-2	-2	-1	-1	0	3	2	2	0	-1	-5	-2	3	-5	0	0	-5	-5	-2	-2	0	-1	-3	0	0	-10	-10	5	3	-3	-3	4	0	-1	5	5	-3	2	-1	-1	-1	-2	-1	3	0	0	-3	-2	-5	-5	-1	-1	1	-4	2	2	2	-4	-3	0	0	0	0	-4	-4	7	-2	-2	-3	-5	-5	-5	-6	-6	1	-2	0	5	5	-3	-2	-2	1	-5	-5	-1	-1	1	1	-2	-2	-2	-2	0	2	2	-1	-1	-5	-1	-1	1	1	-2	1	1	1	0	0	0	-1	-1	-2	-2	-3	-3	-4	-4	-2	-2	-2	1	1	-3	-3	2	2	-1	-1	-2	-2	3	-3	-3	0	0	0	-2	-1	-2	-1	-1	1	-2	1	-2	-2	-1	-1	2	2	0	0	-4	-5	1	-2	-2	0	0	1	-4	-4	-4	-1	-1	-2	2	2	-3	-3	0	-3	-3	-1	-1	-2	-1	-1	-4	-4	-1	-1	-2	3	
9	2	2	3	-5	-5	19	19	8	-7	-7	-3	-3	0	0	-1	-1	1	1	-3	10	3	3	1	-1	-43	-5	17	-15	-2	-2	-46	-46	10	10	5	7	-1	13	13	-24	-24	16	19	-2	-2	7	0	-7	23	23	6	6	-1	-6	-6	-10	3	1	2	-6	-2	0	-23	-1	-1	-1	3	-5	2	2	-1	0	-5	20	20	6	6	-9	-9	16	-7	-7	-5	-10	-10	-11	-4	-4	-2	-5	15	7	7	-4	0	0	-10	-17	-17	-4	-4	5	7	-3	-3	-22	-22	3	7	7	0	0	-1	0	0	3	3	1	18	2	2	-7	-7	3	-6	-6	-7	-7	-7	-7	-10	-10	3	3	-7	11	11	-3	-3	18	2	-6	-6	-11	-11	9	-11	-11	7	7	7	-2	-4	-2	-5	-5	2	10	3	-14	-14	7	7	0	0	-1	-1	-4	-5	0	-9	-9	7	7	0	-5	-5	-5	5	5	1	0	0	0	0	4	-7	-7	0	0	1	-4	-4	-7	-7	-3	1	-5	6	
-4	-4	-4	-4	3	3	-4	-4	7	-6	-6	17	17	-6	-6	-5	-5	-2	-2	6	2	6	6	-6	-5	-19	-1	3	-18	5	5	-9	-9	-1	-1	-7	-5	-2	12	12	-17	-17	4	8	-8	-8	9	-6	-5	9	9	11	-2	3	-1	-1	-3	4	-4	2	4	-7	0	-6	-6	-1	-1	-3	-3	-4	-4	-4	-8	10	-1	-1	-3	-3	-12	-12	7	-3	-3	-1	-1	-1	-8	12	12	-1	2	6	-2	-2	-6	-1	-1	1	-9	-9	-9	-9	5	6	-6	-6	-2	-2	0	3	3	-2	-2	-2	0	0	3	3	-2	4	-12	-12	7	7	-3	-5	-5	-3	-3	-2	-2	-9	-9	4	4	-2	0	0	0	0	-1	-4	-1	-1	0	0	3	-12	-12	1	1	1	3	-4	0	-12	-12	0	0	-1	0	0	0	0	3	3	-2	-2	-2	-4	-6	-1	-1	6	6	0	5	5	5	0	0	1	-2	-2	0	0	2	0	0	1	1	-3	-9	-9	-1	-1	-4	9	-5	0	
-1	-13	-13	-3	5	5	5	5	1	-7	-7	3	3	-6	-6	3	3	-4	-4	8	1	1	1	-5	-3	-6	-2	-2	-8	4	4	4	4	7	7	-5	-6	9	-7	-7	-9	-9	-7	14	-9	-9	2	-4	-10	1	1	2	-5	-3	-1	-1	-4	3	7	1	-10	3	-8	5	5	-3	-3	0	3	-4	-4	11	-8	5	0	0	-4	-4	0	0	-3	-5	-5	2	2	2	-7	-6	-6	-4	5	2	1	1	1	-2	-2	5	-1	-1	-5	-5	3	4	0	0	-9	-9	0	-5	-5	3	3	4	3	3	-3	-3	-1	-10	-8	-8	3	3	-1	1	1	-5	-5	1	1	-4	-4	4	4	-9	-4	-4	2	2	3	-5	-5	-5	1	1	3	-1	-1	10	10	10	1	-2	-10	-10	-10	0	-3	-16	13	13	0	0	5	5	-3	-3	7	0	-9	-1	-1	5	5	6	-1	-1	-1	-4	-4	9	-4	-4	-3	-3	-5	-4	-4	2	2	2	7	7	-2	-2	4	-2	-2	-2	
-27	-48	-48	15	8	8	-10	-10	2	8	8	16	16	9	9	5	5	-13	-13	1	6	-15	-15	-7	15	-5	-12	-1	-15	-2	-2	7	7	41	41	2	6	13	-22	-22	-11	-11	12	-4	-15	-15	12	-4	-18	4	4	24	-2	13	-12	-12	-15	13	6	1	-22	-5	-23	32	9	15	15	2	-17	5	5	10	-4	9	-3	-3	-1	-1	29	29	-5	-16	-16	7	17	17	-31	-9	-9	-7	12	-8	-11	-11	-16	-8	-8	24	5	5	2	2	0	0	-7	-7	-11	-11	-2	4	4	17	17	-22	-8	-8	13	13	-5	-1	-11	-11	-18	-18	-4	7	7	35	35	-9	-9	13	13	-12	-12	-11	-7	-7	-3	-3	-14	-9	-42	-42	8	8	6	17	17	10	10	10	-7	0	-31	6	6	3	12	-3	11	11	10	10	-19	-19	-6	-6	31	-2	10	-5	-5	-9	-9	18	-6	-6	-6	24	24	-4	-2	-2	-8	-8	-26	20	20	14	14	5	-8	-8	-4	-4	10	-11	0	-5	
Trial:13
1	0	0	-16	4	0	4	4	-2	4	0	0	1	1	0	-9	8	-27	-27	1	-16	0	8	1	1	2	0	1	-2	-2	-5	6	-5	-11	-11	3	3	4	4	0	-3	-21	-21	8	6	6	4	4	-3	-1	3	3	2	2	4	0	-1	-3	-3	-4	-4	2	2	-3	-3	8	2	-3	-4	-4	-12	-3	4	-1	5	-2	-2	5	5	-4	-4	11	-5	-1	-7	-7	0	0	-2	-2	0	0	-11	-7	2	4	4	-2	-1	0	1	1	-11	-11	1	1	-5	9	-1	-1	-1	-1	-1	1	-1	4	-4	0	0	3	3	-2	-2	-3	-1	4	4	-1	-1	-1	14	14	3	-3	-3	-3	-6	-6	-5	-2	-2	-1	-1	0	1	1	-5	-5	-5	-8	-3	-3	8	8	4	-5	-5	-5	6	6	-8	-6	-6	4	4	-15	0	0	-16	3	0	-14	3	5	1	1	-3	7	-10	-10	2	2	-8	0	5	-1	-1	5	1	13	-4	-4	-4	-3	-2	0	-2	-2	6	2	
-2	0	0	-5	0	1	1	1	3	-6	-1	-1	-3	-3	-4	-7	5	-7	-7	-2	0	-1	6	2	2	-3	1	1	-1	-1	-1	-1	-2	-2	-2	1	1	-1	-1	-2	-1	-4	-4	0	-1	-1	1	1	-2	-2	-3	-3	-1	-1	0	-1	-2	1	1	-4	-4	-1	-1	0	0	0	0	-2	0	0	-2	0	-1	-1	1	-1	-1	-1	-1	-2	-2	3	-2	-1	-3	-3	0	-1	1	1	-2	-2	-2	-1	-2	-1	-1	-2	2	-1	-1	-1	-2	-2	0	0	0	2	-2	-2	2	-1	-1	-3	-3	0	-5	0	0	0	0	-3	-3	-1	-3	-1	-1	-1	0	0	1	1	-1	-1	-1	-1	-3	-3	-3	-1	-1	0	0	0	-1	-1	-1	-1	-1	-1	-4	-4	1	1	1	-2	-2	-2	2	2	-3	-2	-2	-2	-2	-1	-1	-1	-3	-1	-2	-1	-1	0	-4	-4	-1	3	-2	-2	-3	-3	-2	-2	1	-3	-3	-1	-2	2	-4	-4	-2	-1	0	1	0	0	-1	-1	
-7	-2	-2	1	-1	0	-2	-2	1	-3	-1	-1	-1	-1	-1	0	5	-7	-7	-4	-4	0	1	-1	-1	-1	1	-3	-2	-2	-2	-3	-3	-1	-1	-1	-1	-2	-2	2	-5	-3	-3	-2	4	4	-2	-2	-1	-1	-2	-2	-3	-3	-2	0	1	1	1	-3	-3	-1	-1	-2	-2	-1	-1	0	-9	-9	0	-3	-1	0	0	-1	-1	1	1	-1	-1	1	-3	-4	-3	-3	-2	3	3	3	3	3	-2	-4	0	-3	-3	-1	1	-2	1	1	-1	-1	0	0	2	-1	2	2	-4	-2	-2	-3	-1	0	-8	-1	-1	-1	-1	1	1	-5	4	0	0	0	1	1	0	0	1	-1	-1	-1	0	0	-4	-1	-1	-1	-1	-3	-1	-1	3	3	3	-2	-5	-5	0	0	5	-3	-3	-3	1	1	-7	-3	-3	0	0	-1	1	1	-7	2	-1	-1	-2	-3	-3	-3	0	4	2	2	-5	-5	-1	-3	-4	-2	-2	0	-4	4	-3	-3	3	2	1	-2	1	1	-1	2	
-9	-2	-2	1	0	3	-2	-2	-2	-1	1	1	0	0	2	-1	0	-5	-5	-3	-2	-4	2	-2	-2	1	-2	1	-1	-1	-3	0	-1	0	0	-3	-3	-2	-2	4	-3	-4	-4	-3	1	1	-5	-5	-2	-1	-1	-1	1	1	-3	0	1	0	0	-3	-3	-1	-1	-1	-1	5	0	1	-3	-3	-1	-1	-3	-2	-1	-2	-2	-1	-1	0	0	0	2	-2	-3	-3	2	-1	2	2	-1	-1	0	-1	-2	-5	-5	0	0	0	-2	-2	-1	-1	0	0	2	0	-2	-2	-2	-1	-1	-3	-1	-1	-1	-1	-1	1	1	2	2	-4	0	-4	-4	-1	-3	-3	-3	-3	-2	1	1	1	-3	-3	-1	-1	-1	-1	-1	2	2	2	0	0	0	-5	-2	-2	1	1	1	3	3	3	1	1	-2	-4	-4	-1	-1	-2	0	0	1	-10	1	4	0	-1	-4	-4	1	3	-1	-1	0	0	-1	-2	4	-3	-3	3	2	-2	-2	-2	3	-1	1	2	-2	-2	1	-2	
-18	2	2	-6	-8	3	3	3	-15	2	11	11	15	15	17	1	-12	-7	-7	-7	-6	-8	9	0	0	-10	0	14	-6	-6	-9	17	-1	8	8	-5	-5	-2	-2	10	-8	-10	-10	-4	3	3	-28	-28	7	-3	-1	-1	11	11	-5	4	15	0	0	-6	-6	-4	-4	-9	-9	26	9	6	-4	-4	-11	2	-6	3	-12	12	12	1	1	0	0	7	10	-1	-5	-5	-7	-4	-1	-1	-29	-29	12	-7	1	-12	-12	7	4	5	4	4	2	2	9	9	6	4	-3	-3	-6	-1	-1	-14	-5	8	0	-1	-1	1	1	1	1	-4	-5	-10	-10	2	0	0	-38	-38	-11	12	12	12	0	0	9	7	7	9	9	4	4	4	3	3	3	-38	-2	-2	7	7	0	15	15	15	6	6	5	-2	-2	0	0	-2	-3	-3	7	-23	20	10	21	1	-3	-3	1	-5	-1	-1	-4	-4	-7	2	23	-4	-4	-1	5	-5	-2	-2	8	0	5	3	-1	-1	9	6	
-7	3	3	0	-3	-3	-2	-2	-6	2	2	2	4	4	7	-4	-2	-2	-2	0	-6	-12	-6	-7	-7	0	3	3	1	1	-3	-3	2	4	4	-3	-3	-2	-2	8	-5	4	4	-6	0	0	-7	-7	-1	0	2	2	1	1	-1	2	-6	2	2	-1	-1	-2	-2	0	0	-4	6	-1	-1	-1	3	2	2	-2	3	-5	-5	2	2	2	2	-4	4	-5	-9	-9	-5	-6	1	1	2	2	5	-8	1	-7	-7	-2	3	2	-3	-3	2	2	-2	-2	3	-6	5	5	0	-3	-3	-5	-2	-1	0	-6	-6	1	1	0	0	0	-5	-6	-6	0	-5	-5	-8	-8	0	9	9	9	-2	-2	-4	1	1	3	3	1	3	3	4	4	4	-2	3	3	-2	-2	2	-2	-2	-2	1	1	-11	0	0	-4	-4	5	-2	-2	5	-4	1	8	4	-5	2	2	-1	-3	8	8	-4	-4	-3	7	0	-4	-4	-2	-9	-7	-3	-3	16	0	5	0	-2	-2	10	-4	
-3	2	2	-1	5	-1	-2	-2	-1	6	2	2	-2	-2	-2	-3	5	-3	-3	5	0	-2	0	-5	-5	-4	3	-1	-5	-5	-1	-4	-4	-4	-4	-2	-2	2	2	3	-7	0	0	-1	1	1	-4	-4	-1	-4	3	3	1	1	-8	0	0	5	5	-11	-11	1	1	3	3	3	-1	0	-1	-1	3	-6	-10	1	1	0	0	0	0	-15	-15	1	5	4	4	4	0	-1	-2	-2	2	2	-8	-1	-2	-1	-1	-8	0	4	-3	-3	5	5	1	1	5	-1	-12	-12	2	6	6	-1	-1	1	1	1	1	0	0	-3	-3	-5	2	-3	-3	-1	0	0	3	3	4	0	0	0	1	1	2	-6	-6	1	1	0	0	0	-5	-5	-5	0	-12	-12	0	0	1	7	7	7	1	1	-4	-9	-9	5	5	-9	3	3	3	2	3	0	0	4	7	7	-6	-4	1	1	-6	-6	-3	5	4	-7	-7	-4	-2	-4	-6	-6	6	-1	-1	3	-2	-2	-4	-2	
0	11	11	2	7	-6	9	9	-9	-26	-8	-8	7	7	20	-19	-3	-22	-22	11	-14	-2	1	0	0	-5	6	-2	-3	-3	6	-1	-1	-19	-19	-2	-2	-3	-3	15	-9	-13	-13	9	9	9	4	4	-4	-8	-27	-27	2	2	-36	3	12	22	22	5	5	4	4	1	1	-9	-3	-12	6	6	1	-34	-47	9	16	5	5	17	17	-31	-31	-5	9	8	8	8	-2	0	13	13	2	2	-7	-20	37	3	3	-39	-12	-4	21	21	5	5	-11	-11	26	16	-5	-5	-26	7	7	3	-6	3	-2	-5	-5	9	9	-7	-7	-14	36	-1	-1	-22	11	11	6	6	21	0	0	0	1	1	4	-2	-2	-3	-3	-26	6	6	7	7	7	-7	8	8	-3	-3	-2	17	17	17	7	7	-14	-20	-20	10	10	-39	14	14	-8	10	-6	5	-1	10	52	52	-13	0	-6	-6	-27	-27	-1	4	5	-1	-1	-27	-11	-2	7	7	0	-17	-16	11	-4	-4	1	-13	
Trial:14
-14	-14	9	-7	-1	3	3	-2	-2	2	2	2	2	-3	13	-3	7	7	-3	-1	-1	4	4	2	-2	-3	-3	-12	-12	7	10	-1	-3	-3	-3	-2	-13	-13	4	-3	-5	3	5	-2	-2	-7	1	8	13	13	1	1	7	-6	-3	-3	-2	-2	-2	12	12	-3	-4	-4	-2	-8	-8	12	12	-7	-3	-3	-3	-2	-2	-1	-8	-8	-8	0	-3	-5	-5	21	21	2	0	-5	-5	-3	-3	-4	13	13	0	0	3	-6	-5	-5	-3	-3	-12	3	-1	-5	-9	-9	-2	-4	-4	-3	-3	2	2	0	0	10	10	0	-2	-2	1	-2	-2	-2	0	6	1	1	-4	-4	-1	-1	-5	-5	3	4	11	-1	-1	-4	-4	-9	-9	-20	-20	3	-11	-22	-22	6	6	6	6	0	1	1	6	6	-1	-1	3	3	-4	-4	-9	6	6	-5	-5	2	2	-6	-6	-9	-9	4	-2	-2	6	6	2	3	-8	-8	4	4	-2	2	3	-1	-1	-7	4	13	3	3	-5	4	
-4	-4	3	-3	-4	-4	-4	-2	1	-2	-2	5	5	-7	1	-5	1	1	1	-2	1	7	7	-3	-1	-2	-2	-4	-4	-2	-2	-2	-3	-3	2	-4	-5	-5	3	-2	-6	1	0	-1	-1	0	0	-1	4	4	3	3	2	-5	-8	-8	0	0	1	-3	-3	-2	-4	-4	-1	-1	-1	2	2	1	-3	-3	-2	-4	-4	-1	-1	-1	-1	1	-2	-4	-4	5	5	1	-2	1	1	-3	-3	1	5	5	0	0	-4	-1	2	2	-2	-2	-4	3	1	-5	0	0	-6	-1	-1	-4	-4	-3	-3	2	2	2	2	-1	-3	-3	-1	0	0	-1	-1	-4	1	1	-2	-2	-1	-1	-2	-2	2	-1	1	-6	-6	2	2	-3	-3	-5	-5	-4	-6	-2	-2	-5	-5	2	2	2	0	0	3	3	1	1	0	0	-2	-2	-1	-1	-1	-2	-2	-2	-2	-3	-3	-4	-4	0	1	1	1	1	1	2	-2	-2	0	0	-4	0	-2	-1	-1	-3	-1	1	5	5	-3	4	
-5	-5	2	0	-2	-6	-6	-5	0	-1	-1	1	1	-6	-2	-2	-3	-3	4	-4	-1	4	4	-6	-1	-2	-2	0	0	-5	2	-3	2	2	0	-13	-2	-2	3	-4	0	0	-8	-2	-2	5	1	0	-2	-2	5	5	1	-8	-7	-7	-7	-7	-2	-2	-2	-6	3	3	0	-1	-1	5	5	0	-8	-8	4	-2	-2	-7	3	3	3	4	1	-3	-3	3	3	0	0	-4	-4	0	0	3	3	3	-1	-1	-10	1	1	1	-4	-4	-2	3	1	4	-2	-2	-7	1	1	-3	-3	0	0	0	0	0	0	-9	-7	-7	-3	2	2	0	-2	0	0	0	2	2	-2	-2	-3	-3	-5	2	0	-1	-1	1	1	2	2	-3	-3	-2	-6	0	0	-5	-5	3	3	-1	6	6	-3	-3	-2	-2	4	4	-4	-4	-2	-5	-5	-3	-3	-2	-2	-5	-5	0	0	-1	3	3	0	0	-3	0	-2	-2	-3	-3	3	1	-4	-1	-1	-5	-1	-1	1	1	3	2	
2	2	-6	-6	0	-7	-7	-4	1	-1	-1	1	1	-12	-4	-6	9	9	4	-4	-3	5	5	-3	-2	-3	-3	-4	-4	1	-4	1	-2	-2	2	-8	-9	-9	-1	-8	5	2	-1	-5	-5	-3	0	3	-5	-5	-2	-2	4	1	-5	-5	-2	-2	3	-2	-2	-4	-1	-1	4	2	2	-2	-2	2	-3	-3	-4	-2	-2	-9	6	6	6	-4	-4	0	0	1	1	3	3	2	2	2	2	-1	1	1	1	1	-7	-4	-2	-2	2	2	4	0	2	4	-11	-11	1	-3	-3	-2	-2	3	3	2	2	-2	-2	-9	-13	-13	-2	4	4	4	-2	-2	3	3	-2	-2	-2	-2	-1	-1	-1	3	0	-5	-5	-2	-2	-2	-2	-3	-3	-1	-5	1	1	0	0	2	2	-2	2	2	-1	-1	0	0	-2	-2	0	0	-2	1	1	-5	-5	-3	-3	-5	-5	4	4	-3	-3	-3	2	2	-1	3	-2	-2	-4	-4	0	3	-5	2	2	-10	-1	4	0	0	-1	0	
13	13	-13	-10	18	-13	-13	-9	10	-5	-5	6	6	-25	-3	-13	16	16	11	-4	0	12	12	-6	-2	-12	-12	-6	-6	6	-1	-11	1	1	-4	-17	-1	-1	1	-9	8	3	5	-11	-11	-17	14	33	-7	-7	-15	-15	15	12	-15	-15	-4	-4	0	1	1	-7	10	10	14	7	7	3	3	7	-11	-11	8	-10	-10	-27	10	10	10	-5	-15	23	23	-1	-1	-4	5	4	4	11	11	-11	7	7	-8	-8	-12	-4	-37	-37	7	7	20	-3	15	5	-40	-40	15	12	12	7	7	8	8	-3	-3	-12	-12	-14	-22	-22	3	6	6	0	10	-15	6	6	0	0	0	0	4	4	-2	-1	4	-6	-6	-2	-2	-5	-5	6	6	2	-3	3	3	16	16	-2	-2	-5	3	3	0	0	-12	-12	-5	-5	7	7	3	4	4	-12	-12	-21	-21	-7	-7	3	3	3	-7	-7	6	6	-6	13	3	3	-10	-10	4	14	-12	5	5	-10	-7	4	0	0	4	-7	
7	7	-7	-4	7	-6	-6	-7	4	4	4	11	11	-12	18	-20	7	7	-10	-10	-14	20	20	-9	6	-12	-12	4	4	-13	9	9	-14	-14	-5	1	-6	-6	10	-13	12	8	8	-17	-17	4	-7	-2	-12	-12	-5	-5	9	-7	-5	-5	3	3	12	-7	-7	16	-8	-8	-2	-19	-19	7	7	13	0	0	-10	3	3	-2	16	16	16	-8	-6	0	0	0	0	0	15	5	5	9	9	1	-2	-2	-1	-1	0	-10	-11	-11	4	4	-2	-6	6	0	-11	-11	-4	-9	-9	7	7	-2	-2	10	10	-13	-13	-4	-12	-12	2	4	4	3	-3	1	4	4	-4	-4	-6	-6	-8	-8	8	4	-1	2	2	-15	-15	-6	-6	0	0	11	6	-2	-2	-1	-1	3	3	4	4	4	9	9	6	6	-5	-5	-4	-4	2	1	1	-10	-10	-3	-3	-7	-7	7	7	0	-2	-2	-2	-2	2	-2	-7	-7	-4	-4	10	19	-9	-7	-7	-19	-5	8	-1	-1	-3	-9	
0	0	-1	6	-2	0	0	-3	-5	9	9	0	0	-14	-3	-3	-5	-5	-9	8	-5	-1	-1	0	6	1	1	-3	-3	0	4	9	2	2	-7	3	-4	-4	-8	-7	7	-5	5	-5	-5	-10	-3	4	-3	-3	-14	-14	4	-19	14	14	1	1	4	9	9	-8	-1	-1	3	-12	-12	3	3	3	-4	-4	-10	4	4	-1	8	8	8	-9	-1	4	4	7	7	3	2	2	2	2	2	-4	-7	-7	4	4	-2	-6	-13	-13	3	3	-10	1	3	-3	-4	-4	2	2	2	3	3	1	1	-1	-1	-9	-9	-4	1	1	3	-1	-1	6	-1	-2	0	0	-8	-8	-3	-3	-3	-3	2	4	4	8	8	-19	-19	3	3	1	1	10	-1	3	3	3	3	-11	-11	-12	0	0	-3	-3	4	4	-2	-2	3	3	-8	0	0	-4	-4	-4	-4	10	10	11	11	-3	-6	-6	-1	-1	-7	-3	-8	-8	-14	-14	6	-1	-11	5	5	-3	-2	13	1	1	0	-7	
-10	-10	5	-10	-11	14	14	-8	-10	3	3	0	0	-12	-2	-11	7	7	-2	22	0	7	7	-8	-1	19	19	-7	-7	-2	46	-13	-4	-4	-11	-6	-28	-28	-4	-8	9	23	10	0	0	-15	-17	24	-9	-9	-2	-2	10	-29	17	17	3	3	19	21	21	-4	-5	-5	-4	-13	-13	-3	-3	-18	10	10	-15	4	4	-7	9	9	9	0	-18	9	9	19	19	16	-8	1	1	4	4	0	5	5	13	13	-2	2	-21	-21	-5	-5	-17	-5	17	-1	-29	-29	-5	-10	-10	8	8	3	3	-2	-2	-14	-14	5	1	1	21	4	4	13	4	15	-3	-3	1	1	-5	-5	-13	-13	-13	-10	3	7	7	-1	-1	-3	-3	6	6	-10	-1	-5	-5	25	25	-14	-14	-13	8	8	-7	-7	4	4	1	1	8	8	6	-3	-3	-14	-14	-7	-7	-5	-5	18	18	-3	-3	-3	-6	-6	3	-2	3	3	-25	-25	5	-7	-23	4	4	-4	-1	9	13	13	-7	-3	
Trial:15
1	5	5	-7	-1	-2	-2	-12	-12	1	1	18	-12	-12	-5	-5	-2	-1	-1	-20	-20	5	5	-8	-8	-1	-1	-2	0	0	4	4	-1	2	2	-5	-16	-16	-5	15	15	3	3	-6	-1	-1	2	2	2	1	12	12	8	8	-3	2	2	17	17	-32	-32	-2	-2	8	8	4	-21	-21	-7	-7	-4	-4	-25	-25	6	6	-2	-3	-3	-2	-2	1	1	0	0	8	8	7	0	0	-11	-11	-2	-3	-19	-19	-2	-2	-1	21	1	-5	-5	-13	-13	5	5	7	7	0	9	-2	15	15	-1	-14	-6	-6	6	6	5	0	-8	11	11	-8	-8	-7	-4	-4	-4	-17	-17	6	-4	-4	0	0	2	-1	-1	2	2	2	-4	1	1	1	1	6	5	5	5	3	3	0	3	-6	13	13	-3	6	-6	-6	-7	-7	13	0	2	-11	-11	-1	3	-5	-5	-7	-7	4	-3	-2	-3	-3	1	4	0	-4	-2	-2	-3	1	-5	10	10	-2	-2	0	-6	-6	-7	-1	
0	5	5	-3	-2	-1	-1	-5	-5	12	-2	1	-6	-6	-7	-7	-7	9	9	-10	-10	-2	-2	-2	-2	-3	-3	-1	-1	-1	0	0	-2	1	1	-2	-3	-3	-3	1	1	-2	-2	-1	-1	-1	0	0	0	1	-2	-2	2	2	-1	-1	-1	3	3	-8	-8	-2	-2	0	0	-2	-5	-5	-1	-1	1	1	-6	-6	0	0	0	-4	-4	1	1	0	0	-5	-5	4	4	1	2	2	-3	-3	-2	-3	-2	-2	-2	-2	-2	6	10	-5	-5	-1	-1	0	0	7	7	-7	3	-6	2	2	2	-2	-8	-8	0	0	-1	-2	-2	1	1	-6	-6	0	-4	-4	-4	-4	-4	-1	2	2	0	0	-2	-3	-3	-1	-1	-1	-3	-1	-1	1	1	1	0	0	0	1	1	-4	-1	-3	0	0	-2	-1	-2	-2	-1	-1	4	-1	-2	-1	-1	0	7	-3	-3	0	0	0	-4	-2	3	3	-2	-3	0	-2	-4	-4	-1	0	-2	2	2	-2	-2	-1	-4	-4	-3	1	
-2	3	3	-2	4	-4	-4	-10	-10	7	-2	0	-5	-5	-5	-5	-3	7	7	-5	-5	-4	-4	1	1	-1	-1	4	-4	-4	-5	-5	-2	0	0	-1	1	1	-2	-1	-1	0	0	-2	-1	-1	-3	-3	-3	1	-2	-2	-1	-1	2	1	1	0	0	-6	-6	-3	-3	1	1	-2	-2	-2	0	0	-1	-1	0	0	-4	-4	1	-4	-4	0	0	-2	-2	-4	-4	1	1	2	1	1	5	5	-2	-1	-6	-6	0	0	-4	0	-1	1	1	1	1	-4	-4	6	6	-2	3	-4	0	0	2	-1	-2	-2	2	2	0	-4	-2	-4	-4	-4	-4	-2	0	0	0	-2	-2	-5	2	2	2	2	-3	-1	-1	-2	-2	-2	-1	-1	-1	0	0	0	-2	-2	-2	1	1	-3	-4	-9	-2	-2	-1	-2	-1	-1	-1	-1	5	-3	1	0	0	-3	2	-3	-3	-2	-2	0	-6	1	0	0	-2	-1	0	-6	-3	-3	2	-1	-4	2	2	1	1	0	-4	-4	-8	8	
-1	0	0	-6	6	-2	-2	-2	-2	3	-1	-3	0	0	-7	-7	-4	1	1	-4	-4	-4	-4	1	1	-1	-1	8	-7	-7	-3	-3	0	0	0	0	4	4	-5	-2	-2	0	0	-2	4	4	-5	-5	-5	6	-3	-3	0	0	1	-2	-2	2	2	-8	-8	0	0	2	2	-4	-3	-3	2	2	1	1	0	0	-7	-7	-1	-3	-3	-1	-1	-1	-1	-5	-5	-5	-5	3	-2	-2	6	6	1	-1	-6	-6	0	0	-3	-1	-5	7	7	1	1	-3	-3	3	3	0	-5	-3	-2	-2	3	-5	0	0	2	2	4	0	-2	-8	-8	-1	-1	-5	-4	-4	-4	-1	-1	-5	1	1	2	2	-4	1	1	-3	-3	-3	2	-1	-1	-1	-1	0	-3	-3	-3	-2	-2	1	-2	-2	-8	-8	1	0	-5	-5	-3	-3	5	2	5	3	3	-4	-4	-2	-2	-8	-8	0	-7	3	-4	-4	0	-4	0	-5	-3	-3	2	-1	-3	1	1	4	4	3	-6	-6	-1	14	
16	5	5	-12	15	-3	-3	0	0	-5	6	2	-3	-3	-29	-29	-8	4	4	-21	-21	11	11	7	7	-7	-7	17	-14	-14	-19	-19	13	13	13	7	11	11	-17	-18	-18	8	8	-1	14	14	-6	-6	-6	11	-11	-11	-1	-1	10	-7	-7	1	1	-12	-12	0	0	16	16	-5	0	0	7	7	-5	-5	6	6	0	0	-10	-11	-11	-20	-20	0	0	-26	-26	-8	-8	22	-26	-26	24	24	13	5	-11	-11	0	0	-5	3	-23	33	33	2	2	-3	-3	6	6	8	1	-22	2	2	15	-8	6	6	9	9	8	-7	0	-12	-12	12	12	-4	-13	-13	-13	-4	-4	-7	-4	-4	9	9	-11	8	8	-5	-5	-5	-4	7	7	-9	-9	-1	-5	-5	-5	-5	-5	-5	1	4	-15	-15	4	5	-22	-22	-2	-2	14	13	17	15	15	-6	-11	1	1	-13	-13	3	-13	15	-16	-16	0	12	-3	-10	-8	-8	7	3	-7	5	5	9	9	7	-32	-32	0	31	
6	10	10	-13	14	-5	-5	0	0	-8	4	-6	-21	-21	-16	-16	-3	-14	-14	16	16	-3	-3	5	5	-4	-4	14	-5	-5	-6	-6	-4	7	7	1	7	7	-14	-6	-6	6	6	-5	5	5	-20	-20	-20	6	12	12	6	6	-2	1	1	4	4	-26	-26	-13	-13	1	1	0	-11	-11	6	6	9	9	5	5	-2	-2	-16	-7	-7	3	3	-8	-8	-2	-2	-14	-14	20	12	12	9	9	2	9	-16	-16	-13	-13	-1	4	-8	22	22	-16	-16	4	4	9	9	-2	-3	-10	-2	-2	15	-6	0	0	-10	-10	10	6	11	-11	-11	-15	-15	-4	-12	-12	-12	4	4	4	10	10	-3	-3	-8	0	0	-7	-7	-7	3	3	3	3	3	-4	0	0	0	3	3	6	-4	0	-11	-11	4	11	-8	-8	-10	-10	4	-9	1	9	9	-6	0	6	6	-26	-26	-11	-8	8	-8	-8	-4	-9	2	7	4	4	9	-1	-8	6	6	9	9	9	0	0	0	22	
14	3	3	-3	-3	1	1	2	2	-5	-3	0	6	6	0	0	-4	-39	-39	16	16	3	3	4	4	0	0	3	3	3	-2	-2	-2	4	4	2	5	5	-4	1	1	3	3	-1	-5	-5	-6	-6	-6	-2	-4	-4	1	1	-1	0	0	1	1	-3	-3	-4	-4	0	0	-2	2	2	2	2	-6	-6	-5	-5	-2	-2	-7	3	3	-7	-7	1	1	-5	-5	-1	-1	7	-2	-2	0	0	1	4	-3	-3	0	0	-2	4	0	3	3	-14	-14	0	0	4	4	1	-3	-4	-1	-1	5	0	2	2	-4	-4	-3	7	-1	-2	-2	1	1	3	-1	-1	-1	2	2	2	1	1	-7	-7	0	3	3	-6	-6	-6	6	3	3	-1	-1	-5	-5	-5	-5	1	1	4	-2	-1	-5	-5	1	6	-9	-9	-6	-6	-7	1	-3	-2	-2	2	-9	5	5	-12	-12	-1	-3	1	-5	-5	1	5	0	6	4	4	3	-1	-5	-1	-1	4	4	3	-1	-1	-4	14	
24	14	14	-18	-23	-2	-2	0	0	-6	-7	1	-1	-1	-2	-2	-6	-13	-13	-4	-4	8	8	-1	-1	-5	-5	-2	17	17	3	3	-3	16	16	-18	-8	-8	5	1	1	-6	-6	-6	-9	-9	13	13	13	-6	-26	-26	8	8	3	-2	-2	5	5	-6	-6	-16	-16	15	15	-1	-8	-8	4	4	-15	-15	-2	-2	-3	-3	0	5	5	-10	-10	18	18	17	17	-7	-7	14	-25	-25	-5	-5	-4	14	-37	-37	3	3	22	1	0	-7	-7	-31	-31	10	10	-7	-7	11	1	12	-1	-1	-11	-4	-7	-7	15	15	5	20	-8	11	11	-8	-8	-11	4	4	4	1	1	40	-7	-7	-4	-4	-5	9	9	-4	-4	-4	-4	17	17	0	0	-5	-24	-24	-24	11	11	25	-3	-14	10	10	-2	-3	10	10	-17	-17	-4	-1	-12	-29	-29	-1	14	3	3	-14	-14	10	1	-6	-7	-7	29	42	3	1	0	0	-12	21	-3	18	18	-7	-7	-10	-7	-7	-21	-5	
Trial:16
1	1	-3	15	15	-1	-1	-1	-12	-2	-2	-7	4	-3	-3	2	2	-7	-4	-4	7	7	-3	-3	-2	-1	4	4	2	2	1	-21	-21	9	9	-1	0	0	-3	-14	-14	7	-1	-1	-3	-3	16	-2	-2	-1	-1	-4	-4	-11	-11	-1	-1	0	0	0	0	0	3	10	10	-6	1	3	-4	-1	-1	-4	-4	-14	-3	8	1	1	2	2	-3	-3	-25	-25	-3	-11	13	5	5	2	5	0	0	3	3	0	-6	-2	-4	-4	-16	-1	6	-3	-3	-22	12	1	1	-2	-2	-2	-2	-9	1	1	1	3	3	2	5	5	-9	-9	1	-7	-7	0	0	-9	-9	0	5	5	15	15	2	2	-7	-7	-5	-2	-3	-8	-8	0	2	-4	3	0	0	3	-13	-13	0	0	3	-14	-3	-15	5	-2	1	-1	-1	-17	-17	5	5	5	1	1	11	-2	-7	-14	-14	3	20	0	-2	-2	13	2	3	3	-12	-12	1	-7	0	0	-2	-2	2	2	-4	5	5	-7	
-4	-4	-1	5	5	-3	-3	-3	-4	-3	-3	-6	-4	3	3	2	2	-2	-3	-3	4	4	-5	-5	-2	-3	-2	-2	0	0	-1	-6	-6	0	0	-1	2	2	4	-5	-5	1	-1	-1	-3	-3	5	2	2	-4	-4	-3	-3	-4	-4	-1	-1	2	-1	-1	2	2	-2	-3	-3	-2	1	-4	-1	-4	-4	0	0	-1	-3	5	0	0	0	0	-4	-4	-5	-5	-6	-5	2	-1	-1	-1	-2	-2	-2	-2	-2	0	-3	-2	-2	-2	-6	-2	5	-4	-4	0	-1	3	3	1	1	-3	-3	-3	-2	-2	-2	3	3	7	-1	-1	-4	-4	-2	0	0	-1	-1	-4	-4	-1	2	2	-3	-3	-2	-2	-1	-1	-1	-3	0	-3	-3	1	-1	-2	1	4	-2	-2	-1	-1	-10	-10	2	1	-3	-1	2	-5	1	3	3	-2	-2	-4	2	2	-1	-1	0	-1	0	-4	-4	0	3	-4	-3	-3	-1	2	-1	-1	-2	-2	-1	-4	-2	-2	1	-4	4	4	-3	1	1	-1	
-5	-5	-2	3	3	0	0	0	-4	-1	-1	-1	-8	1	1	1	1	-4	-4	-4	4	4	-6	-6	0	-2	-1	-1	-1	-1	-2	-3	-3	1	1	-3	5	5	1	-4	-4	-2	-2	-2	-2	-2	3	4	4	-3	-3	-3	-3	-2	-2	-4	-4	4	-1	-1	3	3	0	-3	-3	-2	0	-3	0	-6	-6	0	0	-2	-2	4	1	1	-1	-1	-7	-7	-2	-2	-5	-2	0	0	0	-2	-1	1	1	-5	-5	1	-2	-2	-5	-5	0	-2	3	-3	-3	-1	-2	0	0	3	3	-4	-4	-1	-1	-1	-1	-2	-2	5	-1	-1	-8	-8	0	-2	-2	1	1	-2	-2	-1	3	3	-5	-5	-1	-1	-1	-1	0	-2	-7	-1	-1	2	-2	-1	2	4	-2	2	-2	-2	-6	-6	-2	4	-1	-1	0	-1	-1	2	2	-6	-6	-1	3	3	-4	-4	0	-1	0	-3	-3	-2	2	-5	1	1	-1	-3	2	2	-3	-3	-2	-4	-1	-1	0	-1	3	3	-7	0	0	0	
-7	-7	-5	0	0	5	5	5	-3	-1	-1	5	-5	1	1	-3	-3	-10	-1	-7	5	5	-2	-2	2	6	-2	-2	-5	-5	-3	-1	-1	3	3	-2	7	7	-6	-1	-1	-3	-3	-3	-4	-4	-1	6	6	1	1	-5	-5	-1	-1	-3	-3	7	-1	-1	2	2	-4	2	2	-3	-2	-3	0	-7	-7	-2	-2	-1	4	1	-1	-1	-3	-3	-5	-5	-2	-2	-4	0	0	3	3	-4	-1	-2	-2	-4	-4	2	2	-3	0	0	-1	1	5	-2	-2	-5	-5	0	0	2	2	-5	-5	-1	-7	-7	-7	0	0	-1	3	3	-5	-5	0	4	4	4	4	0	0	2	-4	-4	-2	-2	-4	-4	-2	-2	1	0	-2	2	2	-2	-2	3	-4	2	0	-1	-1	-1	-4	-4	-4	1	0	-3	-1	-3	-2	-1	-1	-3	-3	-2	5	5	-6	-6	0	3	0	0	0	-4	1	-4	1	1	-1	-7	3	3	-2	-2	0	2	4	4	-2	-1	1	1	-8	0	0	1	
-63	-63	4	3	3	-9	-9	-9	-1	-3	-3	10	5	-2	-2	-1	-1	-6	4	-38	17	17	9	9	5	29	-3	-3	-15	-15	1	12	12	5	5	-11	21	21	-17	-26	-26	6	-13	-13	-4	-4	-9	26	26	8	8	2	2	-3	-3	1	1	22	-9	-9	-22	-22	3	11	11	-2	-5	1	0	-6	-6	-2	-2	-1	14	11	-15	-15	-1	-1	-2	-2	-11	-11	-5	7	-9	6	6	-3	2	-40	-40	11	11	7	19	1	11	11	-3	-2	9	5	5	-12	-8	16	16	8	8	-10	-10	2	-9	-9	-9	-2	-2	-26	17	17	0	0	-4	11	11	5	5	4	4	1	-11	-11	-1	-1	-6	-6	-9	-9	2	-1	1	23	23	-5	-1	9	-9	-8	-2	-5	-4	-4	-2	-2	-8	-11	5	-5	-2	-9	12	-11	-11	0	0	-5	6	6	-4	-4	1	4	-5	2	2	-12	3	-8	-2	-2	-5	-41	10	10	-5	-5	6	-10	11	11	-3	8	-1	-1	-14	-4	-4	10	
-5	-5	-10	-16	-16	11	11	11	-8	1	1	10	-2	21	21	-4	-4	-19	-14	-3	11	11	22	22	-11	7	18	18	-48	-48	-10	16	16	-6	-6	-8	20	20	-23	-7	-7	-8	-5	-5	-3	-3	-12	4	4	-2	-2	4	4	0	0	3	3	8	5	5	1	1	-2	9	9	-10	-17	-4	5	-4	-4	-9	-9	4	7	-3	-16	-16	3	3	-3	-3	-18	-18	-11	-10	15	6	6	-2	-4	-9	-9	1	1	4	5	-12	9	9	6	-6	13	-2	-2	-1	-15	7	7	-5	-5	-13	-13	-2	12	12	12	0	0	-1	14	14	20	20	-3	5	5	-2	-2	-7	-7	2	-3	-3	-6	-6	-8	-8	-1	-1	-8	-3	8	0	0	-13	3	7	-24	-6	-6	3	0	0	-6	-6	-18	-13	3	-10	-4	-11	2	-3	-3	9	9	1	7	7	-9	-9	4	3	-9	0	0	-6	1	3	-6	-6	-13	-14	10	10	3	3	14	-5	-2	-2	-3	8	-12	-12	-8	-2	-2	14	
-13	-13	-2	2	2	-4	-4	-4	3	3	3	7	2	-11	-11	-3	-3	-4	3	1	6	6	9	9	1	1	3	3	-16	-16	-1	-10	-10	1	1	7	3	3	-7	16	16	-10	-9	-9	4	4	-3	-4	-4	5	5	-8	-8	2	2	-1	-1	-3	-3	-3	-6	-6	-1	2	2	0	-2	1	1	5	5	4	4	-1	5	-15	-18	-18	5	5	3	3	16	16	-4	-6	-10	6	6	-3	-3	-8	-8	-5	-5	-3	6	0	1	1	12	-2	-4	10	10	0	-5	-19	-19	5	5	-2	-2	0	-1	-1	-1	-3	-3	-9	4	4	0	0	8	5	5	2	2	-8	-8	-2	-10	-10	-6	-6	-1	-1	-5	-5	-3	-6	-4	4	4	-2	2	9	-10	-15	2	8	-5	-5	15	15	-14	0	5	-3	9	1	-6	-3	-3	-4	-4	-1	1	1	1	1	-11	4	1	-10	-10	3	4	2	4	4	-11	-4	5	5	3	3	8	0	-1	-1	-5	-5	-6	-6	1	4	4	0	
-2	-2	-2	1	1	1	1	1	-23	-7	-7	7	-3	9	9	-9	-9	10	-7	7	4	4	-3	-3	23	12	-2	-2	-9	-9	-6	-19	-19	1	1	-1	-2	-2	-6	14	14	-3	-46	-46	2	2	19	-3	-3	-1	-1	4	4	-16	-16	12	12	-7	3	3	-21	-21	4	19	19	0	9	4	-9	0	0	3	3	1	10	2	-19	-19	12	12	-6	-6	-15	-15	-1	-22	23	-1	-1	11	-13	-6	-6	-4	-4	-7	10	15	-24	-24	-3	-7	3	5	5	-18	-30	-3	-3	-1	-1	5	5	5	-11	-11	-11	17	17	-3	-6	-6	-6	-6	6	-12	-12	10	10	-12	-12	-1	1	1	11	11	4	4	14	14	-15	-6	-5	-5	-5	17	1	20	-3	-11	7	-3	-27	-27	3	3	-21	-20	12	-15	-3	9	-1	-4	-4	-2	-2	-51	12	12	14	14	19	2	-3	0	0	22	15	5	-8	-8	5	-2	2	2	-21	-21	8	17	10	10	-4	5	-5	-5	7	-1	-1	-44	
Trial:17
9	0	-2	-2	-3	-3	-4	-6	-2	-2	-5	-5	7	-3	-3	6	-2	-2	-5	-3	-3	4	4	1	-2	2	1	-5	-5	-1	-1	-1	0	0	2	-2	-2	-2	-3	-3	-2	-1	-1	2	2	5	-3	7	7	0	-7	0	0	-4	18	18	-1	-1	-7	-7	-8	-8	-2	-2	-6	-3	-3	-2	-1	-2	-1	1	1	1	1	-4	-3	-3	0	0	-7	-7	-9	-9	3	3	3	1	1	-2	0	2	-1	-18	4	4	-1	-5	-1	-1	-1	-1	5	-1	2	2	2	-1	6	-3	2	2	-4	-2	-1	-1	-2	-2	1	-2	-3	-1	2	-7	-7	-6	-6	-3	-3	3	-1	1	-4	-4	-4	3	-1	-1	2	2	1	1	-8	-8	-3	-3	3	0	0	1	1	-4	-4	2	2	-3	-3	1	-2	4	-2	-2	-1	-1	-5	1	-1	1	1	1	1	-6	-6	-1	-1	1	0	-1	0	0	0	-1	-2	1	1	-10	-8	10	10	-5	-5	-5	1	3	3	3	-2	-4	-3	1	
0	-5	0	0	0	0	-6	0	1	1	-6	-6	1	-5	-5	2	0	0	-2	-3	-3	3	3	2	-5	1	-1	-4	-4	-4	-1	-1	1	1	-1	-2	-2	-2	-1	-1	-3	-2	-2	0	0	3	-2	5	5	-1	-5	1	-2	-2	1	1	-1	-1	-2	-2	-3	-3	-1	-1	-2	-3	-3	-1	-3	-2	-1	2	2	-1	-1	-2	0	0	3	3	-4	-4	1	1	-3	-3	2	-2	-2	-4	1	0	2	-3	-1	-1	-1	-4	-3	-3	-2	-2	2	-1	0	-7	-7	-7	-3	-6	5	5	-5	7	3	5	-6	-6	5	1	13	-9	1	14	14	-18	-18	-8	-8	-8	-2	-5	0	-11	-11	4	-6	2	-1	-1	-1	-1	1	1	0	0	-2	0	-3	1	1	-1	-1	0	0	-5	-5	0	-1	-1	5	5	-4	-4	-6	-1	0	-4	-4	-3	-3	-6	-6	0	0	-2	-1	2	2	2	0	-2	-1	2	2	-4	-1	2	2	-3	-3	-27	-16	-10	8	8	12	-10	6	1	
-2	1	-21	-21	27	27	-33	9	6	6	-13	-13	8	-16	-16	7	1	1	2	-12	-12	2	2	-2	-14	4	-3	-3	-3	-1	-6	-6	-1	-1	2	-3	-3	-3	1	1	-9	0	0	-1	-1	3	-1	2	2	1	-2	3	-2	-2	0	0	1	1	-7	-7	0	0	-1	-1	-2	0	0	-2	-2	-1	-3	-1	-1	-2	-2	1	2	2	2	2	-3	-3	2	2	-2	-2	-1	0	0	-3	-1	-2	1	-2	-1	-1	-3	-3	0	0	0	0	-2	-2	1	-2	-2	-2	1	-4	-1	-1	-1	-1	-2	2	-3	-3	2	0	-3	-1	0	-3	-3	-2	-2	-4	-4	-2	-1	0	-1	-2	-2	-1	-3	-1	-1	-1	2	2	-3	-3	-3	-3	-6	1	-1	0	0	-1	-1	0	0	0	0	0	2	1	1	1	-1	-1	-4	-2	-2	-2	-2	-1	-1	-1	-1	0	0	-3	-1	-2	-1	-1	-1	-1	0	0	0	-3	-1	-1	-1	1	1	-2	-4	-5	2	2	2	-2	0	-4	
-3	2	1	1	-3	-3	-2	-6	-3	-3	-9	-9	3	-1	-1	7	0	0	-3	-7	-7	3	3	1	-2	4	-4	-5	-5	3	-3	-3	5	5	2	1	1	1	2	2	-17	2	2	2	2	1	-1	-5	-5	-3	3	5	-3	-2	0	0	4	4	-3	-3	0	0	-3	-3	-3	-1	-1	-4	0	-2	-5	-2	-2	-3	-3	1	4	4	2	2	-2	-2	1	1	-2	-2	-4	1	1	-3	-3	-1	1	-1	1	1	-3	1	1	1	1	1	-2	-2	-2	-2	-2	0	3	-5	-4	-4	-2	1	-6	2	-1	-1	-1	1	-5	-3	7	-5	-5	0	0	-5	-5	-4	-1	2	-4	4	4	0	-1	-2	2	2	1	1	-3	-3	-2	-2	-4	0	-3	0	0	0	0	0	0	-3	-3	0	0	2	0	0	0	0	-5	4	-4	0	0	0	0	1	1	-1	-1	-1	0	-2	0	0	-2	3	4	-2	-2	-4	0	-3	-3	0	0	-3	-6	-5	4	4	1	-2	3	-5	
7	11	1	1	-2	-2	-1	0	-17	-17	-13	-13	-8	-2	-2	10	19	19	3	-7	-7	1	1	2	6	8	-6	-10	-10	2	-27	-27	9	9	10	0	0	0	9	9	-20	5	5	8	8	-4	1	-24	-24	-17	8	16	-4	-4	6	6	8	8	-4	-4	3	3	-3	-3	-4	-3	-3	-7	1	-21	-9	-11	-11	-2	-2	1	24	24	-1	-1	-8	-8	-8	-8	-3	-3	-1	11	11	3	-12	-5	20	-3	6	6	-13	7	10	10	2	2	-5	-5	-2	-21	-21	3	13	-3	-11	-11	-4	1	-34	13	-6	-6	0	4	-23	-2	19	-8	-8	-2	-2	-5	-5	-7	1	9	3	12	12	8	3	-7	2	2	3	3	-4	-4	1	1	-11	15	-21	6	6	2	2	6	6	-6	-6	1	0	19	4	4	-6	-6	-7	13	-7	5	5	-2	-2	1	1	-2	-2	-4	7	-9	16	16	-4	2	-3	-5	-5	-7	12	-5	-5	5	5	-3	-15	-6	5	5	-4	-2	14	-8	
-4	-7	2	2	1	1	-3	-5	-9	-9	-28	-28	0	3	3	10	3	3	0	2	2	2	2	15	1	2	-4	-8	-8	4	-3	-3	6	6	7	6	6	6	1	1	-11	-3	-3	-1	-1	-10	-2	-2	-2	-6	2	5	-2	-2	0	0	6	6	-2	-2	-5	-5	-1	-1	-4	-12	-12	-4	5	-3	-4	-6	-6	4	4	-2	0	0	-2	-2	-5	-5	5	5	4	4	2	-2	-2	-2	-3	3	3	-1	4	4	-6	-2	0	0	-4	-4	9	-2	-6	-8	-8	1	2	4	2	2	-1	-5	-7	-3	-7	-7	-10	-1	-10	-4	3	-2	-2	5	5	-9	-9	5	-1	3	-1	2	2	7	-4	-5	0	0	10	10	2	2	1	1	-8	-4	-10	2	2	0	0	-3	-3	-8	-8	-6	-6	3	5	5	0	0	-1	4	0	-1	-1	5	5	3	3	3	3	-2	-1	-11	-2	-2	-6	5	5	-5	-5	-7	1	-7	-7	-4	-4	1	-9	2	5	5	2	9	-1	-3	
-4	2	4	4	-3	-3	3	-2	-5	-5	-7	-7	2	2	2	0	-4	-4	-3	-17	-17	2	2	7	2	2	-1	0	0	0	0	0	-4	-4	2	3	3	3	3	3	-7	1	1	2	2	0	3	-2	-2	-2	-7	3	-1	1	4	4	6	6	-2	-2	-3	-3	-1	-1	-3	-3	-3	8	-1	0	0	-4	-4	-4	-4	2	-4	-4	-3	-3	-2	-2	-4	-4	3	3	-4	2	2	-4	-14	2	-1	2	3	3	-1	2	-2	-2	4	4	3	2	-1	-3	-3	-1	-2	0	-7	-7	-1	-4	-4	0	1	1	-9	1	2	-3	-2	4	4	3	3	0	0	0	-2	0	0	-1	-1	-3	2	0	-1	-1	1	1	-11	-11	8	8	0	-2	-3	-1	-1	2	2	-1	-1	-4	-4	-2	2	-2	2	2	0	0	1	3	-4	-4	-4	1	1	-2	-2	1	1	3	1	-1	-2	-2	-1	0	-2	-3	-3	-1	3	-5	-5	-3	-3	-2	-2	0	-1	-1	-5	2	3	6	
8	-2	1	1	0	0	-11	-2	0	0	2	2	4	13	13	-17	-8	-8	-19	-5	-5	1	1	8	-1	-1	-2	-4	-4	1	-3	-3	-1	-1	2	0	0	0	0	0	-4	10	10	7	7	4	-2	-6	-6	-14	-43	7	9	10	20	20	20	20	-12	-12	16	16	-4	-4	-13	-5	-5	15	-2	-7	-2	-5	-5	-3	-3	-4	-30	-30	-2	-2	-1	-1	-9	-9	12	12	8	2	2	-20	-6	1	11	-9	3	3	6	3	-3	-3	-9	-9	7	1	3	-2	-2	2	2	2	-3	-3	0	-1	2	0	0	0	-3	0	2	-3	-15	0	0	-15	-15	8	8	6	-1	2	-1	2	2	1	0	-1	-4	-4	4	4	-6	-6	7	7	-3	4	4	-3	-3	-12	-12	2	2	-3	-3	-3	-3	2	5	5	-1	-1	-11	5	-4	6	6	12	12	-8	-8	-7	-7	10	0	-2	-4	-4	-1	16	-10	2	2	-21	11	10	10	25	25	-6	-2	-14	-5	-5	-12	10	2	2	
Trial:18
1	1	1	-5	-5	8	5	0	0	-5	-5	0	-2	-2	-1	-1	-1	1	1	1	1	1	-4	-1	-1	-2	-2	1	-6	1	-24	3	3	-7	0	1	7	7	4	7	1	-3	-3	-18	-20	24	24	-15	-15	7	6	3	-6	-6	-1	-1	-11	-11	-2	-2	1	1	-1	-6	-6	-6	-6	0	5	6	-4	-4	1	1	2	-1	-2	-2	2	-1	2	-3	-3	11	11	10	10	-8	-8	-2	-5	-8	-9	-3	1	-8	-2	-2	13	13	1	8	0	-29	-29	-7	-33	11	11	-3	-3	-3	-21	-9	17	17	-4	9	0	-1	-23	-11	2	2	4	7	7	-1	0	11	2	2	-3	3	-2	-5	-5	-3	-5	-13	-8	-1	-1	5	5	-1	-11	-11	-1	-1	2	2	-3	-3	5	5	4	-3	-2	-5	-5	2	-5	3	3	-1	-1	-2	5	-4	-2	-2	3	3	-24	-24	6	-2	-3	2	2	0	0	-1	2	1	-4	-4	-3	3	-4	-20	3	3	5	12	6	6	-14	-14	
-2	-2	-1	2	2	-1	3	3	3	-2	-2	-7	-5	-5	-4	-4	-2	2	-1	-1	0	0	-3	1	1	0	0	0	-2	0	-4	-2	-2	-3	-1	1	0	0	-1	3	0	-2	-2	2	-9	3	3	-3	-3	2	-2	-2	-2	-2	-1	-1	-2	-2	-7	-7	-1	-1	-1	-2	-2	-7	-7	2	-1	0	-2	-2	-1	-1	-3	-1	-1	-1	0	-1	1	-1	-1	1	1	0	0	-2	-2	2	-1	-4	4	2	-2	-2	-4	-4	0	0	-1	-3	1	-9	-9	1	-12	0	0	-6	-6	-3	-5	-3	3	3	-2	-4	3	-1	-1	-9	1	-1	-1	-1	-1	4	3	2	-8	-8	0	-2	-6	-4	-4	-3	-5	6	-6	1	1	5	5	2	-2	-2	1	1	-1	-1	-2	-2	5	5	-2	-8	-2	0	0	1	1	2	2	-4	-4	-2	0	-2	2	2	-1	-1	-2	-2	1	-4	-3	-1	-1	-2	-2	-3	-3	-1	-2	-2	2	2	-5	-9	1	1	-1	1	0	0	-2	-2	
-2	-2	1	-1	-1	-7	2	-1	-1	-2	-2	-5	-1	-1	-2	-2	-3	0	-2	-2	1	1	0	-1	-1	-1	-1	-1	-4	0	0	-1	-1	-3	-2	1	2	2	2	2	-3	-1	-1	1	-4	-3	-3	0	0	0	-2	0	-3	-3	-1	-1	2	2	-4	-4	-5	-5	0	1	1	-6	-6	-1	-1	-1	-1	-1	-1	-2	2	1	0	0	-2	1	2	-4	-4	-4	-4	-1	-1	-1	-1	4	-4	1	4	-2	1	-3	0	0	-1	-1	1	-2	-3	-7	-7	2	-5	-2	-2	-4	-4	1	-5	0	1	1	0	-5	0	-2	-3	-3	-1	-3	1	-2	-2	4	0	4	-5	-5	-3	-4	-3	-4	-4	-3	-3	8	-5	3	3	1	1	3	1	1	0	0	-2	-2	-4	-4	5	5	-3	-7	-2	-3	-3	2	0	8	8	-7	-7	-4	-4	-7	1	1	1	1	-1	-1	0	-4	-4	-1	-1	-5	-5	-3	-5	-1	-2	-2	1	4	-5	-7	1	1	0	1	-3	-3	0	0	
0	0	3	-3	-3	-9	-2	-3	-3	-1	-1	-2	3	3	2	2	-3	-3	-5	-5	3	3	-3	-4	-4	2	2	-1	-4	0	-1	-4	-4	0	-2	0	2	2	1	1	-1	-3	-3	-5	-2	1	1	1	1	0	-1	1	-4	-4	-1	-1	1	1	-1	-1	-6	-6	-3	0	0	-5	-5	0	2	-1	0	0	0	0	0	0	1	1	-3	2	-2	-4	-4	-3	-3	0	0	-2	-2	4	1	0	0	-3	1	-1	0	0	1	1	0	-1	-2	-7	-7	1	-1	0	0	1	1	1	-5	-1	2	2	-1	-5	2	-3	-3	1	0	-4	-3	-2	-2	4	-1	1	-6	-6	-4	-4	-5	-3	-3	-3	-1	3	-2	1	1	2	2	1	1	1	-1	-1	-1	-1	-2	-2	5	5	-4	-1	-8	0	0	2	-1	-1	-1	-5	-5	-2	-1	-1	1	1	2	2	-2	-2	-3	-2	-2	0	0	-2	-2	-2	-4	-3	-2	-2	2	2	-4	-5	3	3	-4	0	-6	-6	2	2	
21	21	4	-10	-10	-18	-2	-13	-13	0	0	-27	18	18	0	0	-5	-9	-7	-7	3	3	-1	-11	-11	6	6	4	-3	3	0	-1	-1	-3	1	1	14	14	6	0	-6	-12	-12	-38	0	4	4	7	7	2	-4	3	11	11	0	0	1	1	11	11	-2	-2	-14	-3	-3	-13	-13	-2	-5	7	-4	-4	-10	0	2	-3	-3	-3	0	4	-10	-4	-4	1	1	4	4	-10	-10	11	6	13	-1	8	3	-7	-7	-7	-1	-1	-5	3	1	-9	-9	0	1	-5	-5	8	8	-9	-7	5	5	5	-12	-3	3	6	-6	-8	2	0	-3	18	18	3	0	-9	-14	-14	-6	-1	-10	1	1	9	3	-2	1	-2	-2	2	2	-3	9	9	-2	-2	-4	-4	-8	-8	4	4	-6	0	-7	-6	-6	10	-5	4	4	-3	-3	-9	-4	3	1	1	2	2	14	14	6	-5	-2	-4	-4	-6	-6	-7	-4	0	-6	-6	-2	17	-4	-6	-4	-4	-5	0	-18	-18	-1	-1	
9	9	2	0	0	-7	-24	8	8	3	3	-9	12	12	9	9	-6	0	-3	-3	-8	-8	4	-8	-8	15	15	-1	5	-2	3	-11	-11	-4	-8	-3	-10	-10	5	-4	-2	-12	-12	0	-6	5	5	5	5	-3	-16	-2	-4	-4	31	31	2	2	-15	-15	-5	-5	-3	1	1	-21	-21	-4	-18	8	8	8	-1	-7	6	-2	1	1	1	1	-7	1	1	-1	-1	6	6	-9	-9	-7	7	0	-12	27	-5	3	-20	-20	-8	-8	8	15	2	-30	-30	-4	8	2	2	4	4	-29	-3	10	21	21	-5	-3	-18	5	2	-22	4	4	5	0	0	-9	-2	-6	-7	-7	11	10	-10	3	3	-8	12	12	10	-17	-17	3	3	-33	34	34	5	5	28	28	-15	-15	-20	-20	-3	1	13	0	0	-10	-9	-2	-2	0	0	-18	-2	-11	22	22	-14	-14	-12	-12	31	-8	3	-5	-5	-2	-2	-5	20	6	3	3	-4	8	7	-30	6	6	8	-10	-14	-14	-11	-11	
2	2	-12	-2	-2	-7	-6	8	8	4	4	9	11	11	21	21	-3	-3	-13	-13	-2	-2	-8	-2	-2	0	0	1	0	-5	0	-12	-12	-4	-3	-4	-7	-7	5	1	4	-2	-2	-9	1	11	11	-5	-5	-12	5	-4	1	1	4	4	-2	-2	1	1	4	4	2	-5	-5	10	10	-3	20	-7	6	6	-1	0	10	-5	-2	-2	-4	-2	-4	-1	-1	1	1	-2	-2	-4	-4	-9	1	0	-8	-16	0	1	1	1	-10	-10	-9	7	4	10	10	3	1	9	9	24	24	10	2	-8	-8	-8	-8	10	-8	7	-4	12	-9	-15	-2	-1	-1	-1	-9	-4	18	18	7	-5	16	-6	-6	-3	-2	-7	-8	-7	-7	0	0	-9	-4	-4	-11	-11	16	16	11	11	-6	-6	2	-2	-16	-7	-7	-4	-18	-27	-27	7	7	12	6	2	-10	-10	-16	-16	-9	-9	-5	10	5	14	14	7	7	1	-3	3	-2	-2	-9	-10	9	30	7	7	3	10	-10	-10	13	13	
-3	-3	-7	-35	-35	4	-7	15	15	1	1	-5	14	14	56	56	-11	9	-4	-4	-6	-6	-11	-24	-24	13	13	0	-11	-35	-23	-22	-22	4	2	-3	9	9	23	17	8	15	15	-34	-11	11	11	4	4	-4	0	-3	4	4	3	3	-1	-1	2	2	3	3	18	7	7	-11	-11	-12	1	-17	-2	-2	-1	-3	-1	0	6	6	9	-5	-13	2	2	5	5	-4	-4	0	0	13	2	-3	-6	-16	-7	8	-40	-40	0	0	3	23	3	-14	-14	9	-7	5	5	10	10	-2	-20	26	-30	-30	5	-2	-3	-5	-8	16	-7	-5	12	-12	-12	-6	14	1	5	5	-1	-1	11	-1	-1	-9	14	14	-25	5	5	-2	-2	-4	36	36	-14	-14	-1	-1	0	0	-13	-13	-3	0	9	-10	-10	-2	5	1	1	2	2	-4	-6	-3	-6	-6	7	7	-21	-21	0	-11	-37	11	11	14	14	-19	-8	1	11	11	-8	19	-24	4	11	11	6	29	-6	-6	1	1	
Trial:19
6	4	-2	-2	-3	-4	8	8	9	9	1	-2	-14	3	3	5	5	-2	1	-2	-2	-2	-8	16	2	0	0	0	-7	-4	-4	1	1	-1	3	3	6	6	-9	-1	5	8	8	9	9	-3	-3	-3	-3	-4	-21	0	-6	-6	-8	-1	-1	6	6	2	-1	-10	-8	-4	-4	-17	-9	3	5	5	-1	1	-24	-24	10	7	-1	3	3	-19	-19	4	-3	7	-5	5	-24	0	19	-4	6	-4	1	3	-2	2	2	0	0	3	3	-22	-22	9	9	6	2	2	0	0	-1	2	2	-1	12	2	8	-11	-11	0	0	5	5	-4	-4	-4	-4	0	2	-13	3	3	-2	2	-11	1	2	-2	3	3	3	8	8	-13	-4	-17	0	0	4	4	0	0	-5	-5	6	6	11	-3	-3	1	-6	-9	-9	16	16	1	-1	-3	-2	-2	-6	8	-5	0	2	2	-6	-3	-3	4	4	-1	-1	1	-3	-3	15	15	-7	1	-2	-2	-20	1	4	-21	-21	8	8	5	
0	0	0	0	-3	-7	4	4	-3	-3	-3	-1	-3	3	3	0	0	-1	-1	-5	-2	-2	-1	4	-1	-3	-3	2	-5	-2	-2	-1	-1	0	0	0	1	1	-4	0	2	-2	-2	-3	-3	-4	-4	-5	-5	0	-5	3	1	1	-3	1	1	0	0	2	-1	-4	-4	-4	-4	-1	-4	1	-2	-2	0	-1	-4	-4	-2	1	-2	-2	-2	-1	-1	1	-2	2	-2	-1	-5	0	0	-1	-2	-2	-1	-3	0	1	1	2	2	-2	-2	-4	-4	-3	-3	-1	0	0	0	0	-4	0	0	-1	0	-4	3	-1	-1	-2	-2	-3	-3	-1	-1	-2	-2	-1	-1	-5	-2	-2	2	1	-2	1	0	-1	0	1	1	2	2	-4	0	-3	-1	-1	-3	-3	2	2	-3	-3	-1	-1	1	-3	-3	0	-2	-1	-1	1	1	-1	-3	-1	0	0	-5	-2	0	0	-1	-1	0	-2	-2	1	1	-2	-2	-4	-1	-1	0	0	2	0	0	0	-3	-1	0	-3	-3	-1	-1	-1	
2	-2	-1	-1	-1	-7	0	0	-4	-4	2	1	-1	1	1	1	1	-1	-1	0	0	0	-3	-2	-2	-3	-3	0	-3	-4	-4	-1	-1	-3	-1	-1	0	0	-2	-1	2	-2	-2	0	0	-3	-3	-3	-3	-2	-3	3	-6	-6	-1	-1	-3	0	0	4	-1	0	-5	-4	-4	0	-2	-4	-1	-1	1	-2	-1	-1	1	2	-1	-2	-2	-2	-2	0	0	0	-1	1	-3	0	-1	-2	0	-3	0	-3	-1	-1	-1	3	3	-1	-1	-3	-3	-1	-1	-3	-2	-2	-1	-1	-3	-1	-1	0	0	0	2	1	1	-2	-2	-3	-3	0	0	-2	-2	0	2	-3	-3	-3	-1	1	-1	0	-2	-1	2	1	1	-1	-1	-3	-1	-2	-2	-2	-3	-3	1	1	-2	-2	-1	-1	0	-2	-2	-2	-3	-1	-1	0	0	-2	-1	0	-1	-1	-2	-1	0	-1	0	0	-3	-1	-1	-1	-1	-1	-1	-3	1	1	-2	-2	0	-1	0	0	-4	0	-1	0	0	-1	-1	-3	
-2	-2	-4	-4	-2	-8	-2	-2	-4	-4	-2	4	4	2	2	2	2	-5	-1	9	-3	-3	-5	-1	-3	-1	-1	-1	-2	-7	-7	-8	-8	-4	1	1	0	0	-7	0	5	1	1	-1	-1	3	3	0	0	-6	-4	2	-7	-7	2	3	-4	2	2	1	1	-2	-3	-3	-3	1	0	3	0	0	0	-3	-2	-2	-1	1	-3	-4	-4	-1	-1	2	1	-1	-1	-1	-4	0	-1	-1	1	-5	2	-6	-2	-1	-1	3	3	-1	-1	-2	-2	-1	-1	-2	-4	-4	-2	-2	-3	0	0	0	-1	1	2	-2	-2	-1	-1	-3	-3	-2	-2	-2	-2	3	-2	-6	-1	-1	-4	2	4	5	-1	-1	1	2	2	0	0	-5	3	2	-1	-1	-2	-2	1	1	-5	-5	1	1	0	-1	-1	-1	-1	-2	-2	-1	-1	-3	-1	-1	2	2	-2	-3	-1	-1	3	3	-7	0	0	-3	-3	3	3	-1	2	2	-5	-5	-1	0	-1	-1	-3	0	1	1	1	-2	-2	-6	
22	-13	-4	-4	-1	-32	-2	-2	-12	-12	2	5	9	19	19	-4	-4	-18	-2	15	-9	-9	-10	-2	-6	2	2	-2	2	-8	-8	-11	-11	13	3	3	-4	-4	-45	4	14	8	8	-7	-7	23	23	10	10	-23	-28	-4	-33	-33	3	3	1	10	10	12	3	-4	13	1	1	0	-3	2	-2	-2	2	2	-4	-4	-4	10	-10	-1	-1	15	15	2	-2	-16	5	4	-2	-24	-1	4	3	-2	6	-22	-4	-5	-5	0	0	3	3	-7	-7	-5	-5	7	-6	-6	-3	-3	-13	1	5	-5	-7	-3	0	-1	-1	-2	-2	-6	-6	-6	-6	-4	-4	-2	-1	-8	-2	-2	-11	16	8	15	13	-1	2	0	0	-5	-5	-6	3	-2	-5	-5	-8	-8	5	5	-16	-16	1	1	10	5	5	4	3	-9	-9	-4	-4	-12	13	-2	9	9	-7	-4	0	-3	8	8	-18	5	5	-7	-7	13	13	0	13	13	-31	-31	4	-5	-4	-4	-8	7	6	8	8	-5	-5	-4	
0	-4	-9	-9	-8	-15	14	14	-2	-2	0	0	1	13	13	5	5	-21	-8	12	5	5	-16	-2	-6	1	1	0	3	-3	-3	-17	-17	-2	5	5	-6	-6	-11	-8	-4	-5	-5	1	1	10	10	11	11	-9	-6	3	-18	-18	6	2	-3	3	3	9	7	8	-5	-8	-8	6	4	3	-4	-4	-9	-11	-2	-2	-5	0	-3	2	2	-2	-2	-5	-6	-4	-1	-2	-2	-7	5	-6	8	18	-3	-16	0	-6	-6	12	12	-6	-6	-6	-6	-6	-6	12	4	4	-11	-11	-6	-4	-1	-4	-2	-2	2	-1	-1	-2	-2	2	2	-4	-4	-2	-2	-6	1	-17	-4	-4	3	2	10	5	4	-10	-5	2	2	1	1	0	-10	0	-11	-11	-11	-11	5	5	-10	-10	3	3	2	-5	-5	4	3	-3	-3	-1	-1	-3	0	1	3	3	-8	0	2	0	6	6	-15	2	2	-6	-6	3	3	5	3	3	-3	-3	4	-2	-5	-5	1	1	1	-4	-4	-3	-3	-6	
1	-4	-7	-7	-4	-8	7	7	-3	-3	0	-1	1	1	1	2	2	-5	-6	4	-1	-1	-7	-2	0	0	0	-2	6	-4	-4	-7	-7	4	5	5	-8	-8	6	-7	-9	0	0	3	3	6	6	3	3	-3	-7	0	-12	-12	-1	1	1	-2	-2	1	-2	0	1	-2	-2	0	8	3	6	6	-4	-4	-6	-6	-3	2	-17	4	4	-5	-5	4	0	-2	-2	4	1	-18	-1	1	0	2	5	-4	2	-2	-2	-1	-1	-5	-5	-6	-6	1	1	4	1	1	-11	-11	-7	5	-1	1	2	1	-1	-8	-8	-2	-2	2	2	2	2	-4	-4	2	-3	-3	-6	-6	-3	3	0	-2	4	-7	-2	-4	-4	-3	-3	-3	-9	-4	2	2	3	3	0	0	3	3	0	0	-4	0	0	-2	1	-6	-6	1	1	-2	-1	-3	4	4	-6	6	-1	-2	4	4	-5	-2	-2	0	0	4	4	-1	5	5	2	2	-2	-1	-10	-10	-2	1	-3	-6	-6	2	2	2	
21	-3	-3	-3	-23	0	7	7	-14	-14	14	-1	2	11	11	14	14	7	-6	7	-10	-10	10	4	-1	6	6	-9	10	12	12	-10	-10	-3	11	11	9	9	-20	0	-3	15	15	13	13	-15	-15	2	2	-9	-29	1	-12	-12	-18	5	9	-34	-34	2	1	6	-24	7	7	-7	8	-2	21	21	-12	6	-18	-18	-12	17	-12	11	11	-42	-42	20	9	3	-17	15	-23	-11	23	-3	-1	-47	6	7	-1	14	14	15	15	-4	-4	-26	-26	24	24	8	-1	-1	-9	-9	2	-1	13	-8	18	3	16	-26	-26	1	1	-14	-14	5	5	-3	-3	11	-12	-9	1	1	-6	11	-5	0	13	-13	1	3	3	-8	-8	-4	-7	-29	1	1	8	8	3	3	6	6	16	16	18	-7	-7	2	0	-35	-35	-10	-10	0	7	3	8	8	-3	29	0	-9	2	2	-8	-2	-2	23	23	2	2	6	-3	-3	0	0	-19	10	-20	-20	-7	12	-1	-12	-12	7	7	11	
