2020/5/20 8:12:25
Sampling rate: 100
Measure time: 2
Trial:0
-2	-2	5	5	-2	5	1	-1	-1	1	-8	-2	2	2	0	-7	-8	1	1	-1	-1	-1	-1	-9	-9	3	0	-1	4	4	-7	-2	1	1	1	-1	0	0	-2	-2	-3	3	3	-10	-1	5	-10	-10	-2	13	-8	-8	5	5	-1	2	2	-4	-4	-1	1	-5	12	-9	3	-6	8	9	-26	-26	-19	16	3	-5	-26	-26	-14	9	28	14	14	-14	9	-36	-36	5	5	-1	23	8	-24	-24	33	33	-8	22	22	-22	-12	2	9	33	2	15	7	-47	-11	-11	3	22	-1	12	12	-39	-20	7	7	4	-18	0	0	13	-3	-3	41	41	11	5	5	2	-3	-3	-6	-9	-9	0	0	-6	-6	2	2	-8	-8	-4	-6	-6	-3	-3	-3	-11	-1	-5	-5	5	5	5	5	5	5	-7	-4	5	-10	-10	-6	-4	-9	-9	-7	-7	1	-10	1	9	9	3	-16	3	-5	-5	-1	-1	0	0	1	1	1	1	2	1	1	1	1	1	0	-7	8	-17	7	1	
2	2	10	10	-6	1	-2	-5	-5	-2	-2	1	-17	-17	-2	-2	-2	1	1	9	9	-5	-5	-4	-4	-2	-4	-8	6	6	-2	6	3	-5	-5	-7	6	6	2	-4	-5	0	0	-1	-4	-2	-2	-2	-11	2	-4	-4	3	3	2	-3	-3	8	8	-5	-2	-3	5	3	-7	-11	-2	2	-8	-8	0	17	3	4	-2	-2	14	-6	-11	1	1	-7	-8	-4	-4	-2	-2	-8	1	6	-9	-9	3	3	1	0	0	-7	0	2	-1	3	3	2	-4	-5	-3	-3	10	1	-8	4	4	-5	-4	0	0	-1	-12	-9	-9	1	2	2	-3	-3	2	2	2	-1	1	1	-3	2	2	6	6	-8	-8	1	1	-2	-2	-9	0	0	-7	-7	3	-4	0	-4	-4	0	0	14	14	-21	-21	0	-12	1	0	0	1	-13	6	6	-8	-8	2	-4	-1	-1	-1	-4	-3	-1	10	10	3	3	-8	-8	-4	-4	-1	-1	-2	1	1	-10	-5	-14	16	-2	-9	-1	1	4	
4	4	-6	-6	-1	0	1	0	0	-5	-7	-3	2	2	3	2	-3	-2	-2	4	4	-10	-10	-4	-4	4	2	0	3	3	-9	-1	-6	2	2	-2	-6	-6	0	-3	2	1	1	3	-15	1	-9	-9	-10	1	-3	-3	0	0	1	-18	-18	8	8	-2	3	-2	0	-6	-3	-2	-3	6	-2	-2	1	0	0	9	-1	-1	2	6	-8	1	1	-6	-5	2	2	5	5	-6	-2	2	-7	-7	-3	-3	5	-5	-5	-2	0	-3	2	1	-18	3	4	-8	6	6	3	-1	-7	11	11	-4	-2	4	4	-2	-4	-10	-10	11	-2	-2	-4	-4	-4	0	0	4	-9	-9	-9	3	3	2	2	-6	-6	-2	-2	-1	-1	-7	-1	-1	2	2	2	1	-1	-4	-4	-5	-5	5	5	-2	-2	2	-8	8	-7	-7	-6	-9	-2	-2	-2	-2	-1	-2	-2	1	1	-2	10	-4	-2	-2	5	5	-3	-3	6	6	-2	-2	-5	-2	-2	9	1	-1	-3	-7	2	-7	3	-1	
2	2	-2	-2	1	-1	3	0	0	-5	-5	-3	2	2	1	-1	-1	0	0	-1	-1	-2	-2	-5	-5	3	0	0	6	6	-5	3	-1	-3	-3	-2	2	2	-4	-2	-4	4	4	4	-1	-4	-10	-10	-3	4	-1	-1	-3	-3	-2	-7	-7	-1	-1	-2	-1	-3	-2	-10	-5	-3	-5	9	-3	-3	4	4	3	7	-6	-6	-4	-3	1	8	8	-8	-6	7	7	-1	-1	-10	-21	0	2	2	-9	-9	-7	0	0	0	4	-11	-1	9	-3	-2	-6	-3	-2	-2	8	-5	-1	0	0	-1	0	4	4	-5	5	-8	-8	4	5	5	-7	-7	-6	2	2	-4	3	3	-2	-3	-3	5	5	-5	-5	0	0	0	0	4	2	2	-6	-6	0	-4	-6	-1	-1	-3	-3	4	4	-10	-10	5	-4	0	-3	-3	-6	-2	3	3	-1	-1	-4	-4	-2	5	5	2	0	0	0	0	-3	-3	-1	-1	-5	-5	-1	-1	-3	2	2	0	3	0	-7	-2	-1	0	-5	-2	
10	10	-6	-6	25	0	31	21	21	-24	1	-5	-18	-18	20	13	-7	10	10	11	11	18	18	-20	-20	40	43	-9	-1	-1	-39	22	12	-10	-10	-9	27	27	-5	-10	-9	5	5	9	41	-17	-3	-3	6	-21	-12	-12	10	10	-35	-9	-9	-21	-21	-2	34	13	16	-57	25	-8	-17	25	2	2	-4	-19	41	-2	-39	-39	9	44	23	33	33	21	-30	28	28	4	4	0	-5	35	0	0	-53	-53	-25	24	24	-16	15	-32	-21	5	-19	-29	47	11	11	11	42	6	9	21	21	9	1	-23	-23	-17	31	-2	-2	11	16	16	-16	-16	-13	18	18	-28	10	10	-13	-58	-58	4	4	-17	-17	20	20	-44	-44	16	61	61	-18	-18	10	-18	-4	28	28	-2	-2	17	17	-17	-17	28	13	-17	-8	-8	-44	1	-5	-5	-6	-6	-2	-27	18	-8	-8	35	3	2	3	3	-16	-16	-2	-2	-13	-13	-14	-14	-2	17	17	3	9	12	-19	30	-13	1	-6	-10	
2	2	-2	-2	-1	5	8	0	0	-6	-11	2	0	0	2	-3	-2	6	6	5	5	-7	-7	-2	-2	3	7	-3	-2	-2	-6	5	-1	-2	-2	-3	7	7	-1	4	-4	-1	-1	3	-1	-6	-9	-9	-8	-1	-5	-5	-1	-1	-12	2	2	-3	-3	5	3	-3	-2	-12	4	-2	-3	12	-47	-47	11	18	8	-5	-13	-13	4	16	10	5	5	-4	-4	5	5	11	11	15	-16	3	-3	-3	-5	-5	-1	-5	-5	-1	-4	-24	-5	6	-33	-9	1	-2	6	6	2	0	25	-1	-1	-5	-3	-3	-3	-21	6	-9	-9	10	3	3	-17	-17	4	9	9	-5	7	7	-4	-4	-4	-5	-5	-3	-3	5	5	-5	-5	-1	8	8	11	11	-3	-10	-12	-1	-1	-2	-2	1	1	-4	-4	-3	-10	9	0	0	-7	-14	3	3	4	4	-8	0	2	-3	-3	3	3	-2	2	2	-5	-5	2	2	-3	-3	-3	-3	-2	3	3	-3	6	2	-2	-5	1	-3	0	-1	
1	1	-10	-10	2	-5	3	2	2	1	-4	4	2	2	0	-4	-6	0	0	0	0	-1	-1	-8	-8	1	-5	0	-1	-1	-2	4	-2	-4	-4	-3	0	0	1	1	-2	2	2	1	-3	0	-4	-4	-7	-2	-6	-6	-1	-1	9	-3	-3	-1	-1	0	-6	-2	-1	-7	2	2	0	9	-20	-20	0	1	1	1	-3	-3	-7	3	-2	2	2	-9	-2	-1	-1	10	10	5	-5	0	-4	-4	-3	-3	-2	-4	-4	-2	1	-9	-3	6	-6	-1	3	-8	6	6	6	-7	7	5	5	2	0	-5	-5	-7	10	-13	-13	6	2	2	0	0	-7	1	1	-2	-2	-2	0	2	2	1	1	-3	-3	0	0	3	3	-3	5	5	-7	-7	0	-4	-6	-12	-12	0	0	0	0	2	2	-5	-5	-7	2	2	0	-6	5	5	-1	-1	6	2	-1	1	1	0	0	-1	-3	-3	3	3	-4	-4	-3	-3	-2	-2	0	-2	-2	-1	0	-2	0	-3	-2	1	-1	0	
-2	-2	-3	-3	-3	-10	6	3	3	5	2	16	4	4	-5	-8	-2	-9	-9	-4	-4	5	5	-12	-12	-5	-17	-2	-3	-3	18	3	-9	-5	-5	-3	-2	-2	-1	2	-4	12	12	-1	-5	3	-8	-8	-5	-6	-6	-6	-2	-2	5	11	11	-5	-5	4	-38	-7	22	-26	7	3	7	14	-20	-20	3	13	-5	-1	9	9	-38	10	13	19	19	14	-7	-62	-62	28	28	6	-8	15	-14	-14	38	38	-16	-6	-6	-23	8	-17	-13	45	9	4	12	-19	5	5	8	-3	53	0	0	1	-19	-15	-15	-13	23	-23	-23	4	-9	-9	6	6	2	-4	-4	-2	0	0	12	-2	-2	-14	-14	-3	-3	21	21	-5	-5	-7	-8	-8	2	2	-11	-17	-1	-4	-4	-1	-1	-1	-1	3	3	-12	-1	-40	17	17	6	2	13	13	1	1	18	17	-1	-2	-2	-4	-8	18	-11	-11	2	2	-8	-8	-1	-1	-3	-3	-2	-1	-1	-2	0	-2	1	-6	-6	-13	-1	2	
Trial:1
-2	-2	-20	11	5	5	2	2	-7	2	1	-24	-24	7	-9	28	-6	-6	-11	-17	0	-9	1	1	-14	-15	-1	-14	-14	12	4	3	3	3	-3	-3	9	3	0	0	-5	-5	-4	-7	-7	7	7	-2	-14	4	4	7	7	-3	-7	12	-29	-29	6	6	28	28	-56	-56	39	13	13	79	79	-26	-46	46	46	-57	-57	-14	43	43	26	26	-112	-112	30	30	-49	-49	53	-71	-35	87	-42	-48	-18	-6	-40	17	17	-105	-14	31	-32	63	1	17	-19	-17	-2	-2	-17	75	-37	-37	13	13	64	64	-2	-30	-30	11	11	17	-42	-42	16	16	-17	-17	-31	-31	-14	-14	24	24	45	-5	-5	34	-10	-10	-8	-8	76	76	28	28	-50	-50	-17	-56	-56	-7	-7	-12	-28	-28	-28	114	11	8	-4	-4	-12	-12	-24	-68	-68	-7	-7	-30	3	0	92	92	-67	-67	-24	-24	-31	-31	-6	-13	-22	43	43	-7	17	-12	-12	14	14	34	26	-40	0	0	10	15	113	113	
-4	-4	-6	2	6	6	1	1	9	3	-5	8	8	-5	0	0	0	0	11	-1	-3	2	1	1	-12	3	-5	-11	-11	1	-4	-4	3	3	-4	-4	4	17	-1	-1	-9	-9	-9	3	3	-3	-3	15	0	1	1	0	0	3	-9	2	-17	-17	1	1	3	3	-17	-17	15	-3	-3	1	1	2	-1	5	5	-12	-12	-4	5	5	-3	-3	4	4	-9	-9	4	4	-5	-3	-6	12	-3	-6	9	2	4	1	1	-9	2	-12	13	-1	3	1	-2	0	-5	-5	8	-3	-1	-1	-6	-6	7	7	-13	-3	-3	8	8	-1	-4	-4	-14	-14	-2	-2	-6	-6	-11	-11	9	9	16	7	7	-4	7	7	-12	-12	15	15	3	3	-4	-4	-7	2	2	-4	-4	-16	13	13	13	5	3	-4	-4	-4	-8	-8	-4	-9	-9	-4	-4	12	0	0	9	9	-10	-10	-4	-4	-5	-5	4	-3	-2	2	2	-1	-2	-7	-7	2	2	6	-7	8	-4	-4	-1	5	10	10	
-1	-1	-8	-2	6	6	-4	-4	5	0	0	13	13	-5	3	1	-3	-3	-4	2	1	-3	0	0	-3	21	-3	-2	-2	-2	-7	-1	-3	-3	-9	-9	2	-3	2	2	7	7	1	0	0	-15	-15	3	9	7	7	-2	-2	8	-4	5	-13	-13	-5	-5	-5	-5	1	1	-2	-5	-5	6	6	3	-2	-4	-4	-9	-9	-4	-1	-1	-2	-2	4	4	-1	-1	4	4	5	2	-4	1	-15	-5	3	0	1	4	4	5	7	-5	2	-6	7	11	4	-3	-4	-4	-4	0	-1	-1	-3	-3	1	1	-6	0	0	-15	-15	2	-2	-2	-3	-3	3	3	5	5	-5	-5	2	2	3	-1	-1	2	3	3	-4	-4	-1	-1	-3	-3	-3	-3	7	-2	-2	0	0	-5	6	6	6	1	7	-9	7	7	-2	-2	2	-4	-4	-5	-5	-6	-5	-4	2	2	-8	-8	-1	-1	1	1	-8	-2	-1	1	1	2	-4	-3	-3	4	4	7	-2	-4	-3	-3	-2	8	-5	-5	
7	7	-20	5	9	9	2	2	6	-1	3	1	1	2	2	-1	-1	-1	0	3	3	-4	4	4	-3	6	-7	11	11	-3	-5	-5	-6	-6	-10	-10	-5	-5	3	3	1	1	0	-1	-1	-8	-8	0	7	0	0	5	5	8	-12	1	-6	-6	-4	-4	-14	-14	11	11	-10	-14	-14	5	5	3	8	-1	-1	-13	-13	-5	2	2	-6	-6	5	5	1	1	3	3	-6	0	6	-7	-2	-6	2	7	-6	-2	-2	9	10	-5	-3	9	-4	8	3	-4	-4	-4	-8	0	-5	-5	5	5	10	10	-4	-2	-2	1	1	-3	-7	-7	1	1	-9	-9	3	3	1	1	3	3	-1	2	2	-3	-5	-5	1	1	-1	-1	2	2	-1	-1	3	-4	-4	4	4	-3	-2	-2	-2	0	2	-4	-5	-5	0	0	2	-10	-10	-4	-4	-3	0	0	0	0	-1	-1	4	4	1	1	3	-16	1	0	0	-9	2	0	0	-4	-4	4	-2	-17	-6	-6	-2	1	0	0	
4	4	-83	58	79	79	1	1	62	-11	58	-6	-6	9	1	-28	-34	-34	-15	28	21	-5	1	1	12	-26	-19	27	27	6	-4	6	19	19	-16	-16	-60	-12	6	6	31	31	-23	-4	-4	51	51	-26	-11	-13	-13	48	48	8	-44	-42	-8	-8	52	52	-97	-97	30	30	-31	0	0	26	26	-38	20	33	33	-80	-80	-49	19	19	-21	-21	12	12	10	10	-14	-14	-49	-67	105	-26	-7	40	82	-33	-38	-28	-28	9	-28	2	-57	17	-11	-52	9	31	25	25	-47	-17	-42	-42	26	26	81	81	-17	-4	-4	86	86	-13	-27	-27	52	52	-44	-44	-5	-5	-67	-67	5	5	-11	43	43	-42	-16	-16	17	17	32	32	7	7	30	30	37	17	17	20	20	-23	-30	-30	-30	-52	16	-2	4	4	-48	-48	-23	21	21	-23	-23	18	89	19	-3	-3	5	5	7	7	4	4	0	-58	-33	46	46	-55	5	-35	-35	6	6	23	13	-8	-1	-1	35	-17	-68	-68	
6	6	-11	5	5	5	0	0	1	-6	7	-4	-4	4	6	-8	-12	-12	-2	-3	5	-6	11	11	6	-2	-3	2	2	4	-7	1	-7	-7	-5	-5	-10	6	4	4	-3	-3	-2	2	2	-12	-12	-3	11	1	1	0	0	30	-26	-26	-8	-8	0	0	-18	-18	16	16	-4	-38	-38	11	11	7	8	18	18	-21	-21	-4	10	10	8	8	3	3	4	4	-1	-1	-7	-3	5	-4	-4	26	-2	-3	-1	0	0	7	-6	-10	-3	-4	1	1	11	2	12	12	-1	-3	-1	-1	8	8	0	0	-7	-2	-2	1	1	-1	-16	-16	0	0	-3	-3	-2	-2	-9	-9	7	7	8	9	9	-5	-6	-6	3	3	-2	-2	-6	-6	-2	-2	8	-5	-5	1	1	1	0	0	0	-19	4	2	0	0	-11	-11	9	2	2	-7	-7	6	-4	-2	4	4	-10	-10	8	8	-4	-4	3	-4	-4	3	3	4	-1	-3	-3	-17	-17	-1	-8	-16	4	4	-4	12	-1	-1	
4	4	0	1	-3	-3	5	5	2	-5	-7	6	6	-2	11	-15	-7	-7	-16	0	6	-2	-1	-1	5	-7	0	12	12	8	-2	-12	-2	-2	-5	-5	0	13	6	6	-2	-2	-5	2	2	-4	-4	2	-4	6	6	0	0	1	-7	-1	-4	-4	-5	-5	3	3	3	3	-7	-6	-6	1	1	-13	9	-13	-13	2	2	7	4	4	-4	-4	10	10	1	1	-1	-1	-5	0	0	3	-7	3	-2	-4	5	0	0	2	4	4	-3	-3	9	-15	3	1	-1	-1	-2	-4	1	1	7	7	-4	-4	-1	1	1	-5	-5	3	-7	-7	0	0	0	0	-4	-4	-4	-4	1	1	2	3	3	3	-2	-2	-5	-5	-4	-4	-2	-2	-2	-2	3	-2	-2	0	0	-4	3	3	3	5	-2	-3	-5	-5	-4	-4	-1	-2	-2	-1	-1	1	-3	2	-1	-1	-5	-5	7	7	-3	-3	3	-4	-3	-4	-4	1	-2	-5	-5	-7	-7	5	-2	-3	1	1	1	1	-3	-3	
20	20	-20	14	6	6	19	19	-4	20	5	8	8	-5	7	4	-8	-8	-5	-27	4	1	5	5	1	5	-7	-6	-6	2	-1	10	1	1	-5	-5	1	50	-1	-1	3	3	-12	5	5	2	2	11	5	-13	-13	12	12	-4	4	21	1	1	-16	-16	-14	-14	16	16	-8	-6	-6	2	2	1	-22	-65	-65	17	17	16	6	6	-9	-9	8	8	2	2	-1	-1	9	-5	-5	18	-2	-10	3	2	-3	-8	-8	-6	1	-1	2	4	5	-11	3	2	2	2	-8	2	-1	-1	2	2	10	10	2	-1	-1	-1	-1	-1	-1	-1	0	0	-1	-1	-6	-6	-14	-14	-4	-4	17	-4	-4	3	-2	-2	4	4	10	10	0	0	-12	-12	2	-9	-9	1	1	-6	-2	-2	-2	26	-1	-1	-7	-7	4	4	1	-13	-13	-2	-2	-6	-7	-2	5	5	-18	-18	16	16	-16	-16	9	-11	-11	2	2	7	-2	-6	-6	-4	-4	2	-12	-7	7	7	3	-16	8	8	
Trial:2
4	1	2	2	-6	-6	-6	2	2	2	22	-3	-3	0	0	-5	0	17	-11	-11	6	6	-11	1	1	-5	-5	7	7	-9	-9	9	9	37	-18	-18	-21	-21	-12	-14	-14	-2	18	18	1	-5	4	-9	-9	-23	25	25	9	18	-14	-16	-5	-12	-11	-11	-1	14	-3	-3	26	26	2	-18	10	-20	-20	-14	-16	6	14	6	11	4	35	-10	19	19	-24	20	25	-17	-17	-33	-33	3	3	-10	-10	-7	13	19	7	7	28	28	-15	-15	-4	-4	5	5	-12	23	13	-12	-12	-26	-26	-3	-3	-25	-25	-18	5	-21	-1	21	21	14	-1	-5	1	1	9	9	-21	-21	32	32	-3	-6	3	3	16	16	-7	-2	-31	-12	-12	9	-5	4	33	33	-10	-19	1	1	-22	-1	-14	16	-3	6	6	-13	-13	-6	4	-4	-4	-3	-6	-22	1	1	-10	-15	7	36	36	-9	2	-5	-1	-35	-35	3	3	-8	-5	5	3	3	34	-5	5	5	22	22	-32	-7	-7	0	
-13	1	0	0	0	0	-7	-1	-1	-1	3	-6	-6	1	1	-6	1	-3	6	6	-2	-2	-3	0	0	2	2	7	7	-6	-6	1	1	2	5	5	-9	-9	1	-8	-8	1	-1	-1	-4	14	1	4	4	-7	-1	-1	12	3	-3	3	4	8	-15	-15	4	1	1	1	-6	-6	2	1	-6	-2	-2	-6	1	-2	2	4	18	1	-2	-8	0	0	0	-12	1	2	2	3	3	2	2	-5	-5	-1	2	2	-6	-6	1	1	1	1	-3	-3	8	8	-9	8	-2	-8	-8	-4	-4	-4	-4	-4	-4	-7	5	-9	-7	2	2	10	-10	-1	-3	-3	1	1	9	9	3	3	-8	0	-6	-6	-9	-9	-4	8	-7	-4	-4	1	-10	-4	11	11	-6	0	0	0	3	1	-3	-2	18	-10	-10	-7	-7	-2	8	-5	-5	0	-3	-9	-1	-1	-4	-5	11	2	2	5	-1	-1	2	-1	-1	-7	-7	-6	-7	0	3	3	-2	12	-6	-6	-5	-5	-10	-3	-3	13	
-14	-1	-10	-10	0	0	-8	-4	-4	-4	6	-9	-9	8	8	12	0	-8	-4	-4	-4	-4	-8	-2	-2	-6	-6	7	7	-1	-1	-11	-11	13	6	6	-4	-4	-1	-20	-20	3	2	2	1	-2	4	8	8	-2	-19	-19	9	3	3	-8	10	3	-2	-2	8	16	-6	-6	-1	-1	5	-3	-4	14	14	-6	2	-6	-10	-4	7	1	2	-17	11	11	0	-3	9	17	17	7	7	-4	-4	-13	-13	-18	-7	1	7	7	-3	-3	-5	-5	6	6	-5	-5	-2	-6	-11	-18	-18	-6	-6	-2	-2	5	5	-6	3	8	-1	7	7	-2	-15	-10	-10	-10	7	7	6	6	6	6	-8	1	-5	-5	-3	-3	0	2	-6	-4	-4	-7	1	-7	1	1	4	-3	-11	-11	7	4	21	-8	7	-3	-3	5	5	-3	3	-1	-1	-6	-5	-11	1	1	0	-7	8	4	4	12	-5	-3	-1	-9	-9	-2	-2	-4	-8	5	15	15	1	-1	3	3	-11	-11	-7	-2	-2	-2	
-9	-3	-3	-3	0	0	1	-4	-4	-4	6	-9	-9	-2	-2	2	-2	-2	-8	-8	4	4	-3	8	8	-6	-6	5	5	1	1	-9	-9	1	5	5	1	1	2	-6	-6	-5	2	2	-7	-4	-3	-6	-6	0	0	0	5	-1	7	-2	7	-8	-1	-1	5	-3	-7	-7	-1	-1	-4	0	1	7	7	-3	-1	-3	-3	-4	-4	7	-1	-7	6	6	-2	0	3	0	0	0	0	-2	-2	1	1	-2	-5	4	2	2	-11	-11	0	0	4	4	0	0	-12	-5	2	-12	-12	-1	-1	2	2	1	1	-7	3	0	-8	0	0	-1	-1	0	-4	-4	-2	-2	1	1	2	2	2	-5	-3	-3	4	4	-5	4	-3	-4	-4	-5	-3	-4	-2	-2	-1	1	1	1	-5	-4	-5	0	6	0	0	-5	-5	1	4	3	3	-2	2	-5	3	3	2	-6	6	-1	-1	2	0	-1	-7	-1	-1	-4	-4	-2	-7	3	1	1	-3	1	-1	-1	-1	-1	-3	-4	-4	0	
-60	-11	-28	-28	6	6	34	-19	-19	-19	9	-35	-35	-13	-13	11	-17	23	6	6	3	3	-12	23	23	-16	-16	62	62	-2	-2	-49	-49	-8	-7	-7	22	22	0	-17	-17	-11	-18	-18	-4	-43	-11	-1	-1	-19	8	8	2	-15	6	26	16	14	-11	-11	2	-3	-22	-22	-2	-2	-59	2	-3	20	20	-27	4	-15	-6	3	23	41	0	12	-26	-26	-1	22	28	16	16	-1	-1	27	27	-11	-11	-5	21	41	3	3	-22	-22	-11	-11	20	20	-10	-10	-11	-2	-8	0	0	-4	-4	36	36	-28	-28	7	-7	-4	-46	-1	-1	-4	-24	10	-12	-12	-8	-8	-18	-18	35	35	-3	-57	-22	-22	-10	-10	-18	-12	-26	7	7	19	-2	-20	-2	-2	-51	16	10	10	7	-14	-86	23	26	27	27	7	7	15	4	42	42	15	43	-45	8	8	18	-41	62	-3	-3	-7	-3	-9	-72	-51	-51	21	21	31	1	35	-3	-3	0	7	-5	-5	19	19	-5	-6	-6	-20	
-10	-6	-4	-4	6	6	1	-6	-6	-6	6	-8	-8	3	3	6	-3	0	2	2	-1	-1	-4	5	5	-8	-8	9	9	-2	-2	-12	-12	2	8	8	1	1	-3	-2	-2	3	-2	-2	-9	-5	-1	-1	-1	-4	2	2	3	-5	7	1	10	-9	-3	-3	8	-4	-4	-4	-3	-3	-9	4	-14	9	9	-7	7	-7	-1	1	1	8	-2	-4	4	4	-7	2	-1	5	5	-2	-2	3	3	2	2	5	-8	2	0	0	-8	-8	-1	-1	1	1	2	2	-6	2	-4	-4	-4	0	0	0	0	1	1	1	1	0	-4	-3	-3	4	-5	-2	-1	-1	-2	-2	1	1	-1	-1	5	-10	-11	-11	4	4	1	-1	-4	-1	-1	-3	-1	-8	0	0	-4	2	-1	-1	-7	-11	-3	2	7	-1	-1	-9	-9	1	1	6	6	3	1	-5	-1	-1	6	-12	8	3	3	-1	4	5	-16	-6	-6	1	1	1	0	1	-4	-4	-1	7	-2	-2	3	3	-3	-9	-9	-5	
-1	-2	1	1	-2	-2	-3	-2	-2	-2	-1	0	0	0	0	1	0	-2	9	9	-3	-3	-4	-1	-1	-3	-3	-2	-2	0	0	-3	-3	2	1	1	-2	-2	-4	-4	-4	3	-5	-5	-1	2	5	-9	-9	1	0	0	2	-4	4	2	1	0	5	5	0	-5	-7	-7	-2	-2	1	3	-14	2	2	-4	7	3	-8	1	6	0	-2	0	3	3	-5	3	-13	1	1	1	1	0	0	4	4	0	-6	1	4	4	-3	-3	1	1	-2	-2	-1	-1	-4	-1	-1	-5	-5	-4	-4	-2	-2	3	3	-6	1	-1	-1	-3	-3	2	-4	0	-1	-1	-6	-6	0	0	-2	-2	2	2	-6	-6	4	4	0	-2	-4	-4	-4	2	0	-3	1	1	1	-2	-1	-1	2	-7	-2	0	4	0	0	-11	-11	1	3	0	0	2	-2	-2	-2	-2	1	-2	0	2	2	5	0	1	-4	-3	-3	2	2	-4	-2	2	-1	-1	-3	-3	-1	-1	1	1	-4	-10	-10	4	
-2	-16	3	3	-2	-2	-6	2	2	2	0	-4	-4	-1	-1	4	6	2	45	45	-10	-10	-11	-10	-10	-3	-3	-12	-12	6	6	-5	-5	10	-3	-3	-6	-6	-2	-8	-8	1	2	2	-16	-7	54	-21	-21	-6	-9	-9	-3	-3	6	-8	4	-9	-1	-1	-3	-31	-2	-2	-6	-6	10	8	-8	-13	-13	-3	15	7	-36	1	13	-1	-10	-4	3	3	-2	9	-12	-17	-17	4	4	2	2	6	6	-5	-12	0	27	27	4	4	0	0	-7	-7	-3	-3	-3	6	0	-6	-6	-17	-17	4	4	-6	-6	-12	6	-8	-4	-1	-1	8	-7	0	-6	-6	-13	-13	-4	-4	-3	-3	5	-4	0	0	4	4	-2	-8	-6	4	4	-7	-7	1	-2	-2	0	-8	-5	-5	5	1	1	-3	2	0	0	-6	-6	0	-10	-4	-4	11	1	-4	2	2	0	0	0	6	6	14	-1	-5	3	-12	-12	8	8	13	-5	-7	-5	-5	-1	-10	-3	-3	-1	-1	-4	1	1	19	
Trial:3
3	3	3	4	-10	0	-8	-8	7	-2	7	5	-1	-1	-2	-17	1	4	4	12	12	-9	6	-3	-3	-4	-4	1	-14	-14	5	5	-9	-17	2	21	13	13	-1	-14	-14	-4	-4	0	-47	10	-10	-8	-8	27	22	22	-23	-23	-1	6	-1	-14	-14	-3	-24	-3	-3	-27	-27	5	10	-3	20	20	-7	-8	8	4	-8	-3	-2	11	2	5	5	5	7	-8	8	-5	-5	-4	-1	-15	-2	-2	5	-3	-10	-3	-3	-1	-1	5	5	5	5	-1	-1	-2	12	12	-7	-7	24	-11	-11	-1	-1	-20	-2	-10	8	2	7	-3	75	75	-20	-20	-11	-10	36	-21	-21	-5	3	-13	-13	-11	-11	-6	1	1	36	36	-25	8	-11	-7	-7	-19	-5	2	6	-2	-2	3	3	-6	-6	0	0	-3	-27	-12	-9	-9	-1	-7	25	-8	-8	3	24	11	-11	-2	-2	-11	-11	20	-15	-15	-10	-21	-21	-5	17	17	-1	-1	-11	1	1	8	-5	-5	-24	-1	-1	26	26	-4	
4	-1	-1	-11	-17	3	5	5	3	1	4	0	2	2	-1	-11	-2	-5	-5	0	0	6	1	0	0	-5	-5	6	-13	-13	-2	-2	-2	-5	1	-1	0	0	-5	-4	-4	0	0	-3	3	1	2	-11	-11	9	-2	-2	-2	-2	1	-2	0	1	1	-2	-6	-4	-4	-4	-4	0	2	0	1	1	-5	0	0	-3	-1	4	-6	3	-1	6	6	-4	2	-1	-1	-3	-3	-3	-2	-2	-2	-2	1	-9	-6	0	0	-1	-1	-1	-1	1	1	1	1	-2	3	3	-3	-3	-1	-3	-3	-1	-1	-10	-4	2	0	-1	-3	-2	4	4	1	1	2	0	2	-6	-6	-2	-4	1	1	0	0	-2	-3	-3	3	3	-1	-5	-2	-1	-1	0	-1	1	3	-7	-7	2	-2	2	2	1	1	2	-8	-5	-9	-9	-3	-1	0	-2	-2	-2	-2	-2	0	-3	-3	1	1	0	-1	-1	-6	1	1	-3	3	3	1	1	-5	1	1	-2	0	0	-8	-1	-1	1	1	0	
5	-3	-3	3	-10	3	3	3	-5	3	2	3	-1	-1	-2	2	1	3	3	-8	-8	0	4	-2	-2	-1	-1	-1	-2	-2	1	1	-7	-4	2	-14	0	0	-6	-1	-1	-1	-1	1	7	-3	1	-5	-5	5	-8	-8	-4	-4	13	-6	-7	5	5	2	-3	-7	-7	-2	-2	-15	2	3	5	5	-6	-1	4	-16	11	7	-10	3	0	6	6	-9	1	-9	-7	6	6	-2	2	-1	-4	-4	0	-22	-3	2	2	-1	-1	5	5	7	7	-4	-4	-3	2	2	-3	-3	-24	-9	-9	4	4	-13	-6	8	-12	1	-9	9	1	1	1	1	-1	4	1	-7	-7	2	-11	5	5	-2	-2	-2	1	1	12	12	-1	-6	0	9	9	6	-3	0	-3	-4	-4	-2	-1	-4	-4	2	2	-10	-19	-3	-7	-7	-7	1	-1	-12	-12	-8	0	-6	2	-4	-4	2	2	7	5	5	-6	-8	-8	-1	1	1	3	3	-3	0	0	0	-3	-3	-7	3	3	3	3	4	
0	6	6	3	-7	-3	8	8	-4	-1	-5	-1	-3	-3	-10	-2	-2	1	1	-7	-7	4	0	-15	-15	-2	-2	5	4	4	8	8	1	-3	2	-3	0	0	-8	-8	-8	-2	-2	4	1	-1	3	2	2	2	-6	-6	-12	-12	10	-2	-3	2	2	3	-3	3	3	-7	-7	1	8	-4	3	3	-1	0	1	-6	4	-1	-4	0	1	0	0	-7	-2	1	-1	-1	-1	-2	-2	2	-4	-4	-2	-7	0	-1	-1	-3	-3	3	3	-3	-3	-2	-2	-1	1	1	0	0	-13	-1	-1	-5	-5	5	-6	0	1	2	5	1	0	0	1	1	-1	4	-6	-2	-2	-6	-2	-3	-3	-6	-6	7	4	4	-4	-4	-1	-15	-4	2	2	3	4	-2	7	1	1	-1	-6	-10	-10	-1	-1	0	0	-3	2	2	-12	-2	4	-1	-1	0	-2	0	1	1	1	-4	-4	4	4	4	0	-4	-4	-4	-3	-3	-1	-1	-1	-1	-1	0	-1	-1	-8	6	6	-7	-7	7	
12	0	0	-11	-21	7	25	25	2	9	0	-13	-7	-7	-17	10	-11	2	2	-1	-1	18	13	-94	-94	7	7	8	11	11	0	0	-7	-10	-6	-23	54	54	-32	-14	-14	22	22	-10	12	18	11	35	35	-11	-36	-36	-10	-10	3	57	2	-7	-7	-8	21	11	11	-13	-13	25	5	-90	24	24	17	11	-16	-4	39	-16	-36	-35	-48	37	37	-4	-9	18	31	32	32	24	-14	9	7	7	-2	-14	-11	0	0	-66	-66	4	4	24	24	-6	-6	26	7	7	-3	-3	-48	8	8	-28	-28	28	-37	1	1	32	22	23	14	14	14	14	-8	21	-34	-34	-34	-61	23	17	17	6	6	-14	-1	-1	0	0	21	-92	6	-25	-25	55	10	-6	15	30	30	8	-29	-19	-19	4	4	-29	20	-10	21	21	43	-11	-4	-2	-2	-24	9	21	20	-29	-29	-11	-11	14	-2	-2	5	17	17	-27	-1	-1	24	24	-1	-11	-11	-8	6	6	-33	-7	-7	-49	-49	24	
3	-1	-1	7	-11	0	2	2	4	0	1	1	1	1	0	-14	-1	-6	-6	-1	-1	8	9	-20	-20	-1	-1	4	1	1	-7	-7	2	-2	3	1	-4	-4	-2	-9	-9	-1	-1	1	5	2	-3	3	3	-3	-9	-9	-5	-5	3	8	-3	8	8	1	-2	0	0	-7	-7	8	2	-9	6	6	-3	0	-7	-2	4	5	-7	2	-8	6	6	-5	-2	1	1	0	0	6	-2	0	1	1	2	0	-4	0	0	-10	-10	0	0	0	0	1	1	2	1	1	1	1	-13	-2	-2	-7	-7	5	-15	1	-1	2	3	4	3	3	4	4	-1	3	-11	-2	-2	-5	-2	0	0	2	2	3	-3	-3	-2	-2	-3	-20	-8	0	0	13	7	-5	1	3	3	1	0	-7	-7	0	0	-4	1	3	7	7	-6	-4	-5	1	1	-3	-1	4	2	-1	-1	-8	-8	2	1	1	-3	-3	-3	-2	1	1	1	1	2	-4	-4	1	-3	-3	-6	-1	-1	-7	-7	0	
2	-1	-1	10	-11	0	-2	-2	3	2	0	4	-6	-6	-3	-12	-4	2	2	1	1	6	-2	-7	-7	-4	-4	5	5	5	1	1	-17	-2	1	2	-2	-2	-3	-3	-3	7	7	-2	-2	-1	2	-2	-2	-4	-3	-3	-4	-4	2	-3	-1	3	3	5	-2	-4	-4	2	2	3	0	-2	2	2	-3	1	-6	-3	-2	3	-2	6	-3	2	2	-2	6	0	-4	0	0	-1	-1	-6	6	6	-3	-2	-3	1	1	-5	-5	-3	-3	-7	-7	3	3	1	0	0	2	2	-3	-2	-2	-4	-4	2	-3	0	-2	2	6	-11	3	3	2	2	0	3	0	-5	-5	4	-7	-8	-8	3	3	1	0	0	5	5	-2	-5	-13	-1	-1	5	7	1	-3	1	1	-1	1	-1	-1	-1	-1	-1	-4	0	6	6	-5	-2	-5	-2	-2	-2	-3	2	5	3	3	-2	-2	-2	-1	-1	-10	-3	-3	0	-3	-3	-1	-1	-1	-2	-2	0	-3	-3	-4	0	0	-1	-1	2	
2	-5	-5	14	-58	-10	-13	-13	8	-2	-2	15	-42	-42	2	-17	4	8	8	15	15	7	2	-12	-12	0	0	2	21	21	19	19	-79	2	15	1	13	13	-3	20	20	21	21	-12	-19	6	-5	-10	-10	-19	3	3	-12	-12	-10	-24	22	2	2	28	-8	-15	-15	-14	-14	-3	-3	-9	-5	-5	0	11	-5	24	-5	6	-7	29	2	-5	-5	-5	-1	6	-7	-2	-2	2	-1	-25	8	8	-8	-1	6	6	6	-1	-1	4	4	-49	-49	13	13	10	8	8	3	3	-10	-2	-2	6	6	2	-6	21	0	5	28	-52	17	17	2	2	4	4	31	-13	-13	0	-11	-13	-13	3	3	2	-2	-2	22	22	1	-3	-28	-13	-13	-2	4	4	4	-6	-6	-2	7	11	11	-2	-2	1	-5	3	11	11	-10	15	-7	3	3	-21	-7	-2	24	-3	-3	-11	-11	8	-7	-7	-5	-1	-1	-3	-12	-12	0	0	0	-2	-2	-1	-6	-6	-6	-1	-1	-3	-3	-2	
Trial:4
11	-12	-12	0	-15	-7	3	3	-15	3	2	5	5	12	24	-15	29	-10	-16	36	-5	-5	-15	-15	30	-10	-13	-13	-12	-17	-17	6	6	-10	14	6	29	1	14	14	1	3	-6	-6	-19	-19	-19	44	-5	10	10	-2	-24	6	6	0	0	23	47	22	-14	8	2	2	-13	12	4	4	-7	-7	-17	-3	-3	-1	-1	46	-6	-1	-1	-30	-30	-6	-2	-7	-8	-8	7	7	-17	-17	-14	-14	2	32	32	-16	-16	-5	-10	-16	5	5	-3	-5	3	3	-2	-2	-2	-14	-14	-5	-5	-23	-14	4	6	6	6	0	24	24	20	-18	-7	-7	-2	-5	-5	0	0	-11	-2	-2	33	33	-44	-8	-1	-1	-11	-11	-7	-15	-15	-17	2	2	-20	-5	-5	-11	-11	12	22	22	23	23	-21	-13	-16	-16	30	30	-36	-7	-7	-11	-11	-11	8	27	27	-8	-8	-50	3	3	-6	9	9	18	-1	-1	-6	-6	6	4	4	-3	-3	-25	-25	-40	26	26	26	13	-3	-3	
5	-8	-8	5	3	-5	3	3	-6	-3	2	3	3	1	13	-2	3	5	-1	-10	-11	-2	-5	-5	8	15	1	1	-2	-8	-9	4	4	1	1	-2	19	3	6	6	-1	-3	2	2	-13	-13	0	0	0	-7	-7	11	-2	-6	-6	-3	-3	-6	9	-4	0	1	-1	-1	-3	6	-2	-2	-2	-2	4	1	1	-3	-3	1	2	-5	-5	-8	-8	3	4	-7	0	0	6	6	-5	-5	-8	-8	-2	4	4	-3	-3	-1	4	4	7	7	-4	0	-8	-8	-2	-2	4	5	-1	-1	-1	-5	-3	-5	-2	-2	-3	-4	1	1	3	-8	4	4	7	-17	-17	4	4	-5	3	3	4	4	-4	-10	5	5	-1	-1	-2	0	0	-7	-3	-3	3	-5	-5	-6	-6	4	1	1	0	0	-6	-11	-1	-1	4	4	1	-2	-2	-1	-1	-1	9	-1	-1	-1	-1	-3	0	0	8	-1	-1	3	-8	-8	-5	-5	7	-24	-24	0	0	-27	-27	-11	1	1	1	13	11	11	
3	-17	-17	9	-6	-14	5	5	-3	8	-2	11	11	-4	1	-1	-1	6	8	-8	7	2	-4	-4	3	16	0	0	-1	-1	-5	-2	-2	2	5	-11	2	15	10	10	-1	6	-6	-6	-22	-22	5	1	-1	0	0	1	16	-13	-13	-1	-1	0	1	-6	2	-2	1	1	2	4	0	0	-13	-13	-4	8	8	2	2	1	1	1	1	-4	-4	1	14	-6	2	2	4	4	-6	-6	-1	-1	-3	9	9	-8	-8	1	10	4	-2	-2	1	-1	-20	-20	5	5	13	2	-7	15	15	-5	2	-12	-9	-9	-7	12	12	12	-1	0	0	0	5	11	11	-2	-2	-3	-3	-3	-5	-5	7	-9	4	4	-1	-1	-2	-5	-5	4	-5	-5	1	-6	-6	0	0	3	1	1	-6	-6	-10	-1	14	14	1	1	1	-6	-6	-1	-1	-1	6	-5	-5	3	3	2	-6	-6	2	14	14	-6	-5	-5	-9	-9	-4	-16	-16	2	2	-10	-10	6	0	0	0	-10	10	10	
-3	-5	-5	6	2	1	-7	-7	1	0	-4	12	12	-7	2	-1	4	0	3	-8	5	0	6	6	-8	-3	-1	-1	-2	-1	1	0	0	0	0	0	-3	4	-4	-4	-4	7	-1	-1	-5	-5	5	1	-1	-7	-7	5	5	-4	-4	-4	-4	-1	2	1	-3	-4	-3	-3	-1	3	-1	-1	5	5	-1	2	2	1	1	-3	5	4	4	1	1	-6	2	-5	-4	-4	-2	-2	-2	-2	-4	-4	-8	12	12	-6	-6	3	4	2	4	4	-3	0	-5	-5	2	2	4	2	-3	2	2	-4	-2	-9	-7	-7	-2	-1	-1	-1	-2	-1	4	4	1	3	3	1	1	1	4	4	-3	-3	2	-1	-7	-7	-4	-4	-2	-8	-8	8	0	0	7	-6	-6	-2	-2	-1	0	0	2	2	-2	0	-2	-2	3	3	0	-6	-6	0	0	0	3	1	1	0	0	-2	3	3	5	2	2	-3	-5	-5	-3	-3	-3	-4	-4	-2	-2	-8	-8	2	3	3	3	2	-5	-5	
-57	-16	-16	10	18	14	17	17	-2	-28	-45	35	35	-9	23	-7	22	25	4	-52	43	9	40	40	-13	-1	34	34	2	-33	11	-27	-27	-2	11	77	-16	-19	7	7	-64	39	8	8	-22	-22	-12	2	2	-9	-9	7	34	2	2	-1	-1	-1	34	7	-24	-35	-12	-12	15	-18	21	21	20	20	12	-29	-29	9	9	1	-29	21	21	37	37	-18	-104	-17	-9	-9	-2	-2	-16	-16	7	7	-43	7	7	-3	-3	25	27	-8	27	27	-13	13	25	25	-3	-3	18	21	19	-16	-16	-31	-43	-45	-10	-10	25	-6	-27	-27	-14	-7	2	2	-21	20	20	56	56	10	26	26	-37	-37	3	38	-9	-9	-43	-43	-1	-7	-7	0	3	3	27	-36	-36	-44	-44	1	4	4	12	12	-33	22	16	16	8	8	4	-49	-49	-2	-2	-2	2	-2	-2	36	36	-10	-38	-38	29	42	42	16	-14	-14	-30	-30	42	-2	-2	-19	-19	-6	-6	10	19	19	19	13	-16	-16	
-10	-10	-10	2	0	-2	-1	-1	1	-7	-6	4	4	-4	4	-1	3	4	3	-8	-5	-2	7	7	0	-3	2	2	-3	-4	8	0	0	2	-1	-2	1	-1	3	3	-10	8	5	5	-2	-2	1	1	-5	-8	-8	3	-1	-7	-7	1	1	2	4	-2	-2	-2	0	0	3	-3	2	2	0	0	-7	-3	-3	2	2	-8	-1	2	2	6	6	-2	-9	1	-3	-3	-1	-1	1	1	-5	-5	-12	2	2	3	3	2	4	2	3	3	-3	-1	0	0	2	2	0	0	3	-2	-2	-7	-2	-16	-3	-3	0	1	-3	-3	1	-4	5	5	3	6	6	5	5	-1	5	5	-9	-9	0	-9	3	3	-8	-8	1	-10	-10	2	-1	-1	3	-7	-7	0	0	5	1	1	1	1	-2	1	0	0	2	2	3	-6	-6	-1	-1	-1	0	-2	-2	5	5	-1	-2	-2	2	-2	-2	3	-6	-6	1	1	5	-2	-2	-9	-9	-3	-3	2	2	2	2	4	1	1	
0	-5	-5	2	1	3	-3	-3	0	-1	-4	-1	-1	6	1	-1	1	-3	1	-4	-7	1	-1	-1	-1	1	-1	-1	-3	-3	3	-2	-2	4	-6	-5	-2	1	0	0	0	4	0	0	-3	-3	1	1	-2	-5	-5	3	2	-5	-5	-2	-2	2	-4	-3	-9	-2	6	6	0	0	-1	-1	-4	-4	-5	-3	-3	1	1	-5	3	-1	-1	-2	-2	-1	1	0	0	0	-1	-1	-3	-3	-3	-3	-5	3	3	1	1	0	-1	-1	-1	-1	0	-3	0	0	-6	-6	2	-1	3	-1	-1	-2	0	1	-3	-3	-4	-1	0	0	1	0	1	1	3	-2	-2	-1	-1	-2	1	1	-7	-7	-2	-1	4	4	-6	-6	-1	-4	-4	1	0	0	0	-3	-3	2	2	2	-2	-2	-5	-5	2	-2	2	2	0	0	1	-2	-2	-2	-2	-2	-2	2	2	0	0	-1	2	2	2	-2	-2	2	-4	-4	-1	-1	2	-5	-5	-2	-2	-4	-4	-1	1	1	1	2	0	0	
-13	-6	-6	-1	-5	17	-9	-9	9	2	-12	-5	-5	14	4	-5	-9	-3	1	0	5	-6	-5	-5	-3	3	-6	-6	6	-14	9	3	3	1	-24	-4	-3	22	-4	-4	-1	13	-15	-15	8	8	-8	-2	-3	16	16	-6	2	-8	-8	-2	-2	5	-6	-10	-44	0	6	6	1	4	-2	-2	-14	-14	-7	-2	-2	-9	-9	2	0	3	3	-3	-3	-2	3	0	3	3	0	0	-20	-20	1	1	18	-2	-2	-1	-1	-1	0	0	-2	-2	-5	-9	-9	-9	1	1	3	-7	-3	6	6	1	-7	11	-5	-5	-6	-6	-10	-10	5	1	0	0	2	-3	-3	-1	-1	0	0	0	0	0	-3	-6	17	17	-7	-7	-2	-4	-4	2	-4	-4	0	-6	-6	1	1	0	-4	-4	-2	-2	2	1	1	1	0	0	-6	0	0	-4	-4	-4	-1	3	3	3	3	-4	7	7	-2	-9	-9	5	-4	-4	0	0	10	-8	-8	-2	-2	-3	-3	-8	-6	-6	-6	-1	4	4	
Trial:5
-16	-3	-3	7	-15	-2	-2	38	-21	-26	-26	12	-21	-21	-18	-18	15	22	22	-17	-17	-17	-9	-53	-53	-10	-10	34	2	38	38	2	2	-18	3	3	8	8	4	1	1	1	-29	-29	2	-33	-33	4	4	9	-47	-19	-1	-13	-13	18	-6	-6	20	20	44	-4	-4	-20	-20	3	3	27	27	-22	-22	12	22	-6	21	21	-1	-26	-48	-21	43	-10	-10	-1	-1	4	4	-51	-2	-4	-23	-23	-16	6	-31	13	13	-44	5	-25	67	48	48	-22	-22	23	-5	-5	-36	-36	-36	-22	-22	0	-14	-14	-14	25	7	25	25	25	6	-39	-39	52	52	-34	60	-10	-25	1	2	-13	12	12	43	43	-21	66	-19	-19	19	19	6	-29	-1	-20	-20	6	5	-11	55	-10	-10	46	8	-24	-10	-10	4	-28	-28	-29	-4	-4	-7	94	-37	2	2	-67	-26	45	19	19	-7	-7	54	-1	-30	-30	11	11	-19	44	44	-16	-16	12	14	-6	10	13	6	-33	-33	-2	43	43	
-4	1	1	11	0	-3	-3	2	-2	-3	-3	4	-7	-7	-2	-2	-6	0	0	-5	-5	-5	-2	-4	-4	5	5	-6	1	2	2	-1	-1	-5	7	7	1	1	-11	-3	-3	-3	1	1	-3	-3	-3	-4	-4	-3	-5	-1	2	5	5	-5	6	6	4	4	-4	1	1	0	0	5	5	-12	-12	-4	-4	6	7	2	9	9	-1	5	-10	-7	-4	3	3	-3	-3	0	0	-3	-3	-1	-5	-5	-5	-4	5	4	4	-7	-7	-2	4	0	0	-6	-6	3	0	0	-8	-8	-8	2	2	-7	3	3	2	6	-2	-3	-3	-3	5	-1	-1	1	1	-3	-3	-2	0	-1	-2	-8	-2	-2	-3	-3	2	5	5	5	-2	-2	-2	-4	0	-7	-7	0	4	-4	-1	0	0	-1	1	0	-3	-3	1	4	4	-7	2	2	-6	-2	-5	13	13	-2	6	2	4	4	-6	-6	1	-5	-6	-6	0	0	-8	0	0	-2	-2	-2	-1	6	3	3	3	-6	-6	2	-1	-1	
2	-1	-1	-1	-3	1	1	3	0	-3	-3	0	1	1	-2	-2	-3	4	4	1	1	1	-3	-2	-2	-4	-4	-4	-2	3	3	-4	-4	-1	2	2	9	9	-12	-3	-3	-3	2	2	5	-1	-1	-7	-7	10	0	-7	0	-3	-3	-10	-6	-6	-1	-1	-3	-1	-1	4	4	-8	-8	1	1	3	3	0	5	0	0	0	4	-1	-5	2	-9	1	1	-2	-2	3	3	-2	-8	-1	-2	-2	-2	-1	-10	4	4	-5	0	-2	-2	1	1	-12	-12	5	1	1	-6	-6	-6	2	2	3	5	5	-3	-1	-2	-3	-3	-3	6	-2	-2	2	2	-2	-7	-2	-9	7	-6	-2	-2	-2	-3	-3	4	4	-4	-4	13	13	-4	6	-4	3	3	-8	10	-16	-4	2	2	-6	2	-1	4	4	7	7	7	-4	4	4	-1	-8	-3	0	0	2	5	1	-5	-5	-1	-1	4	5	1	1	-2	-2	-5	-3	-3	-4	-4	-2	0	3	1	-4	8	-5	-5	-3	-5	-5	
-10	2	2	7	-2	4	4	0	-2	-1	-1	-3	0	0	-5	-5	-7	7	7	3	3	3	3	1	1	1	1	4	-1	-7	-7	0	0	-1	0	0	-1	-1	-7	0	0	0	3	3	4	-5	-5	-1	-1	2	3	-5	-1	-3	-3	-2	6	6	-9	-9	-7	-7	-7	6	6	2	2	0	0	2	2	-2	3	2	-11	-11	2	0	-4	-8	5	-1	-1	4	4	-3	-3	-2	-2	1	-7	-7	6	1	-4	-7	-7	2	-5	2	-2	-2	-2	-3	-3	3	6	6	-7	-7	-7	3	3	-4	1	1	-1	-4	-1	-6	-6	-6	6	-1	-1	-1	-1	0	-3	-1	-7	4	-6	7	0	0	-1	-1	2	2	-5	-5	-1	-1	-2	5	-3	1	1	-11	7	-2	-10	-2	-2	-4	2	0	-5	-5	3	0	0	3	1	1	-11	-6	1	2	2	4	5	4	-2	-2	1	1	-6	5	3	3	-1	-1	-9	-1	-1	-4	-4	-2	-4	4	-5	-4	8	-1	-1	6	-8	-8	
-67	10	10	24	-39	1	1	-8	19	1	1	-43	18	18	15	15	-56	32	32	5	5	5	3	3	3	34	34	45	28	-4	-4	32	32	-38	-23	-23	37	37	-16	22	22	22	28	28	39	-29	-29	-55	-55	-77	70	4	-54	22	22	-20	14	14	10	10	-19	-45	-45	23	23	-6	-6	36	36	-9	-9	24	-5	-7	-21	-21	21	-3	-14	-82	32	13	13	2	2	12	12	-17	16	-15	-34	-34	2	26	-31	-16	-16	17	22	-36	-8	1	1	-25	-25	9	12	12	-31	-31	-31	61	61	-14	19	19	-3	-10	4	10	10	10	-8	-11	-11	-7	-7	-12	28	36	37	16	-41	-7	52	52	-12	-12	-8	5	-2	-2	-9	-9	3	11	32	-3	-3	-53	22	4	-30	-21	-21	-12	9	-15	-91	-91	27	10	10	36	22	22	-37	3	13	5	5	-5	22	34	-19	-19	2	2	-52	-4	43	43	31	31	-102	-6	-6	45	45	2	-56	9	47	-8	-17	8	8	28	4	4	
-16	-3	-3	2	-3	6	6	1	-3	7	7	-7	5	5	-3	-3	-5	6	6	6	6	6	0	-1	-1	-2	-2	2	6	-3	-3	-10	-10	-8	13	13	-1	-1	-4	2	2	2	2	2	-2	-6	-6	-17	-17	-5	3	24	-2	2	2	-5	7	7	-12	-12	-17	-6	-6	2	2	8	8	-3	-3	3	3	10	-2	-3	-21	-21	-7	6	-6	-11	3	9	9	10	10	2	2	-6	0	-4	-1	-1	2	-3	-2	1	1	3	-12	-6	0	-3	-3	-7	-7	1	-1	-1	-9	-9	-9	9	9	-6	9	9	4	0	2	-11	-11	-11	4	0	0	0	0	1	4	0	-4	1	-6	-2	9	9	1	1	-2	5	-4	-4	1	1	-1	-2	-1	4	4	-9	2	-4	-11	-9	-9	-5	2	-2	1	1	0	1	1	1	3	3	-10	-1	-8	15	15	3	1	7	-8	-8	-2	-2	-7	2	5	5	-6	-6	-6	-10	-10	7	7	-5	-9	4	4	-6	7	6	6	6	-3	-3	
-4	2	2	1	-2	3	3	-2	-3	-1	-1	2	-3	-3	-2	-2	-1	1	1	3	3	3	-1	1	1	-2	-2	-5	4	-2	-2	-4	-4	-1	1	1	-1	-1	-4	0	0	0	2	2	0	-7	-7	-6	-6	2	2	-3	-1	6	6	0	1	1	-2	-2	-5	-1	-1	1	1	0	0	-2	-2	-7	-7	4	-3	-1	-7	-7	1	1	-6	-1	0	-1	-1	5	5	1	1	-1	-3	-1	1	1	3	-1	-3	3	3	1	-8	-3	2	-1	-1	-12	-12	5	5	5	-4	-4	-4	0	0	1	-1	-1	1	-4	-2	-6	-6	-6	4	0	0	-4	-4	0	0	0	-1	-3	-2	-3	9	9	-1	-1	0	-3	-4	-4	0	0	-1	-3	-2	1	1	-2	2	-3	-3	-3	-3	-5	1	-2	1	1	-4	-8	-8	-1	1	1	0	-3	-5	1	1	2	-8	0	-3	-3	0	0	1	4	3	3	-1	-1	-2	-2	-2	0	0	-5	-1	1	1	0	6	-2	-2	-1	-2	-2	
-1	5	5	-8	-3	0	0	6	-7	0	0	12	-13	-13	-7	-7	1	0	0	5	5	5	7	-6	-6	0	0	-4	6	-4	-4	-4	-4	-3	4	4	0	0	-3	-4	-4	-4	-6	-6	-5	-9	-9	2	2	-10	-6	-2	-5	18	18	-1	4	4	9	9	-7	-2	-2	-1	-1	-1	-1	1	1	-39	-39	7	1	6	-5	-5	2	-1	1	11	7	-4	-4	11	11	0	0	-3	-2	1	2	2	1	9	-10	6	6	-3	-6	-2	2	3	3	-50	-50	13	25	25	-6	-6	-6	1	1	17	-13	-13	-5	1	-6	-6	-6	-6	3	5	5	0	0	4	-6	-3	-6	-6	2	-14	20	20	4	4	-2	-2	-8	-8	3	3	13	-4	-2	-4	-4	-1	8	-9	-4	-5	-5	-1	-3	-4	4	4	-8	-44	-44	5	-7	-7	2	10	-8	-1	-1	-11	-47	-2	-1	-1	6	6	6	4	-4	-4	-1	-1	-10	2	2	3	3	-2	-6	4	2	5	20	-7	-7	-2	-5	-5	
Trial:6
-8	-34	-34	3	-20	4	4	24	24	2	-12	19	-38	-38	-43	39	8	5	5	8	8	49	49	-8	-8	14	-20	-13	22	22	8	-17	-29	-11	-11	-4	-4	-14	-14	10	10	31	-37	-13	4	4	21	-2	1	-5	-11	-11	-17	-5	16	-16	-16	5	-29	-30	-30	-2	-2	-55	-21	-10	-2	-2	20	13	-19	-19	22	22	6	3	-21	-16	7	39	-2	6	6	-13	-13	-9	-24	9	-4	-4	16	16	14	-5	-5	27	27	-4	1	-20	-20	-20	-13	-3	-20	-20	-23	-23	-17	21	45	-27	-27	-4	6	-2	-5	87	10	24	-31	-31	-19	-19	24	-3	-25	-20	-20	-5	2	-23	-35	-35	5	-33	16	16	13	13	-10	-5	1	-4	-4	-13	-8	-7	-5	-5	-1	34	-3	-9	-18	-18	5	5	2	22	-22	-22	17	-3	46	-47	-47	-8	-8	-8	-8	-8	62	62	-12	-12	17	17	-19	-19	-27	-36	-4	-13	-13	-8	-5	-3	1	1	13	13	6	6	-8	-8	-26	-18	41	-24	
-4	-4	-4	-3	2	-1	-1	0	0	-2	2	1	-3	-3	0	3	1	-8	-8	1	1	3	3	1	1	10	4	-2	-2	-2	-10	-5	-9	6	6	-1	-1	-2	-2	0	0	2	-11	-2	5	5	11	2	0	-1	-3	-3	-5	3	5	-1	-1	-10	-8	-6	-6	-3	-3	-3	6	0	1	1	-5	-1	-7	-7	2	2	-1	-7	3	-2	-1	6	-8	0	0	-9	-9	-5	-3	-5	-1	-1	3	3	-2	0	0	3	3	-6	-3	4	1	1	-3	3	-7	-7	-4	-4	-5	1	9	0	0	-8	0	-5	-4	8	2	1	-4	-4	6	6	0	2	-3	-7	-7	0	0	-6	-3	-3	-4	-3	7	7	-2	-2	-2	-5	-2	2	2	-2	-1	-6	7	7	-9	1	5	-1	-1	-1	-5	-5	-4	-1	-4	-4	9	-5	1	-7	-7	-1	-1	-1	-1	-1	1	1	-5	-5	3	3	-5	-5	-4	-1	-1	-1	-1	-4	-5	3	0	0	1	1	8	8	-2	-2	-10	-5	-3	-2	
0	-5	-5	-1	1	0	0	-1	-1	2	-3	-2	-3	-3	-4	1	2	-5	-5	-1	-1	-14	-14	8	8	0	6	-1	2	2	3	3	-5	4	4	-1	-1	1	1	-1	-1	-4	3	-3	18	18	-2	-1	0	4	-1	-1	-7	0	-1	-1	-1	-21	-2	-1	-1	0	0	1	4	0	6	6	-1	-2	1	1	-2	-2	-1	-9	3	-4	-1	0	2	-3	-3	-10	-10	-2	-8	-9	4	4	1	1	1	-1	-1	3	3	-3	-6	1	2	2	-3	-2	-5	-5	1	1	-3	2	9	3	3	-3	1	1	-6	-3	-3	-3	-3	-3	3	3	0	-4	-5	-7	-7	4	3	0	-5	-5	-4	-2	1	1	-14	-14	3	-3	-2	7	7	9	2	-7	8	8	-4	-2	3	-3	-5	-5	-12	-12	3	-4	-4	-4	5	-3	-5	-1	-1	4	4	4	1	1	0	0	-5	-5	-13	-13	7	7	-3	6	-4	1	1	-4	-17	4	2	2	2	2	6	6	5	5	-4	-5	3	-4	
-3	-9	-9	-3	1	-2	-2	8	8	0	-5	1	1	1	-2	-11	3	2	2	-6	-6	-4	-4	3	3	-12	5	1	4	4	4	1	-5	-5	-5	2	2	0	0	2	2	0	2	-3	3	3	-10	1	2	2	-3	-3	-1	-1	5	-1	-1	-3	-4	1	1	2	2	-3	9	-3	-2	-2	-2	-2	-5	-5	6	6	-1	2	-5	-5	-4	2	-4	1	1	-11	-11	2	-5	2	2	2	-2	-2	-3	2	2	-1	-1	-1	-5	5	-5	-5	3	-2	-6	-6	-3	-3	1	2	-2	10	10	-3	-3	1	-2	-3	2	-1	0	0	-2	-2	2	-7	-3	-4	-4	2	-6	-1	3	3	-3	-6	-4	-4	-1	-1	0	-6	0	5	5	-3	-1	-5	-1	-1	-5	0	2	4	-2	-2	-5	-5	1	-8	-2	-2	2	-2	-2	-4	-4	-4	-4	-4	-13	-13	2	2	-5	-5	3	3	0	0	5	4	-1	-1	-1	-6	0	-3	4	4	-1	-1	8	8	4	4	-3	-4	2	-9	
5	-16	-16	4	-26	-75	-75	49	49	-14	14	43	-9	-9	22	-8	-12	4	4	-10	-10	-3	-3	13	13	-98	4	25	27	27	57	17	3	-51	-51	15	15	-43	-43	92	92	22	9	8	25	25	-11	-8	-7	12	3	3	-31	6	21	-14	-14	-24	-41	3	3	-2	-2	-39	-23	-27	-8	-8	14	-13	-5	-5	16	16	25	9	-20	-16	7	15	-13	-7	-7	-15	-15	-4	-21	-4	7	7	-10	-10	-2	2	2	-15	-15	21	-4	7	-13	-13	-26	-26	-9	-9	5	5	-29	-8	-26	26	26	12	-16	17	-20	15	-4	-43	-34	-34	-16	-16	35	0	19	-1	-1	23	-53	-46	27	27	11	-16	-16	-16	11	11	19	-26	10	0	0	12	-15	-14	-9	-9	-3	6	7	-32	0	0	2	2	14	-9	-11	-11	5	5	15	17	17	-55	-55	-55	-24	-24	-2	-2	15	15	18	18	-3	-3	53	-1	-11	-23	-23	-6	15	-62	10	10	19	19	-6	-6	17	17	19	-4	-4	37	
-2	-8	-8	0	9	1	1	7	7	-5	-3	5	-4	-4	1	0	0	3	3	-7	-7	3	3	1	1	-18	3	8	3	3	6	4	-3	6	6	3	3	-8	-8	-3	-3	2	4	1	-1	-1	3	-5	-2	1	3	3	-2	-3	8	-4	-4	-4	-12	0	0	3	3	-3	2	-6	-13	-13	-6	0	1	1	5	5	1	3	-4	0	2	-1	-1	0	0	-7	-7	0	-1	1	0	0	3	3	-10	2	2	1	1	2	-4	1	-3	-3	-4	2	-7	-7	1	1	-12	4	4	3	3	-2	-10	3	-3	0	2	-5	-10	-10	3	3	2	-5	0	1	1	0	-7	0	3	3	-3	2	-1	-1	0	0	-5	-4	-3	-5	-5	3	1	-3	1	1	-8	-1	0	-6	9	9	-2	-2	1	-6	-5	-5	0	1	-6	-2	-2	-7	-7	-7	-4	-4	2	2	1	1	4	4	0	0	1	9	-2	-1	-1	-9	2	-5	2	2	2	2	7	7	3	3	-2	-3	-7	-3	
0	-3	-3	-3	2	-2	-2	2	2	1	-4	2	-1	-1	-2	-2	-1	1	1	-2	-2	-2	-2	1	1	-5	1	-2	1	1	1	0	-2	4	4	0	0	-2	-2	-3	-3	0	0	-2	-1	-1	-2	-2	-2	-2	0	0	1	-3	5	-4	-4	-4	-5	-1	-1	-1	-1	4	3	-4	0	0	-2	-1	-3	-3	0	0	0	0	-3	-3	-1	0	-1	0	0	-5	-5	-1	-1	-2	2	2	-1	-1	-2	-2	-2	2	2	-7	-3	-1	-1	-1	-5	1	0	0	0	0	-5	-1	-5	0	0	-3	-1	1	-6	3	-1	-3	0	0	2	2	2	0	-3	1	1	1	-3	4	-1	-1	-3	1	0	0	-3	-3	-8	0	0	-5	-5	-1	-1	-6	-2	-2	-2	2	-1	1	10	10	-1	-1	3	-11	-3	-3	-1	-1	-7	-3	-3	-3	-3	-3	-3	-3	-1	-1	-2	-2	3	3	7	7	-4	3	-4	-1	-1	-2	-1	-2	3	3	-3	-3	1	1	-1	-1	-2	-3	-2	-1	
0	3	3	-5	-2	0	0	3	3	1	1	5	-8	-8	-3	2	1	0	0	-1	-1	0	0	-2	-2	-1	-5	-4	-2	-2	18	-2	-9	7	7	-2	-2	-6	-6	-6	-6	2	-2	-4	-1	-1	-2	0	-2	0	-2	-2	-3	-4	4	-3	-3	-6	-4	-6	-6	1	1	12	7	-7	-4	-4	-1	4	-6	-6	-2	-2	-1	0	-6	-3	3	5	0	-1	-1	-8	-8	-3	-2	-1	20	20	-2	-2	-7	-8	-8	6	6	-16	1	-3	4	4	-7	11	5	5	2	2	-8	-5	-6	-3	-3	-1	0	7	-6	11	-2	-1	6	6	-3	-3	-1	-1	-9	-10	-10	-1	1	-1	-2	-2	-1	-2	1	1	-1	-1	-10	-7	4	-4	-4	0	1	-4	2	2	14	1	-6	-4	8	8	16	16	-1	-11	-7	-7	-2	-5	-2	-10	-10	-8	-8	-8	0	0	8	8	-3	-3	3	3	3	3	2	-4	-6	-2	-2	-2	-6	1	5	5	-6	-6	-2	-2	0	0	-19	-7	-13	8	
Trial:7
-5	10	10	-16	-5	-5	15	15	-5	21	8	8	6	-11	-1	1	4	12	12	3	-4	-4	2	1	-14	-9	-7	-10	-14	-14	25	-4	-8	-8	-3	-3	-15	5	4	-4	-4	3	-5	-4	-4	6	-4	-4	-8	-8	5	5	12	-1	2	-4	-4	-14	3	2	-2	-2	-2	1	23	-2	-3	-3	-9	-9	-1	-1	2	2	-1	6	-2	-8	-8	-8	-6	8	3	-1	2	-5	-5	2	-5	-1	-10	-10	4	4	3	3	-1	-9	0	-1	-1	-1	-1	-2	-3	-5	-9	4	4	1	5	5	24	24	-17	-17	-3	-1	-7	-7	-9	4	4	-3	-3	15	-5	-5	13	-3	-10	-4	-4	-4	4	4	-6	27	1	-13	2	2	-10	0	-1	-2	-2	-9	23	0	0	4	4	-2	1	2	-2	-2	-18	-18	-9	-7	-7	-1	3	3	15	1	1	-3	-3	-13	1	1	21	4	4	0	-15	-15	2	2	-2	2	2	2	12	-7	3	-6	-6	1	1	2	-9	-9	7	7	-2	7	
-7	0	0	9	-3	-3	-8	-8	-14	5	4	4	7	-11	0	-5	11	9	9	-8	-2	-2	-4	1	-5	-5	-6	-8	-5	-5	6	1	-5	-5	5	5	-6	-10	1	1	1	0	-3	-12	-12	4	-6	-6	-6	-6	11	11	-2	1	6	-6	-6	-3	-2	-6	-4	2	2	1	3	8	-10	-10	-1	-1	-3	-3	-1	-1	-4	-3	7	-5	-5	-5	-7	3	-8	-2	-5	-6	-6	7	-3	-7	0	0	-2	-2	-11	-11	5	-19	-1	1	1	0	0	11	-9	-6	-3	1	1	0	-1	6	10	10	-10	-13	-2	0	-8	-8	-6	3	3	1	1	1	-4	-4	0	5	-6	-8	-5	-5	3	3	-7	12	-1	1	5	5	-7	-2	5	-13	-13	-13	1	4	0	8	8	-10	2	11	-3	-3	-6	-6	-9	-9	-9	9	6	6	-3	10	10	2	2	-7	-15	-15	13	1	1	-4	-2	-2	-1	-1	2	5	5	5	4	-8	7	2	2	0	0	-7	-11	-11	-2	-2	4	6	
-6	0	0	0	1	1	-4	-4	-3	0	-2	-2	6	-20	3	-8	5	-3	-3	-11	7	-2	0	-1	-1	-6	3	0	-12	-12	6	-3	-5	-5	3	3	-5	-1	2	2	2	-5	-2	-4	-4	5	4	4	-3	-3	-2	-2	-5	4	4	1	1	5	-6	2	5	-3	-3	-3	2	-2	-2	-2	-3	-3	3	3	3	3	-2	-7	13	-13	-13	-13	-13	3	-4	-3	0	-6	-6	10	0	-3	-3	-3	0	0	-5	-5	-2	-4	-1	-3	-3	7	7	1	-2	-2	4	9	9	3	-5	2	-8	-8	-8	4	-3	1	-2	-2	-4	-3	-3	1	1	4	-2	-2	2	-9	-2	-8	4	4	1	1	0	3	-7	3	0	0	6	3	-1	-2	-2	-1	-1	-2	1	2	2	8	-10	0	0	0	-4	-4	3	-2	-2	1	2	2	-6	3	3	-6	-6	-7	-1	-1	-18	4	4	-7	4	4	-2	-2	0	-16	-16	-16	5	-5	-1	2	2	-2	-2	2	-11	-11	3	3	-2	4	
-2	-3	-3	3	-2	-2	-3	-3	-1	4	0	0	1	-4	-2	-1	0	-2	-2	-5	3	-1	0	3	-9	-3	-3	2	-6	-6	-3	-1	-11	-11	5	5	-1	0	1	6	6	-4	-5	1	1	4	-4	-4	0	0	2	2	-4	2	0	-4	-4	4	-2	-5	1	1	1	1	-4	-1	-3	-3	0	0	0	0	0	0	0	-1	2	-4	-4	-4	-3	2	-3	0	1	5	5	-2	-1	0	-4	-4	-4	-4	-4	-4	-3	-3	-4	-3	-3	5	5	2	-3	-1	1	2	2	1	0	-2	-14	-14	-7	1	5	1	-5	-5	1	2	2	-2	-2	2	-3	-3	0	-8	-1	-3	5	5	0	0	-4	0	-1	0	4	4	0	0	-5	-2	-2	2	-2	0	-2	1	1	0	1	-6	-1	-1	-2	-2	1	-2	-2	4	0	0	-8	4	4	-7	-7	-2	1	1	-4	3	3	1	4	4	-5	-5	7	-2	-2	-2	3	-5	-2	2	2	-2	-2	0	-4	-4	5	5	-4	2	
3	49	49	22	-8	-8	-5	-5	-8	16	-11	-11	27	-10	-30	12	-10	-5	-5	-23	4	15	-20	-1	-9	-10	-19	13	10	10	-13	-27	-30	-30	20	20	12	-3	12	-7	-7	-10	4	17	17	44	-29	-29	-3	-3	11	11	-3	38	8	-17	-17	16	0	1	-16	16	16	21	-6	17	-7	-7	26	26	-27	-27	0	0	-21	17	18	1	1	1	-10	-10	-4	9	23	25	25	2	-7	-12	13	13	-31	-31	17	17	-14	17	-10	7	7	15	15	19	-55	-39	-30	-9	-9	17	10	-71	7	7	-6	56	36	2	-22	-22	2	7	7	-14	-14	14	0	0	-15	-1	9	-71	37	37	12	12	-30	1	2	35	39	39	5	-19	-13	-11	-11	30	-11	4	18	-1	-1	-11	5	-30	13	13	-10	-10	27	7	7	-5	-10	-10	-40	17	17	-26	-26	-27	-33	-33	11	39	39	-1	30	30	14	14	2	8	8	8	52	-85	-7	15	15	-15	-15	-21	-69	-69	10	10	11	26	
1	8	8	2	2	2	0	0	-3	6	-5	-5	0	-1	-3	5	-1	-1	-1	-5	3	3	-5	0	-3	-3	-6	4	1	1	-7	-3	-7	-7	3	3	3	-5	1	-2	-2	1	-2	4	4	6	-8	-8	-6	-6	2	2	-4	6	2	-6	-6	5	-3	-3	1	6	6	5	-2	5	-4	-4	0	0	-5	-5	-3	-3	-7	1	3	3	3	3	2	-2	-1	1	3	2	2	-2	-1	0	1	1	-6	-6	0	0	-7	0	2	-6	-6	3	3	3	-2	-6	-10	-1	-1	0	-1	-6	-9	-9	-9	7	6	8	-2	-2	0	3	3	-4	-4	4	-3	-3	-1	-3	0	-3	0	0	3	3	-6	-2	0	3	3	3	1	0	-2	-6	-6	5	-6	1	0	2	2	-1	3	-15	4	4	-1	-1	12	-1	-1	0	-5	-5	-9	6	6	-5	-5	-7	-4	-4	-4	9	9	-4	7	7	0	0	3	-1	-1	-1	7	-15	-3	1	1	-6	-6	-1	-5	-5	1	1	-1	-3	
1	-1	-1	3	-1	-1	-1	-1	-1	0	-4	-4	1	0	0	-1	-2	-1	-1	-3	0	1	-2	0	-2	-1	-5	0	-2	-2	-4	-2	-2	-2	0	0	-2	-1	1	-2	-2	-2	-4	1	1	0	-3	-3	2	2	-2	-2	-3	1	2	-2	-2	0	-6	-2	-2	2	2	1	-2	-2	-1	-1	-2	-2	-3	-3	-1	-1	-2	1	1	0	0	0	2	-1	0	-2	2	-2	-2	0	-2	0	1	1	0	0	-2	-2	-3	-2	0	-2	-2	0	0	2	-2	-1	-1	-3	-3	0	-2	-2	-6	-6	-7	0	1	1	0	0	0	0	0	-2	-2	2	-3	-3	0	-3	-1	-4	-3	-3	3	3	-1	-1	0	0	-1	-1	-2	0	-2	-2	-2	2	-3	-1	0	1	1	0	2	-4	1	1	-1	-1	2	-3	-3	4	-1	-1	-4	4	4	-2	-2	-4	-4	-4	-2	3	3	-3	-1	-1	1	1	3	0	0	0	0	-2	0	0	0	0	0	-2	-1	-1	-1	-1	-1	0	
-2	-1	-1	1	0	0	-1	-1	0	1	-1	-1	0	-2	-1	-1	-3	0	0	1	0	0	-2	-1	0	-2	-5	-2	-4	-4	3	-5	-2	-2	0	0	-2	-1	-1	-3	-3	-2	-1	2	2	0	-4	-4	1	1	-1	-1	-1	2	0	-1	-1	-2	-1	0	3	1	1	-2	0	0	1	1	-2	-2	0	0	-2	-2	-3	2	-3	1	1	1	1	0	0	0	0	-3	-3	0	3	1	-4	-4	-1	-1	0	0	-1	-7	1	-2	-2	0	0	-1	-2	-1	0	-3	-3	1	2	-1	-2	-2	-6	-1	3	-1	-1	-1	-3	4	4	-1	-1	1	-2	-2	1	-5	-3	-1	-2	-2	2	2	-4	-1	0	-2	0	0	3	0	-4	0	0	-1	-1	-3	1	0	0	0	2	-2	2	2	-1	-1	-3	-4	-4	-1	-1	-1	-2	2	2	-4	-4	-6	-2	-2	-1	2	2	-3	-2	-2	-1	-1	2	0	0	0	4	-2	-1	0	0	1	1	2	-1	-1	-3	-3	-1	0	
Trial:8
6	7	-11	2	0	-2	-3	-3	3	-1	-20	-20	-3	-3	1	4	4	5	5	-2	1	1	1	-3	-7	-7	6	6	3	3	-1	-1	-1	-5	0	0	-4	16	16	-6	-6	-4	-13	-13	1	1	-3	-7	20	20	-18	-18	3	-10	-4	-4	2	2	0	-3	-3	3	3	1	0	-3	-1	-1	0	-3	1	-12	7	7	-6	-13	-4	-1	8	8	3	10	4	-5	-5	-2	-6	4	4	-9	-7	-7	2	2	-4	-4	2	2	-5	1	1	-3	-3	3	1	-5	-5	0	0	5	-2	-2	-1	-1	1	1	-2	-2	1	1	0	-3	-3	-2	-2	-1	-6	4	4	-1	-1	-1	-2	-2	-2	-2	5	-8	-8	1	1	-1	-3	-3	-2	-1	-1	-8	-7	-7	4	4	6	2	-1	1	1	4	-4	1	0	0	-11	0	1	-2	6	-10	-2	5	-6	-3	-3	-5	0	2	3	0	0	-8	-8	6	9	9	0	0	-7	-7	0	0	6	-6	37	-24	-24	-6	-6	19	-1	1	
1	-2	-3	-2	-2	-1	0	0	3	-1	4	4	-6	-6	-2	-1	-1	1	1	-3	2	2	2	-4	-1	-1	4	4	-3	-3	-3	-3	-3	1	-2	-2	1	6	6	-5	-5	3	-4	-4	-1	-1	-2	-6	4	4	0	0	2	-7	-2	-2	-4	-4	-1	-7	-7	3	3	0	0	3	-3	-3	-2	-2	-5	0	-3	-3	-3	2	-3	-4	4	4	1	1	2	2	2	-6	6	-2	-2	-11	-4	-4	2	2	-4	-4	-5	-5	-10	5	5	4	4	2	-1	0	0	1	1	-3	-7	-7	2	2	5	5	-5	-5	-5	-5	1	1	1	6	6	5	-6	-4	-4	-1	-1	-18	7	7	-6	-6	-4	-14	-14	8	8	2	1	1	-1	3	3	-3	-7	-7	8	8	0	2	-4	2	2	14	-13	-7	2	2	-4	-8	6	-3	3	-7	-2	15	-9	-6	-6	-3	-2	-1	3	7	7	0	0	4	9	9	-2	-2	-4	-4	-1	-1	-5	-7	2	-5	-5	7	7	-10	2	13	
-6	2	-3	-2	-2	0	0	0	0	-18	7	7	-3	-3	0	1	1	3	3	-3	7	7	7	0	-3	-3	-2	-2	-4	-4	-1	-3	-3	0	1	1	-3	3	3	-1	-1	-3	-1	-1	1	1	2	0	-5	-5	-2	-2	3	-7	4	4	-5	-5	3	-16	-16	4	4	0	-1	0	-20	-20	3	7	-6	1	7	7	-5	-9	-3	-6	2	2	6	0	2	2	2	-8	12	2	2	2	6	6	-2	-2	-8	-8	6	6	2	4	4	-5	-5	13	2	-15	-15	-5	-5	11	-1	-1	-5	-5	2	2	-9	-9	-11	-11	5	-5	-5	-6	-6	5	7	-11	-11	-2	-2	-5	21	21	-16	-16	-9	-21	-21	15	15	-8	29	29	-2	-6	-6	8	3	3	9	9	-6	2	-22	-4	-4	-3	-4	-8	23	23	-16	-2	0	-5	9	6	13	2	0	-4	-4	-8	1	2	1	-19	-19	6	6	7	-2	-2	2	2	1	1	4	4	-7	-1	-1	4	4	-6	-6	-8	2	7	
-4	-2	-4	-4	-1	-1	2	2	-1	0	-1	-1	3	3	-1	-2	-2	1	1	1	1	1	1	0	-2	-2	-2	-2	0	0	-1	-4	-4	-4	0	0	-8	1	1	1	1	-6	-2	-2	3	3	0	0	1	1	0	0	-4	-1	0	0	0	0	3	-3	-3	-3	-3	1	1	0	-3	-3	-15	3	-7	-1	2	2	-2	5	-9	1	0	0	3	0	-2	7	7	-8	3	5	5	-4	-1	-1	-11	-11	-3	-3	5	5	2	-1	-1	2	2	-5	-4	-10	-10	-3	-3	2	-2	-2	1	1	9	9	-1	-1	-3	-3	0	-6	-6	-4	-4	3	-1	-1	-1	0	0	-5	0	0	-2	-2	-1	-5	-5	1	1	-2	10	10	4	0	0	-6	-1	-1	2	2	-5	-3	-11	-4	-4	4	2	-2	6	6	-5	6	-5	0	3	4	-3	-2	6	-7	-7	-1	-7	5	4	-5	-5	-6	-6	0	0	0	4	4	-1	-1	2	2	-2	-1	3	0	0	1	1	-3	-3	3	
2	-14	8	-66	-7	-34	36	36	-12	18	4	4	19	19	21	2	2	28	28	-6	-11	-11	-11	-30	1	1	12	12	-8	-8	-9	20	20	-52	22	22	0	-22	-22	7	7	8	7	7	-26	-26	12	-16	27	27	-9	-9	23	22	-7	-7	5	5	-3	8	8	-22	-22	-27	52	25	2	2	-27	14	-46	30	-19	-19	-6	7	-8	-5	29	29	6	-20	-50	11	11	-6	19	24	24	-40	-23	-23	-43	-43	5	5	25	25	-46	35	35	-9	-9	7	19	4	4	-16	-16	-4	-5	-5	27	27	30	30	-7	-7	8	8	1	-21	-21	9	9	40	16	-19	-19	-11	-11	-9	-12	-12	9	9	29	17	17	4	4	-20	14	14	80	-25	-25	15	-27	-27	-3	-3	-5	-18	-22	-39	-39	-37	36	2	5	5	-15	14	-20	49	29	-18	17	-37	36	-44	-44	13	-40	30	25	-18	-18	-7	-7	-45	97	97	-22	-22	-17	-17	18	18	31	-17	-22	-16	-16	-7	-7	9	-32	26	
-3	-1	-2	-5	-5	-2	3	3	-4	0	2	2	1	1	4	-6	-6	3	3	0	-2	-2	-2	-1	-1	-1	1	1	4	4	-3	-5	-5	0	2	2	1	-1	-1	-5	-5	-5	-3	-3	-4	-4	2	-1	3	3	0	0	-3	4	0	0	-2	-2	4	1	1	-7	-7	1	-4	4	3	3	-6	3	-3	-2	-1	-1	1	1	-8	-4	2	2	1	0	-19	8	8	-6	6	1	1	-6	0	0	-4	-4	-2	-2	6	6	-11	-11	-11	-1	-1	-3	5	-5	-5	2	2	-1	1	1	1	1	8	8	-9	-9	5	5	2	-6	-6	3	3	1	1	4	4	-2	-2	-6	-6	-6	6	6	2	0	0	4	4	-1	3	3	10	-3	-3	-3	-8	-8	-3	-3	2	-1	-13	-6	-6	2	4	-3	4	4	-5	6	-6	11	7	-2	-3	-6	4	0	0	0	-9	1	3	-6	-6	-1	-1	-9	5	5	-3	-3	-1	-1	8	8	3	-7	5	-3	-3	-4	-4	-2	-9	1	
1	1	1	-3	-7	-1	-3	-3	1	4	-1	-1	-1	-1	9	-7	-7	2	2	-4	1	1	1	-6	-1	-1	0	0	-2	-2	2	-5	-5	-1	-5	-5	2	-1	-1	-2	-2	0	-3	-3	1	1	-1	-4	4	4	-4	-4	-3	-3	4	4	0	0	0	0	0	-3	-3	1	-1	-4	4	4	-2	-3	2	-3	-4	-4	11	4	-4	-1	-2	-2	-3	1	-4	2	2	-3	-1	0	0	0	2	2	-2	-2	-4	-4	-3	-3	-4	-4	-4	2	2	-2	0	-3	-3	0	0	2	5	5	-3	-3	2	2	-5	-5	1	1	-1	-1	-1	0	0	-4	-3	2	2	-1	-1	-3	-1	-1	0	0	-1	-5	-5	-1	-1	1	0	0	-6	-1	-1	-1	0	0	-4	-4	1	1	-6	-1	-1	0	-3	1	-1	-1	-3	0	0	-1	2	1	-2	-2	3	-1	-1	-4	-1	-1	3	-1	-1	-4	-4	-1	0	0	3	3	-3	-3	1	1	7	-8	-2	-5	-5	0	0	-4	0	-8	
2	6	2	-5	-10	-5	-4	-4	-1	5	-4	-4	-5	-5	19	-5	-5	24	24	-10	-5	-5	-5	-7	-7	-7	9	9	-5	-5	-1	-7	-7	-4	-5	-5	-2	2	2	-1	-1	0	-6	-6	1	1	-4	-3	-1	-1	-26	-26	-2	-2	8	8	3	3	5	3	3	-3	-3	2	1	-5	28	28	-3	-8	7	-10	-32	-32	17	1	-6	-1	0	0	9	11	3	3	3	-6	2	0	0	-1	1	1	-3	-3	-4	-4	-1	-1	-6	-3	-3	1	1	0	1	-4	-4	1	1	1	3	3	-1	-1	1	1	-5	-5	1	1	0	0	0	2	2	-3	-3	-1	-1	-1	-1	0	-5	-5	-3	-3	-1	0	0	-2	-2	-2	2	2	-10	-3	-3	-3	2	2	-3	-3	5	2	-5	-7	-7	0	-1	3	-1	-1	-3	1	16	-4	-5	1	-3	-1	0	-2	-2	-6	3	-7	6	-2	-2	-5	-5	0	-1	-1	7	7	-5	-5	0	0	32	-50	-17	-11	-11	4	4	1	-1	-32	
Trial:9
2	2	2	4	4	4	-3	-3	3	-1	3	2	2	-4	-2	-3	-3	-5	-5	-3	-3	8	7	7	-16	-2	9	-4	-4	10	38	-93	-93	-60	-60	-101	-25	100	127	127	20	-10	-26	12	12	-19	10	44	44	-29	13	-32	32	53	72	72	-65	19	-33	-33	4	-34	-5	24	8	-53	-53	5	23	20	-41	-41	-15	-15	-8	6	6	85	85	-4	-15	-15	2	-18	-52	-31	9	9	-2	-2	-22	9	7	-23	-23	-9	21	1	-1	3	3	4	34	3	3	10	10	58	34	-18	-18	-18	-34	12	-36	14	-5	-28	0	-25	7	4	4	1	-30	-15	-60	-12	41	7	-11	-18	12	12	33	62	0	-5	-5	-21	-20	-2	4	4	14	-15	-56	-56	-6	-6	-1	12	12	-33	-33	16	26	10	10	42	42	26	26	-31	-12	-12	76	76	-19	-19	-7	-7	-55	-55	-3	9	-22	-22	-20	-3	14	16	16	-5	-5	-5	2	2	5	5	-26	0	-21	9	9	25	-13	-4	-4	-52	
4	4	4	-2	3	3	0	0	-5	0	-4	-5	-5	-1	-6	1	1	-5	-5	5	-6	3	5	5	-6	-3	-2	4	4	2	-8	-4	-4	-9	-9	-6	-2	9	-3	-3	-7	3	14	-3	-3	9	-6	-8	-8	1	-9	-1	-3	1	4	4	-12	-3	-12	-12	3	1	5	14	-3	-6	-6	5	15	-1	0	0	-4	-4	-3	2	2	-4	-4	2	-2	-2	-4	-1	-10	7	-5	-5	-6	-6	-1	4	0	-5	-5	0	-5	0	-1	10	10	-6	-3	0	0	-2	-2	15	-6	-5	-8	-8	1	-13	-5	3	2	-4	-6	-3	-1	1	1	10	2	-3	-5	-5	7	2	-2	-6	-2	-2	3	2	-2	-5	-5	-7	-5	-1	-1	-1	2	2	-3	-3	-5	-5	1	-2	-2	-1	-1	2	4	6	6	-7	-7	-1	-1	-8	-6	-6	4	4	-3	-3	4	4	3	3	-3	3	-2	-2	-5	-2	-2	7	7	-3	-8	-8	4	4	0	0	1	-4	-1	-1	-1	-1	3	0	0	0	
-2	-2	-2	-3	-2	-2	-4	-4	6	-3	4	-19	-19	3	-6	13	13	-5	-5	-1	8	2	6	6	-4	9	0	-6	-6	1	-25	-3	-3	-9	-9	2	0	-3	-7	-7	-4	4	2	-1	-1	1	-19	0	0	1	5	4	1	0	-4	-4	-6	-3	1	1	0	-3	-18	0	4	-1	-1	3	2	2	6	6	1	1	-5	-1	-1	-4	-4	-5	3	3	-2	-6	-4	-2	-3	-3	1	1	1	8	-1	-1	-1	-2	-2	1	1	4	4	-3	4	-3	-3	2	2	-3	0	2	-7	-7	-3	-3	-2	-6	-27	7	4	-2	2	0	0	4	-1	10	7	-5	0	6	2	-4	1	1	3	2	1	-3	-3	-3	-1	-3	0	0	-4	0	-1	-1	-1	-1	-6	-2	-2	-4	-4	-5	9	4	4	-24	-24	-1	-1	-1	0	0	4	4	-1	-1	3	3	5	5	-5	1	-1	-1	0	-5	0	8	8	-7	-5	-5	5	5	-2	-2	2	-2	-2	0	0	0	11	-7	-7	0	
-3	-3	-3	-4	-5	-5	0	0	2	1	2	-5	-5	-2	-5	0	0	-9	-9	-2	6	-2	6	6	-5	-4	1	-6	-6	-4	-9	4	4	2	2	2	-8	4	-5	-5	-2	12	-1	-2	-2	2	-15	-5	-5	-2	6	0	1	2	-4	-4	0	-4	3	3	-4	2	-6	-1	0	-5	-5	3	-5	7	0	0	-10	-10	-4	3	3	-3	-3	-5	1	1	3	-5	-11	-1	-1	-1	2	2	-3	5	1	2	2	1	-3	-2	7	-3	-3	-5	1	2	2	-2	-2	1	-1	-5	-11	-11	-3	1	0	-5	-6	-5	-3	1	12	-7	-7	0	2	5	3	-2	-14	10	-8	-1	-2	-2	2	7	1	2	2	-12	-4	1	0	0	2	-8	-4	-4	-1	-1	-3	-9	-9	4	4	10	8	-4	-4	-8	-8	0	0	1	-9	-9	-6	-6	1	1	5	5	4	4	-5	0	-1	-1	2	-2	3	3	3	5	-2	-2	-1	-1	-3	-3	-6	-2	7	-8	-8	-2	5	1	1	-11	
-18	-18	-18	-4	-23	-23	9	9	39	2	-4	-17	-17	0	-43	-18	-18	37	37	11	4	-21	11	11	-32	-26	-12	2	2	-14	7	2	2	42	42	-6	-18	7	-9	-9	-24	54	10	-1	-1	14	-63	-21	-21	-57	8	-9	56	11	-23	-23	51	-30	23	23	33	13	-15	33	-39	2	2	-15	-21	14	33	33	-103	-103	-15	15	15	-36	-36	-27	-51	-51	54	46	-53	24	30	30	-10	-10	0	9	-6	16	16	13	-27	-8	23	40	40	-5	-24	22	22	-53	-53	30	39	-33	-19	-19	-4	-6	4	-8	34	-35	-22	10	22	9	9	-15	9	-9	12	-9	-46	28	-14	24	-46	-46	5	24	19	-3	-3	-27	-27	47	3	3	9	-9	-6	-6	-48	-48	-16	-91	-91	6	6	7	52	-47	-47	-3	-3	28	28	24	-52	-52	-39	-39	29	29	1	1	39	39	-21	9	-1	-1	58	-34	11	-3	-3	54	-17	-17	-24	-24	-51	-51	-23	-43	14	-40	-40	21	-12	7	7	-40	
4	4	4	-1	-8	-8	2	2	7	-4	-2	0	0	2	-8	3	3	-3	-3	-1	2	-7	5	5	-9	0	-4	-3	-3	-7	-1	0	0	1	1	4	-7	-3	6	6	-5	14	2	-1	-1	-1	-13	-9	-9	-7	4	10	14	0	-4	-4	-2	-7	0	0	0	5	-2	-2	-2	-2	-2	-2	-4	7	13	13	-22	-22	-5	-3	-3	-8	-8	-6	-5	-5	2	11	-11	1	-6	-6	-5	-5	-2	4	-2	1	1	2	-6	-1	15	6	6	-3	-1	4	4	-5	-5	2	7	2	-13	-13	-1	-4	-2	-1	-1	-9	-6	1	9	0	0	-3	4	-2	4	-2	-8	10	-3	7	-5	-5	3	1	-4	-1	-1	-17	-3	0	-5	-5	1	-7	-3	-3	-4	-4	2	-25	-25	3	3	1	8	-6	-6	-2	-2	0	0	5	-11	-11	-6	-6	5	5	-2	-2	12	12	-9	-3	3	3	4	-3	2	6	6	-1	0	0	-3	-3	0	0	-14	-11	2	-6	-6	2	0	-2	-2	-8	
0	0	0	-4	-3	-3	-1	-1	-2	-1	-3	4	4	-4	-4	1	1	-1	-1	-1	-2	-1	2	2	-3	-4	-2	-5	-5	0	3	-1	-1	-5	-5	5	-3	-1	5	5	-3	2	2	-2	-2	0	2	-9	-9	0	-4	7	-2	1	-3	-3	-6	-6	-2	-2	-3	1	-4	4	1	-2	-2	-2	-1	3	4	4	-4	-4	-2	-5	-5	-6	-6	2	-1	-1	-2	3	-7	-3	-2	-2	-3	-3	0	2	-1	0	0	3	-5	3	-3	7	7	-3	4	0	0	2	2	1	0	6	-8	-8	3	1	-5	0	-2	-4	-4	6	0	2	2	-3	2	-1	-1	1	1	4	-5	-1	-3	-3	-1	0	-3	-2	-2	-4	0	0	-1	-1	-2	-1	1	1	0	0	-5	-12	-12	-3	-3	-2	1	1	1	-2	-2	-6	-6	-2	-2	-2	1	1	-3	-3	7	7	4	4	-5	5	1	1	-6	-8	-3	2	2	-3	-1	-1	1	1	-2	-2	-3	-3	0	-3	-3	-2	0	-2	-2	-2	
5	5	5	-4	-1	-1	-1	-1	2	2	7	-8	-8	-6	-4	-7	-7	3	3	-4	4	2	-1	-1	-9	-8	6	-3	-3	10	10	-14	-14	-6	-6	-9	-11	1	14	14	7	1	0	3	3	-4	7	-14	-14	11	-7	10	0	9	3	3	-24	-7	-9	-9	1	-8	11	8	2	4	4	-7	3	9	-9	-9	-2	-2	-8	-8	-8	27	27	-4	-8	-8	-12	3	-13	-9	5	5	5	5	-6	4	-7	-7	-7	2	0	-1	-44	12	12	3	8	5	5	7	7	19	-2	-2	-6	-6	-20	2	1	-12	-5	-14	-3	7	2	1	1	2	-13	-4	-7	5	2	-3	-10	4	13	13	-6	-1	-3	-7	-7	-5	2	-1	0	0	2	-4	-3	-3	2	2	-6	-13	-13	-6	-6	0	1	6	6	8	8	1	1	1	3	3	27	27	14	14	4	4	-12	-12	-12	6	-10	-10	-10	-3	-1	0	0	-4	-5	-5	10	10	-3	-3	-2	1	-2	-3	-3	2	2	1	1	-6	
Trial:10
14	-10	-13	-1	70	70	1	1	6	-8	-8	-55	-55	-7	14	4	-28	-28	-5	5	58	58	-3	-3	1	-31	10	-31	-31	27	-4	-15	22	9	33	33	-10	-10	30	30	-12	6	8	-50	-50	-29	-29	0	-33	-5	-24	26	4	5	3	3	-7	-16	-3	2	2	-19	33	-3	12	12	-19	-19	4	-9	33	-25	-2	-2	8	-5	-5	18	18	-7	-23	-23	-42	-4	-4	-5	-8	-8	-26	-26	31	14	-43	43	43	-2	-5	1	1	22	22	-2	30	-13	-7	-7	-5	11	5	5	-13	-11	-3	3	-8	-22	-22	-14	-5	-3	-3	-13	13	-9	-59	28	-12	-12	8	8	46	13	13	-30	-30	-12	15	15	-27	-27	-27	29	29	-6	-12	-12	-13	-20	-20	10	10	-3	-3	-17	-17	-6	-6	39	-11	-11	6	6	2	0	0	-40	-23	-23	16	16	0	-4	-4	-11	-5	-2	-2	2	2	19	-2	-2	-9	-9	27	-14	-14	-22	-27	-27	0	-2	-2	-12	-12	-7	6	6	-12	-12	
-2	-15	-7	-5	1	1	8	8	-10	10	10	-10	-10	3	11	-5	8	8	3	-3	5	5	2	2	4	-14	2	13	13	-6	-3	-15	-4	6	2	2	-8	-8	5	5	-8	-13	6	-4	-4	-5	-5	10	-4	-12	0	2	-2	-3	-3	-3	4	-4	1	2	2	-2	-1	0	3	3	-12	-12	0	1	-4	-1	-11	-11	-5	4	4	6	6	-1	0	0	-5	5	5	-4	2	2	-14	-14	20	0	-16	1	1	1	-4	-1	-1	-3	-3	1	-3	12	2	2	-1	3	-6	-6	-4	-13	0	-12	-3	-4	-4	-8	-5	0	0	-2	5	-2	-10	2	-5	-5	5	-1	3	-2	-2	-3	-3	-6	-4	-4	-9	-9	-9	3	3	0	-3	-3	8	5	5	0	0	1	1	1	1	4	4	-9	-1	-1	-5	-5	1	3	3	-6	-6	-6	-11	-11	4	2	2	-9	6	3	3	-1	-1	8	2	2	-5	-5	0	0	0	-16	7	7	-5	-2	-2	-10	-10	-1	6	6	-11	-11	
3	-8	-11	3	1	1	13	13	-5	-3	-3	-2	-2	3	1	-10	0	0	10	-9	-1	-1	-4	-4	8	-9	0	1	1	0	11	-4	-5	-1	1	1	3	3	2	2	-9	-1	-7	-19	-19	-5	-5	-1	3	-2	-5	-5	7	-10	7	7	10	-9	7	4	4	7	-2	-7	5	5	2	2	-7	5	-13	-7	2	2	-10	20	20	-2	-2	11	3	3	-6	-1	-1	1	-5	-5	-17	-17	2	6	-23	7	7	0	1	0	0	1	1	-16	3	17	-4	-4	-8	3	5	5	-3	-12	6	-7	-4	-19	-19	-22	-10	15	15	0	10	4	4	3	3	3	11	-2	9	-4	-4	3	3	-16	-10	-10	5	5	5	-2	-2	-3	-14	-14	-3	0	0	-6	-6	9	9	14	14	2	2	-24	17	17	-17	-17	8	7	7	1	3	3	-4	-4	5	-8	-8	11	-2	-11	-11	-1	-1	3	-1	-1	5	5	11	-18	-18	-9	0	0	-1	-3	-3	-11	-11	2	0	0	12	12	
5	-10	-1	4	0	0	-9	-9	-1	3	3	3	3	2	-11	-3	2	2	6	9	-4	-4	-4	-4	1	4	1	-5	-5	0	-11	2	6	2	5	5	1	1	-2	-2	-5	0	-7	1	1	-6	-6	1	5	-2	-5	-8	3	-8	-2	-2	-6	-9	-2	5	5	5	2	-5	5	5	0	0	-3	2	-3	-16	0	0	4	2	2	-7	-7	4	2	2	-5	-3	-3	7	-6	-6	-15	-15	-2	-3	1	5	5	9	4	-3	-3	-1	-1	-13	-8	-2	1	1	6	2	-1	-1	2	-3	-8	-4	2	-6	-6	5	-7	4	4	-2	3	2	8	-3	-7	-7	1	-4	-2	2	2	0	0	1	-5	-5	1	1	1	-1	-1	5	-7	-7	-1	-1	-1	5	5	2	2	1	1	0	0	-6	-3	-3	-5	-5	-1	2	2	0	2	2	-1	-1	-1	-2	-2	-1	2	-4	-4	3	3	-5	-1	-1	6	6	-2	-1	-1	-2	-6	-6	-4	-1	-1	-4	-4	5	2	2	2	2	
-14	-74	3	47	-1	-1	-8	-8	-45	94	94	11	11	25	-19	-7	-4	-4	42	24	-1	-1	-35	-35	-5	-7	32	-64	-64	18	-1	45	35	13	26	26	-31	-31	-5	-5	23	-2	21	23	23	-59	-59	21	-1	-4	-8	-9	-12	-6	-33	-33	-60	-8	17	-61	-61	23	2	-38	77	77	13	13	35	5	14	-38	-9	-9	8	-3	-3	0	0	-16	-13	-13	-13	-26	-26	45	-15	-15	-5	-5	-26	2	25	-32	-32	42	23	-25	-25	5	5	-27	-58	-6	17	17	8	40	2	2	-7	-17	-37	-13	18	2	2	-12	-55	-18	-18	4	7	10	2	-23	-6	-6	14	-29	5	3	3	6	6	-24	29	29	36	36	36	-13	-13	15	22	22	-16	-23	-23	31	31	2	2	16	16	-15	-15	-6	17	17	-30	-30	18	-24	-24	7	-12	-12	37	37	-10	7	7	-25	-2	0	0	28	28	-30	-11	-11	-4	-4	-46	27	27	8	-42	-42	24	11	11	-6	-6	-7	52	52	-7	-7	
-2	-12	-2	4	5	5	3	3	0	-3	-3	6	6	9	-8	-12	-4	-4	9	9	0	0	-17	-17	6	-15	8	-23	-23	3	-2	1	11	7	6	6	-3	-3	3	3	-10	-4	-6	7	7	-1	-1	1	2	0	-8	3	1	-3	-11	-11	-7	-9	5	0	0	7	6	-7	10	10	-4	-4	3	3	-2	-15	0	0	5	-7	-7	-4	-4	-1	3	3	-13	7	7	6	-4	-4	-18	-18	4	-3	3	8	8	8	6	0	0	-1	-1	-16	-15	-2	1	1	7	9	-4	-4	2	0	-9	-2	2	-4	-4	5	-8	1	1	0	7	-7	-1	1	-10	-10	4	-3	1	-3	-3	6	6	-11	4	4	5	5	5	-3	-3	4	1	1	-5	-2	-2	4	4	4	4	-1	-1	-5	-5	-6	-2	-2	-12	-12	5	0	0	-7	1	1	3	3	2	-7	-7	-4	0	7	7	5	5	0	-7	-7	-3	-3	-9	3	3	-6	-9	-9	6	-5	-5	3	3	1	7	7	3	3	
3	-7	-1	0	1	1	1	1	16	-8	-8	-3	-3	3	-3	-3	-4	-4	5	-1	-2	-2	3	3	2	-6	2	-3	-3	-1	-3	1	3	-4	0	0	-5	-5	0	0	-3	-3	-2	2	2	-1	-1	-2	-2	-3	-2	-1	1	3	-4	-4	-4	-6	0	0	0	-1	2	-6	2	2	-2	-2	-1	1	-3	-1	1	1	1	-3	-3	-1	-1	0	2	2	-2	6	6	0	-3	-3	-10	-10	0	0	-1	7	7	2	-1	-4	-4	-4	-4	-4	-2	-2	1	1	0	0	-4	-4	2	-2	-6	-3	3	2	2	5	-5	-2	-2	-2	1	-3	-3	2	-4	-4	0	-2	-1	-4	-4	3	3	-2	-2	-2	-2	-2	-2	-1	-1	-1	-2	-2	-3	3	3	7	7	1	1	-2	-2	-3	-3	-4	-3	-3	-3	-3	2	-3	-3	4	-3	-3	5	5	-1	-4	-4	-1	2	3	3	-5	-5	-3	2	2	-3	-3	2	-5	-5	0	-10	-10	4	-4	-4	-1	-1	1	2	2	6	6	
6	-3	-7	-4	1	1	-1	-1	32	-19	-19	-10	-10	4	-6	-8	-8	-8	10	-13	8	8	-3	-3	13	-28	-5	7	7	15	-3	-2	3	-6	-6	-6	-8	-8	11	11	-1	-7	-11	-9	-9	-6	-6	-2	-19	2	-3	4	10	-4	-12	-12	2	-2	3	1	1	-10	15	2	3	3	-2	-2	-1	4	0	24	3	3	-3	-5	-5	7	7	-5	-2	-2	-5	42	42	-4	-10	-10	-16	-16	-4	-3	-5	17	17	-1	-6	-14	-14	-6	-6	-5	-2	-2	1	1	-5	7	6	6	0	-8	3	-7	-4	8	8	6	-5	-5	-5	3	-4	0	-19	-3	-1	-1	0	-4	5	-3	-3	0	0	0	-4	-4	-4	-4	-4	5	5	-4	1	1	-8	4	4	6	6	1	1	-11	-11	11	11	-2	0	0	-4	-4	1	-4	-4	31	-9	-9	10	10	-4	-2	-2	-4	4	12	12	-11	-11	-8	8	8	-2	-2	11	-9	-9	8	-51	-51	14	-2	-2	4	4	0	6	6	15	15	
Trial:11
17	-15	-15	26	7	19	19	2	2	-27	-2	-2	28	28	28	34	-13	-13	-19	-19	52	52	-9	-29	-29	6	22	-4	-4	9	9	32	-33	-33	-32	-32	49	-3	-3	-3	-19	-19	2	-8	-8	-16	-16	52	14	-27	-27	11	11	-20	2	2	-13	-13	8	-27	-27	10	10	4	4	-2	-2	29	29	-7	-3	-25	-16	-16	-40	-40	-8	-8	7	7	88	-30	-4	-24	-24	-14	-14	-28	0	0	8	18	-9	-9	13	13	13	13	-8	9	9	16	16	17	-37	-37	12	12	-14	-18	-18	31	31	31	-32	17	17	-7	-7	4	4	-7	-7	-47	-47	2	-8	-9	20	13	13	22	12	-2	0	0	-5	4	4	4	45	45	45	-23	-51	33	33	7	-12	65	-34	-10	-10	-57	-57	33	33	26	26	5	76	-6	39	39	-69	-20	60	32	12	12	-5	7	41	41	-16	-16	30	-55	-26	-29	-29	29	29	38	38	-37	-37	-13	-13	-35	6	6	-20	-20	37	0	0	-37	-37	17	
-8	-4	-4	-3	3	5	5	2	2	-17	-6	-6	12	12	12	1	-12	-12	2	2	18	18	-2	-17	-17	3	1	0	0	1	1	4	-6	-6	-4	-4	22	-6	-6	-6	-5	-5	-3	-3	-3	0	0	3	5	-1	-1	-5	-5	-9	3	3	1	1	12	-3	-3	8	8	-3	-3	-6	-6	-5	-5	-1	2	-6	-5	-5	-14	-14	0	0	0	0	2	0	1	-3	-3	0	0	3	-3	-3	1	1	-11	-11	3	3	-5	-5	0	6	6	7	7	-7	-4	-4	5	5	-6	1	1	0	0	0	-6	-3	-3	8	8	20	20	-9	-9	-12	-12	-8	-4	0	3	1	1	12	3	-4	-1	-1	-4	7	4	4	1	1	1	-2	0	0	0	-10	-16	4	-10	5	5	-11	-11	3	3	6	6	-4	12	-9	1	1	0	0	3	17	2	2	-6	4	-2	-2	0	0	-5	1	-14	-2	-2	6	6	6	6	1	1	-3	-3	-15	4	4	-5	-5	5	-5	-5	-7	-7	20	
-3	-4	-4	-10	4	0	0	-3	-3	-4	-7	-7	-3	-3	-3	4	-3	-3	2	2	8	8	-5	-7	-7	-4	-2	-1	-1	0	0	4	-4	-4	0	0	1	-2	-2	-2	2	2	-3	-8	-8	1	1	3	-2	1	1	-7	-7	-8	6	6	6	6	0	-2	-2	4	4	2	2	-4	-4	-3	-3	-5	7	-4	-6	-6	-1	-1	2	2	7	7	-7	-2	6	1	1	-2	-2	0	-5	-5	2	-1	1	1	-1	-1	-5	-5	0	-5	-5	-2	-2	-4	-1	-1	7	7	0	3	3	-1	-1	-1	-10	8	8	-2	-2	5	5	-5	-5	-3	-3	1	6	-6	3	-1	-1	1	3	-4	-2	-2	-6	14	5	5	-4	-4	-4	-1	2	-2	-2	-18	4	3	1	0	0	-1	-1	0	0	-6	-6	3	-1	-6	-6	-6	2	-5	-4	2	-4	-4	-15	0	6	6	-1	-1	-4	5	-3	12	12	3	3	-8	-8	-2	-2	4	4	-2	-2	-2	-1	-1	6	1	1	-3	-3	-8	
-3	-3	-3	-6	7	-2	-2	-10	-10	6	1	1	-2	-2	-2	-3	-7	-7	-11	-11	7	7	0	-2	-2	-3	-2	1	1	5	5	-2	1	1	-1	-1	-5	-1	-1	-1	-3	-3	0	-9	-9	8	8	0	0	-5	-5	-3	-3	1	-2	-2	3	3	-7	1	1	4	4	0	0	-12	-12	6	6	-3	9	-1	-6	-6	0	0	4	4	4	4	-2	-10	-5	3	3	-3	-3	5	-7	-7	8	-1	-3	-3	-1	-1	-6	-6	-13	-3	-3	-1	-1	-5	0	0	8	8	-3	6	6	3	3	3	-4	4	4	-4	-4	0	0	-2	-2	-1	-1	2	0	-6	6	-1	-1	-4	2	-3	0	0	-1	3	0	0	-7	-7	-7	-2	3	-7	-7	-2	6	-1	8	-4	-4	-2	-2	3	3	3	3	-1	0	-17	-3	-3	-2	1	2	-1	-5	-5	0	0	-1	-1	7	7	1	3	2	4	4	-5	-5	-7	-7	4	4	-2	-2	3	0	0	-8	-8	3	2	2	-2	-2	-2	
-12	-12	-12	16	-18	-12	-12	15	15	20	-8	-8	-19	-19	-19	10	-34	-34	-6	-6	2	2	-11	17	17	58	53	-62	-62	13	13	3	16	16	-5	-5	-22	-7	-7	-7	-5	-5	-9	-40	-40	38	38	-1	6	-39	-39	23	23	31	6	6	41	41	-56	-10	-10	-5	-5	13	13	-10	-10	18	18	-6	11	10	-11	-11	53	53	-2	-2	11	11	22	-42	-31	49	49	-29	-29	8	-10	-10	-4	-2	-36	-36	-4	-4	-9	-9	-70	11	11	-9	-9	-42	22	22	11	11	-26	38	38	-23	-23	-23	15	-4	-4	-2	-2	17	17	-1	-1	26	26	11	-8	-59	38	41	41	-62	19	-3	14	14	0	10	6	6	-38	-38	-38	-3	27	11	11	-17	22	-52	30	-33	-33	-11	-11	27	27	55	55	-7	13	-10	2	2	6	-8	-5	-32	-34	-34	34	-5	-37	-37	12	12	40	10	1	11	11	-20	-20	-52	-52	21	21	-17	-17	11	-16	-16	-52	-52	44	51	51	-9	-9	-8	
-1	-2	-2	-8	-7	-6	-6	4	4	-4	-9	-9	3	3	3	-1	-9	-9	10	10	2	2	-1	-6	-6	3	5	-10	-10	2	2	6	-3	-3	4	4	-11	-1	-1	-1	4	4	1	-8	-8	7	7	2	0	-1	-1	-5	-5	2	-10	-10	10	10	-13	2	2	-1	-1	1	1	-2	-2	3	3	1	1	-3	-9	-9	5	5	2	2	2	2	-1	-8	-3	6	6	-4	-4	1	0	0	0	1	-11	-11	1	1	-1	-1	-15	-2	-2	-3	-3	-9	5	5	6	6	-5	-2	-2	9	9	9	3	-8	-8	1	1	3	3	1	1	-2	-2	0	-5	-4	2	2	2	-10	-3	-2	1	1	-1	0	-1	-1	-8	-8	-8	-1	10	-4	-4	-1	0	-1	10	-5	-5	-4	-4	9	9	4	4	-3	0	-11	-4	-4	-5	-9	-5	-1	-5	-5	5	0	-1	-1	0	0	2	0	-2	6	6	-6	-6	-7	-7	5	5	-7	-7	3	-5	-5	-6	-6	6	7	7	-5	-5	2	
0	-2	-2	-4	-2	-1	-1	1	1	-8	-6	-6	1	1	1	15	-4	-4	-8	-8	3	3	-1	2	2	-1	-2	-8	-8	1	1	-1	-9	-9	0	0	2	3	3	3	1	1	-2	-5	-5	0	0	2	1	2	2	-5	-5	3	-4	-4	8	8	-4	-1	-1	-1	-1	-3	-3	-1	-1	-1	-1	-1	-2	-3	-3	-3	4	4	-1	-1	1	1	-4	-2	-2	-1	-1	-2	-2	1	-1	-1	1	-1	-3	-3	-3	-3	-4	-4	-3	-3	-3	1	1	-6	-6	-6	6	6	-1	2	2	2	2	2	-3	-1	-1	-2	-2	1	1	1	1	-4	-4	-4	0	2	1	5	5	-6	-2	0	-3	-3	-3	0	-3	-3	-1	-1	-1	-1	3	-5	-5	-1	2	0	3	-9	-9	2	2	1	1	0	0	0	0	-3	-3	-3	-5	-6	0	0	-1	-1	1	-1	-1	-1	1	1	-1	-1	0	1	1	-4	-4	0	0	-1	-1	-4	-4	2	-2	-2	-1	-1	2	1	1	-1	-1	1	
-2	-5	-5	-2	4	-1	-1	-2	-2	-19	-12	-12	26	26	26	18	-5	-5	-15	-15	-3	-3	2	-3	-3	3	-17	-4	-4	9	9	4	-52	-52	10	10	14	12	12	12	-4	-4	1	-2	-2	-2	-2	4	9	-4	-4	-5	-5	18	-12	-12	-8	-8	-19	-1	-1	4	4	1	1	10	10	2	2	-2	0	-7	-6	-6	19	19	-5	-5	-6	-6	-8	-6	-8	-11	-11	0	0	9	10	10	3	-4	-2	-2	-2	-2	1	1	-10	0	0	2	2	1	-8	-8	10	10	-7	17	17	9	9	9	-11	6	6	-9	-9	-8	-8	0	0	-10	-10	-9	1	-7	-1	2	2	-1	2	-1	1	1	1	1	-3	-3	3	3	3	-1	-1	-1	-1	-1	0	0	-4	-2	-2	0	0	2	2	-3	-3	3	3	-3	7	7	-5	-6	-3	-7	5	5	-7	2	4	4	-5	-5	4	-7	-1	0	0	-5	-5	3	3	-3	-3	-10	-10	0	-2	-2	3	3	1	0	0	-3	-3	18	
Trial:12
-57	-4	-4	10	33	-26	-26	5	5	-9	-9	-10	35	35	-14	-14	0	21	18	18	-49	-49	-18	-42	-9	16	16	3	3	16	-46	-46	-4	-4	32	-30	13	-18	-14	-41	3	3	-6	-2	-58	-8	13	13	46	89	-9	-9	12	12	-93	31	3	4	4	-7	14	-28	7	7	-19	61	-12	-12	26	-37	0	14	7	11	11	34	-6	-7	-4	23	23	-2	6	-6	-4	-4	-4	-4	-43	7	7	-26	-26	-36	-36	10	10	17	17	39	33	33	3	3	12	-21	-21	1	1	5	25	-11	-8	-47	-47	-18	13	7	18	18	-20	-8	-4	-16	11	11	1	-16	17	-5	-5	39	-29	1	1	-16	-16	3	3	3	-8	-8	-32	35	25	9	9	-6	-6	17	17	9	9	-5	-4	16	16	16	5	14	-26	-26	10	8	-31	28	26	64	64	-17	-14	-16	14	5	-32	-32	60	-45	-45	-19	-19	19	19	32	32	8	8	41	-39	-39	-4	-4	8	8	-44	-44	-34	-34	-6	0	
-3	-11	-11	-4	-1	-2	-6	3	3	-4	-4	-3	6	6	-5	-5	1	8	-6	-6	-5	-5	-8	-9	7	2	2	-2	-2	10	-5	-5	2	-7	10	-3	-7	-12	-9	-5	8	8	1	-6	-10	-2	-6	-6	-2	5	1	1	-2	-2	5	8	-10	-4	-4	8	2	-14	8	8	2	-3	-1	-1	6	-11	-8	4	-6	-1	-1	1	-1	3	-3	-6	-6	3	0	2	3	3	-2	-2	-9	1	1	-5	-5	-1	-1	-6	-6	3	3	5	-7	-7	-5	-5	0	3	1	1	1	-1	1	2	-13	-6	-6	8	-4	0	-5	-5	1	-3	-4	-2	16	16	-4	0	-2	-4	-4	3	-3	-9	-9	7	7	-2	3	-7	-12	-12	18	-4	-7	-6	-6	8	8	-5	-5	-7	-7	1	0	-5	-2	-2	-4	-4	-14	-14	10	-4	-2	-4	11	0	0	-5	0	0	8	-8	-2	-2	-5	-13	-13	-1	-1	5	5	0	0	9	9	14	3	3	-2	-2	-6	-6	-9	-9	-7	-7	-8	-3	
-2	-1	-1	-2	-6	-14	-8	-5	-5	-1	-1	-2	-4	-4	-1	-1	2	-5	-16	-16	5	5	4	-3	7	-2	-2	4	4	16	-17	-17	3	-7	-6	3	-6	4	1	-4	4	4	-2	6	3	-10	4	4	0	-4	0	0	-9	-9	-6	-9	-5	-1	-1	3	-9	-5	4	4	3	-19	1	1	1	1	-16	-3	3	-3	-3	-4	4	3	3	-1	-1	3	-4	1	-3	-3	1	1	-13	2	2	2	2	5	5	-1	-1	-5	-5	0	0	0	-2	-2	-14	1	6	-1	-1	-2	-1	4	-7	0	0	16	5	-4	-3	-3	-1	-5	-11	1	-10	-10	12	0	-5	2	2	0	-30	-6	-6	2	2	7	5	-3	-11	-11	-9	-3	0	-4	-4	-2	-2	3	3	4	4	1	0	5	-1	-1	3	-3	-7	-7	1	-3	5	5	3	1	1	-11	0	-3	3	-6	-1	-1	-2	-4	-4	1	1	4	4	-1	-1	8	8	0	-1	-1	-4	-4	-2	-2	-4	-4	1	1	-2	-4	
-1	-2	-2	8	-5	-8	-9	-5	-5	0	0	-10	-6	-6	9	9	4	8	2	2	-13	-13	5	-4	-1	3	3	-3	-3	5	-11	-11	-8	-7	2	1	-8	1	7	-9	4	4	-4	0	4	4	9	9	-5	1	-6	-6	3	3	-6	2	-14	2	2	-1	10	1	5	5	-2	-9	2	2	0	-4	-14	-3	4	-8	-8	3	-3	2	-11	0	0	4	4	5	-8	-8	-4	-4	-10	0	0	0	0	5	5	2	2	-11	-11	9	2	2	-1	-1	0	-6	-2	2	2	2	-5	-2	-1	-6	-6	2	-2	1	0	0	1	0	-8	6	-3	-3	0	1	-3	3	3	-3	-3	-1	-1	5	5	3	0	-2	-11	-11	3	-7	-2	-7	-7	5	5	4	4	2	2	0	-6	1	-2	-2	-6	-7	0	0	4	3	1	-1	4	4	4	-13	2	-5	1	-3	-8	-8	-2	7	7	2	2	5	5	11	11	2	2	-7	3	3	-7	-7	5	5	-3	-3	-5	-5	-11	-4	
22	-13	-13	18	7	4	-71	-2	-2	9	9	4	-6	-6	48	48	23	36	18	18	-46	-46	-24	33	-29	30	30	-37	-37	2	-53	-53	-42	-25	8	-3	-4	20	17	-97	28	28	-95	-16	9	31	85	85	-51	-36	-12	-12	52	52	5	-11	-29	16	16	9	-3	26	4	4	-6	3	-10	-10	-8	5	-50	-2	19	15	15	28	-1	34	-61	-5	-5	-24	-1	68	-33	-33	-17	-17	-60	20	20	-16	-16	18	18	-1	-1	-1	-1	20	15	15	-13	-13	-17	-14	4	-22	-22	-13	-3	-9	16	-30	-30	47	-39	-1	10	10	-26	17	17	4	9	9	-21	-25	2	8	8	-3	22	21	21	-2	-2	-13	11	14	-21	-21	19	-65	15	1	1	11	11	22	22	4	4	36	-25	9	31	31	-35	-1	10	10	28	15	-8	20	18	-31	-31	-43	50	-36	52	10	-22	-22	-28	40	40	4	4	7	7	52	52	2	2	-16	38	38	-29	-29	5	5	-12	-12	5	5	-68	-25	
-5	-2	-2	8	6	-7	-10	6	6	2	2	-14	-3	-3	11	11	-3	12	-3	-3	-17	-17	0	6	-2	9	9	-7	-7	6	-6	-6	-11	-3	4	-2	-10	0	4	-13	3	3	-10	5	4	-2	3	3	1	-7	-1	-1	1	1	-2	6	-4	7	7	-1	-7	0	3	3	9	-2	-1	-1	-3	3	-21	-6	4	-3	-3	-8	1	7	-14	3	3	1	-5	5	-3	-3	-2	-2	-14	5	5	2	2	4	4	-6	-6	-18	-18	8	1	1	3	3	-4	-7	1	-8	-8	2	-2	-2	-4	-2	-2	0	-2	6	1	1	-3	0	-2	4	3	3	4	3	-2	0	0	0	-5	0	0	4	4	-4	-2	0	-12	-12	4	-5	8	-2	-2	2	2	1	1	-2	-2	2	-5	2	-2	-2	-14	-7	0	0	2	2	4	2	-2	2	2	-9	0	-2	11	-6	-5	-5	11	-6	-6	2	2	3	3	11	11	-5	-5	-3	7	7	-5	-5	1	1	-7	-7	2	2	-20	-5	
2	-1	-1	6	2	-6	-4	1	1	-2	-2	-5	-2	-2	3	3	-1	2	1	1	-4	-4	-2	-2	4	0	0	-5	-5	-1	-2	-2	-7	1	4	-1	-2	2	-1	-5	2	2	2	3	-3	-3	-2	-2	-5	-7	-1	-1	-8	-8	0	-1	-2	3	3	0	2	-2	1	1	3	0	-1	-1	-2	-2	-6	-6	1	-6	-6	-2	-3	3	-6	-1	-1	1	0	3	-2	-2	1	1	-4	1	1	-1	-1	-2	-2	-4	-4	-12	-12	4	2	2	3	3	2	-4	-2	-3	-3	-2	0	-4	1	0	0	0	-1	0	-1	-1	3	-4	-2	5	1	1	-1	-3	0	-1	-1	0	-5	1	1	-1	-1	2	-3	-4	-5	-5	-3	-2	-1	1	1	1	1	0	0	-3	-3	0	-1	0	-2	-2	-5	0	-1	-1	1	0	-3	0	3	0	0	-1	1	1	1	-2	-5	-5	10	-6	-6	3	3	-1	-1	4	4	-3	-3	-3	-1	-1	-2	-2	-2	-2	-1	-1	-2	-2	-15	1	
7	-1	-1	-2	5	-11	4	4	4	-6	-6	-3	-1	-1	6	6	2	-5	5	5	-5	-5	0	1	19	-2	-2	-2	-2	-12	-6	-6	-26	1	24	13	1	10	-10	-3	11	11	-5	14	-10	-6	-1	-1	-6	13	-8	-8	-6	-6	1	1	4	3	3	-7	12	-10	1	1	-3	8	-4	-4	0	-9	-1	-1	0	-9	-9	-2	10	2	-6	-7	-7	1	-2	4	-3	-3	14	14	-12	9	9	-5	-5	-2	-2	-5	-5	19	19	-4	0	0	18	18	7	-4	-15	-7	-7	-6	-3	-9	-1	-5	-5	-7	17	-6	-1	-1	-2	-3	0	19	0	0	-11	-6	4	0	0	3	-3	13	13	-11	-11	4	-4	-6	-3	-3	-24	1	-2	6	6	5	5	3	3	3	3	7	0	1	-1	-1	-19	-10	-2	-2	2	-5	-6	7	19	4	4	-1	9	0	3	-5	-7	-7	24	-17	-17	22	22	-10	-10	8	8	-18	-18	-4	-6	-6	2	2	0	0	-5	-5	-12	-12	-34	5	
Trial:13
-31	-31	-14	-22	-10	-10	-27	-27	-2	-10	50	-4	-4	-24	-40	42	96	11	11	-25	-28	-28	-3	-3	6	-22	10	18	6	21	-22	3	3	-6	-6	9	46	-8	-13	-13	47	-7	30	30	-69	-69	27	-37	53	-41	-41	-43	-43	19	19	22	22	10	26	-32	-27	-27	-46	-16	-28	52	52	95	-34	-19	22	-3	-3	45	1	-1	14	-48	-48	-10	13	67	41	41	-27	-27	-117	-24	-24	-29	-29	26	26	12	12	-24	-24	-5	-19	-19	-25	-25	4	4	25	25	93	93	1	109	109	-21	24	-35	44	-63	-63	-114	-114	-21	-21	-21	-54	-54	-60	54	-11	-11	53	53	-65	16	16	32	34	15	-11	-12	6	56	56	70	-1	-67	-67	-46	-46	-49	-20	8	79	79	79	-8	-8	-51	-51	-3	-3	-2	-2	-29	-29	16	-10	-28	-28	-28	13	13	2	14	3	3	3	3	14	-1	-1	-1	-1	-8	54	-26	-26	-7	-7	10	90	48	4	4	-31	-18	-23	-23	-13	-9	34	-6	
-6	-6	1	-4	7	7	-5	-5	0	-1	3	-3	-3	-3	-3	3	-1	-1	-1	-4	-7	-7	-3	-3	-1	-16	6	5	2	3	-6	2	2	-14	-14	5	5	-2	-6	-6	3	-6	-1	-1	-2	-2	3	-5	1	7	7	-8	-8	-7	-7	-5	-5	-1	7	-4	0	0	-3	-6	4	-3	-3	1	2	0	-2	-4	-4	1	-1	-4	1	-6	-6	2	-2	5	-9	-9	-4	-4	-9	6	6	-4	-4	-3	-3	-2	-2	8	8	20	-17	-17	-2	-2	0	0	5	5	-4	-4	-3	0	0	-3	-1	0	7	-7	-7	-19	-19	3	-8	-8	-1	-1	1	2	4	4	4	4	-3	-4	-4	3	-1	5	-3	10	3	3	3	-1	4	-2	-2	-4	-4	-1	-3	3	6	6	6	-2	-2	-5	-5	-3	-3	6	6	-3	-3	6	2	4	-2	-2	-6	-6	-6	1	-1	-1	-7	-7	8	-10	-10	1	1	-3	3	-1	-1	3	3	4	0	6	-7	-7	-7	-5	0	0	-3	-4	-1	-4	
-6	-6	-2	-1	2	2	-9	-9	-1	5	-1	-2	-2	3	-3	2	-8	7	7	1	-3	-3	-3	-3	0	-9	-3	6	-4	-5	1	4	4	-3	-3	1	1	-1	0	0	-1	-6	4	4	-2	-2	-3	-4	1	2	2	-3	-3	-7	-7	-13	-13	0	-1	1	0	0	-1	-2	4	-2	-2	-1	0	0	2	2	2	-5	3	-2	1	12	12	-3	-4	7	-15	-15	-2	-2	1	-1	-1	1	1	-5	-5	-2	-2	7	7	-4	-10	-10	1	1	2	2	-7	-7	-4	-4	6	-4	-4	-2	-5	1	-15	13	13	-6	-6	10	2	2	2	2	-1	-1	0	0	-6	-6	2	-1	-1	0	-1	-7	-7	10	-4	2	2	-3	0	-2	-2	4	4	-1	-1	-1	-3	-3	-3	3	3	2	2	3	3	2	2	2	2	3	1	-3	-1	-1	-4	-4	-1	7	-1	-1	-5	-5	3	-19	-19	7	7	-8	1	-1	-1	0	0	-4	-3	2	-10	-10	-1	3	4	4	-10	0	3	-7	
-6	-6	2	2	5	5	-6	-6	-7	-2	0	-6	-6	9	0	-6	-2	-1	-1	-2	6	6	-4	-4	-1	-16	0	9	0	-1	-5	2	2	-2	-2	1	0	4	-7	-7	-1	3	-2	-2	-2	-2	-7	-13	6	-1	-1	2	2	-2	-2	0	0	-2	-2	-4	-8	-8	2	5	6	-4	-4	0	0	-9	4	-4	-4	-7	8	1	-2	2	2	-1	-2	1	-15	-15	3	3	-1	0	0	-9	-9	4	4	-11	-11	5	5	2	2	2	2	2	13	13	-8	-8	-4	-4	-2	-3	-3	-5	-6	-6	-3	9	9	0	0	0	-3	-3	1	1	5	-4	-10	-10	-6	-6	4	2	2	-3	1	-4	-4	6	4	-3	-3	4	-8	0	0	-1	-1	-1	-8	-6	-5	-5	-5	6	6	1	1	7	7	7	7	0	0	1	-2	-3	-9	-9	-2	-2	-1	-7	1	1	3	3	2	-4	-4	8	8	-4	-2	-3	-3	2	2	4	-4	-8	-5	-5	-11	11	5	5	-4	-8	-4	-12	
-39	-39	-10	57	43	43	-46	-46	-56	0	78	-16	-16	20	-44	10	27	-39	-39	4	46	46	-42	-42	12	-64	43	54	16	-65	-48	35	35	-1	-1	11	-8	21	-74	-74	2	29	4	4	-14	-14	-39	-16	46	0	0	10	10	-10	-10	31	31	-9	-15	-20	-12	-12	-12	22	37	-28	-28	-33	1	-4	-1	42	42	-39	-7	-30	-29	36	36	3	14	7	26	26	-6	-6	-25	43	43	-73	-73	30	30	-20	-20	47	47	0	-2	-2	-25	-25	24	24	-12	-12	-3	-3	-20	9	9	0	38	-76	-17	20	20	-5	-5	-55	-9	-9	-12	-12	2	28	30	30	9	9	-29	20	20	-2	32	-15	-18	-4	-26	-3	-3	-5	-7	7	7	-5	-5	25	-10	16	-26	-26	-26	7	7	-16	-16	1	1	-10	-10	-9	-9	15	-22	-12	10	10	36	36	-57	-17	-12	-12	-10	-10	45	-28	-28	20	20	-10	-28	2	2	20	20	1	-18	3	-26	-26	-68	23	13	13	-10	-46	-1	-24	
-15	-15	-2	12	9	9	-4	-4	-8	-1	4	-1	-1	4	-3	5	2	-3	-3	-1	0	0	-5	-5	-5	-6	0	8	0	-4	-7	4	4	0	0	-1	-3	-2	-15	-15	12	3	-1	-1	-2	-2	-9	-3	10	1	1	-1	-1	0	0	8	8	-3	-3	-3	-1	-1	5	10	-1	-7	-7	-6	-1	1	2	-5	-5	-1	4	1	-8	-2	-2	-1	-3	4	-4	-4	-2	-2	-4	-6	-6	-1	-1	0	0	-7	-7	7	7	2	-7	-7	8	8	10	10	-17	-17	-5	-5	-3	-6	-6	-5	15	-16	-4	10	10	-13	-13	-1	-5	-5	1	1	-7	3	-2	-2	-2	-2	-4	1	1	-4	0	1	-10	3	-4	0	0	0	-7	-1	-1	0	0	5	-6	1	-14	-14	-14	6	6	-6	-6	1	1	0	0	8	8	4	-2	1	-1	-1	6	6	-5	-5	-11	-11	-8	-8	5	1	1	2	2	3	-4	2	2	-7	-7	4	-4	0	-6	-6	-5	4	6	6	-5	-8	-2	-5	
-3	-3	2	4	2	2	-1	-1	-1	-2	-3	-2	-2	0	3	-1	-8	-4	-4	-1	1	1	-2	-2	-8	1	0	4	0	5	-6	2	2	1	1	-15	2	0	1	1	-1	1	0	0	1	1	-4	-2	1	5	5	-2	-2	-9	-9	2	2	0	0	-6	-1	-1	4	7	-2	-2	-2	0	1	2	-1	2	2	5	2	0	-2	-5	-5	-2	-3	5	-3	-3	-7	-7	-3	-3	-3	-3	-3	-1	-1	-2	-2	8	8	1	-7	-7	0	0	7	7	-6	-6	-5	-5	4	-10	-10	4	3	-2	0	4	4	-8	-8	2	-3	-3	0	0	-11	0	-2	-2	-4	-4	-4	-1	-1	-2	0	3	-9	10	1	2	2	0	-13	1	1	1	1	2	-4	-4	-2	-2	-2	-3	-3	-9	-9	4	4	3	3	0	0	1	-3	3	-5	-5	12	12	-3	-3	-8	-8	-7	-7	-1	0	0	3	3	-1	-4	-1	-1	-5	-5	3	-3	-1	-5	-5	-3	4	-1	-1	-5	-2	0	-6	
13	13	22	-4	-2	-2	-2	-2	-1	-7	14	0	0	-6	-7	-4	6	-18	-18	-11	6	6	4	4	-10	-16	6	0	-2	19	-8	5	5	-3	-3	-31	12	-1	14	14	-47	1	13	13	-1	-1	22	-5	-1	5	5	-6	-6	-49	-49	7	7	9	6	-1	2	2	12	13	-4	3	3	23	-1	-11	-9	10	10	22	6	5	-10	-13	-13	-3	2	10	-1	-1	-4	-4	-30	-4	-4	0	0	-1	-1	2	2	14	14	7	-8	-8	-13	-13	22	22	10	10	-18	-18	12	-30	-30	8	1	-7	13	0	0	-6	-6	-15	-16	-16	11	11	-53	11	-10	-10	9	9	-15	6	6	-4	5	0	-5	10	13	9	9	-6	-16	-6	-6	-7	-7	-1	-7	-6	8	8	8	-4	-4	-22	-22	5	5	-10	-10	2	2	1	-1	-1	5	5	9	9	-15	6	-9	-9	-23	-23	-2	0	0	29	29	-7	-1	-1	-1	-6	-6	0	32	0	-5	-5	-8	10	-5	-5	-3	13	5	-4	
Trial:14
-20	-27	5	12	33	33	-40	-40	-38	-38	-16	-16	5	-10	-10	-2	-2	8	-38	-26	19	21	-23	-4	-19	-19	30	30	9	-30	-35	42	42	-29	-29	-5	-5	-42	-42	4	3	3	19	19	-5	7	5	5	-29	-29	9	-28	-28	17	17	-6	-35	22	-19	-19	2	3	70	70	8	8	-2	25	-85	22	22	-30	27	-35	-35	49	27	15	10	10	-23	-23	-25	-1	42	8	8	-5	-14	-19	1	-2	-10	-26	28	-2	34	34	-21	-21	-19	-4	34	34	-21	-21	1	-33	-33	-10	-10	-15	72	25	-18	-4	1	12	3	17	-6	-6	11	24	7	7	-27	-27	8	-27	-27	29	29	-12	58	-11	-36	7	-10	19	-38	-38	-11	-11	-16	51	4	31	31	30	-17	-41	-41	-8	-8	6	-33	0	-2	-2	53	20	-12	8	8	-10	-10	-12	-18	24	24	-18	-2	-55	3	3	-37	17	13	-18	-7	2	2	18	18	8	8	-5	-5	0	0	0	48	48	6	58	-30	-30	9	9	
-2	-11	-1	-3	11	11	-8	-8	-4	-4	1	1	6	13	13	-8	-8	4	-4	-5	2	0	-4	-5	-4	-4	4	4	-6	-9	-3	-8	-8	-2	-2	-6	-6	-2	-2	-2	10	10	6	6	2	-7	-2	-2	-6	-6	-3	1	1	-2	-2	-1	1	1	-3	-3	-1	-1	-1	-1	-4	-4	2	-1	-8	-3	-3	-2	-3	-4	-4	5	6	2	5	5	0	0	-8	-9	-2	4	4	3	-3	7	-1	-7	3	-6	3	0	-1	-1	3	3	-9	4	2	2	0	0	-2	-13	-13	2	2	-4	14	8	-10	4	-3	-2	-2	5	-3	-3	0	2	1	1	-5	-5	3	0	0	1	1	0	0	-1	-10	0	0	-7	0	0	-7	-7	0	-1	2	-1	-1	2	-1	-4	-4	0	0	-1	1	6	-4	-4	5	-1	-1	-2	-2	-8	-8	-2	1	-1	-1	-5	7	-6	1	1	-1	2	1	-12	6	-2	-2	0	0	-1	-1	-12	-12	-1	-5	-5	7	7	6	9	-11	-11	-1	-1	
-9	-5	5	4	2	2	-14	-14	-1	-1	4	4	-1	2	2	0	0	3	-7	-4	-2	-6	-9	5	-5	-5	-4	-4	-1	-8	4	-26	-26	6	6	0	0	0	0	6	4	4	6	6	0	-9	3	3	-6	-6	1	2	2	-1	-1	-2	0	2	-5	-5	6	-14	1	1	-4	-4	-2	-3	-4	-7	-7	0	-17	2	2	-5	5	0	-3	-3	9	9	0	-3	1	-4	-4	4	1	-4	0	-22	13	0	4	3	-2	-2	5	5	-2	2	-2	-2	5	5	-5	-1	-1	9	9	-22	2	4	2	8	-4	0	-3	14	0	0	3	-2	-7	-7	3	3	-4	-7	-7	-2	-2	2	-10	-4	-7	4	4	2	-7	-7	-3	-3	-3	9	0	-2	-2	0	-10	-3	-3	-2	-2	10	4	2	-4	-4	-5	2	-3	-4	-4	-2	-2	4	-1	4	4	-5	2	-1	-2	-2	-1	5	0	-4	-1	-5	-5	2	2	2	2	-12	-12	0	-2	-2	-19	-19	-5	5	-5	-5	5	5	
-1	-4	1	3	-7	-7	-6	-6	-5	-5	-1	-1	-12	8	8	-1	-1	-3	-11	4	-6	1	-2	-2	0	0	-8	-8	-6	1	4	3	3	0	0	-3	-3	5	5	-2	4	4	-2	-2	7	3	-2	-2	-5	-5	4	3	3	-5	-5	5	-8	-7	-5	-5	7	7	11	11	-9	-9	6	3	-2	-3	-3	-4	-6	-3	-3	-1	9	1	-11	-11	-5	-5	3	8	-3	1	1	3	-2	3	1	-12	-1	5	2	5	-1	-1	2	2	0	3	0	0	-1	-1	-2	2	2	0	0	-8	5	0	-1	0	-5	0	-8	3	3	3	-1	-6	-3	-3	2	2	1	-6	-6	-2	-2	4	-6	1	-6	-3	-4	0	-4	-4	2	2	-8	1	2	-1	-1	-3	-11	1	1	-4	-4	2	-4	6	-10	-10	-5	0	3	-2	-2	-3	-3	3	-1	-1	-1	2	5	-6	-1	-1	0	4	-2	4	-10	1	1	2	2	3	3	-4	-4	1	-3	-3	-4	-4	-6	-2	-3	-3	2	2	
15	-2	13	9	-13	-13	-45	-45	-17	-17	-12	-12	46	5	5	26	26	-3	-88	-13	16	-21	18	29	-30	-30	-8	-8	-11	51	-28	15	15	21	21	19	19	44	44	-21	-36	-36	-58	-58	29	47	-1	-1	24	24	9	34	34	-59	-59	-7	-84	-28	-34	-34	24	-6	16	16	-11	-11	6	-38	-17	53	53	26	65	-66	-66	-8	30	30	69	69	-37	-37	-3	-23	-7	8	8	27	-43	50	8	-114	64	11	56	1	2	2	10	10	13	-1	-6	-6	21	21	21	-9	-9	1	1	-8	-10	-62	7	19	-15	15	18	2	70	70	4	-62	-19	-19	-19	-19	1	-33	-33	-6	-6	21	-18	-65	-18	-4	-55	31	12	12	20	20	-36	-3	-15	21	21	28	-38	1	1	-1	-1	2	-14	22	7	7	-12	7	12	-42	-42	56	56	-22	12	-6	-6	1	12	-13	-11	-11	27	38	-11	11	-28	35	35	6	6	-11	-11	1	1	-25	7	7	33	33	-80	-3	1	1	-15	-15	
1	-1	4	3	-3	-3	-9	-9	0	0	0	0	-3	-1	-1	0	0	-1	-17	-2	2	-3	-3	4	0	0	-6	-6	-1	6	1	3	3	-7	-7	-6	-6	7	7	1	-5	-5	4	4	3	4	-5	-5	-19	-19	1	1	1	-13	-13	5	-10	-1	-5	-5	12	-7	-3	-3	1	1	-6	-6	-7	11	11	-2	1	-18	-18	-11	6	1	-8	-8	2	2	0	-3	-1	6	6	0	-7	3	0	-17	9	5	10	-4	6	6	4	4	-6	2	-5	-5	6	6	-4	-6	-6	6	6	-1	1	-6	1	7	-9	-6	-2	3	2	2	2	-1	-1	-1	-4	-4	4	-8	-8	-4	-4	2	-14	-8	-3	-1	-5	3	0	0	1	1	-5	-3	3	1	1	-5	-13	-2	-2	-2	-2	1	1	-3	-1	-1	-2	0	2	-8	-8	6	6	-8	3	-1	-1	-1	0	2	1	1	7	1	-3	-1	-12	1	1	0	0	-2	-2	-3	-3	2	-9	-9	5	5	-13	0	-9	-9	1	1	
1	-2	2	-2	3	3	-4	-4	-5	-5	0	0	-9	4	4	-1	-1	4	-5	3	1	-2	-2	-3	1	1	-2	-2	-2	-2	0	-1	-1	-3	-3	-13	-13	5	5	1	-1	-1	3	3	3	-4	2	2	-6	-6	-2	-1	-1	-1	-1	-3	2	1	-2	-2	0	4	2	2	3	3	0	-3	-8	3	3	0	-5	-7	-7	-4	2	-2	-4	-4	2	2	-1	0	3	3	3	-2	-4	-2	3	-5	7	1	0	-4	2	2	0	0	-13	2	-3	-3	2	2	-3	-1	-1	4	4	1	3	-3	-2	1	-4	-2	-6	3	-3	-3	2	1	-5	-5	-1	-1	1	-2	-2	-2	-2	-1	-6	3	-3	-3	-2	-9	3	3	-1	-1	1	-1	2	0	0	-1	-1	1	1	-3	-3	-2	2	5	-9	-9	2	1	0	-4	-4	-4	-4	1	2	0	0	-5	0	2	-2	-2	1	-8	0	-3	-4	-1	-1	0	0	-2	-2	0	0	-2	-2	-2	8	8	-2	-1	-8	-8	2	2	
0	-4	-1	-2	4	4	-5	-5	-37	-37	8	8	4	3	3	-2	-2	28	-5	7	3	-6	-1	-13	-5	-5	-2	-2	-11	2	0	-4	-4	-4	-4	-46	-46	13	13	0	6	6	4	4	-2	5	4	4	0	0	-2	-6	-6	6	6	-15	10	-2	-1	-1	-12	5	9	9	6	6	-8	1	-34	11	11	3	-3	-1	-1	12	-5	-11	-4	-4	5	5	12	7	17	15	15	-5	-1	-8	1	-7	13	-1	1	-7	4	4	-12	-12	-11	-2	-11	-11	2	2	2	-6	-6	8	8	1	11	2	-19	2	-5	-3	-4	12	-4	-4	-7	14	7	7	-6	-6	3	-3	-3	3	3	-4	-7	-2	-4	2	-5	-51	13	13	5	5	2	-2	3	0	0	6	3	2	2	-4	-4	3	-4	1	-40	-40	15	9	5	9	9	2	2	-3	-9	17	17	-11	-5	-2	-12	-12	-3	15	1	-6	0	2	2	-1	-1	-3	-3	5	5	3	-7	-7	20	20	4	-1	-9	-9	1	1	
Trial:15
-10	-10	5	2	-8	-10	-10	-4	-17	14	14	-5	-5	9	-7	-12	1	1	19	-12	-51	-14	-14	-14	31	31	17	-9	-9	-13	-13	68	-22	-22	-10	-10	-10	21	-84	-84	-13	-13	-16	11	11	6	6	-38	18	5	5	-9	-9	-4	-4	-4	26	-1	23	-23	4	4	30	30	0	-8	-8	31	31	-7	32	-10	-10	2	2	-18	-7	67	-8	-8	-17	-14	-32	-32	-12	-12	13	14	91	-31	-31	18	-15	-12	-12	-4	-20	-20	-14	-14	-4	-4	-40	-85	-16	-10	-10	11	11	-52	-2	-2	-1	16	16	74	-38	-38	14	14	-4	-41	-7	13	13	-6	-6	-14	-14	9	9	32	32	41	-34	-34	21	-10	-23	-23	-16	-16	-32	46	-2	5	5	-28	-27	12	28	33	33	-45	-1	8	59	59	53	-15	-34	-36	-36	7	55	16	-10	-10	12	-12	-14	-14	-22	-22	-16	64	-13	-3	-3	-21	-18	13	13	-7	-7	35	-13	-19	9	9	-6	-6	-3	48	48	32	32	1	-14	-49	
2	2	-6	-6	-6	-3	-3	0	-4	4	4	-5	-5	4	-6	-4	-1	-1	5	-4	-7	0	0	0	4	4	0	1	1	-4	-4	8	-7	-7	1	1	1	2	-10	-10	-1	-1	-6	-2	-2	-3	-3	-7	3	3	3	-1	-1	-4	1	1	-2	-5	-2	-1	4	4	7	7	-3	0	0	-1	-1	-2	1	-5	-5	-1	-1	-4	0	0	3	3	-3	-3	-3	-3	-4	-4	1	2	5	1	1	0	-1	0	0	-5	8	8	-8	-8	4	4	-9	-3	0	0	0	-3	-3	1	-2	-2	5	-4	-4	1	-3	-3	1	1	-6	-1	-3	4	4	0	0	-1	-1	-3	-3	0	0	2	0	0	-1	-3	-2	-2	0	0	0	1	1	-3	-3	-8	-3	-6	4	1	1	0	0	-3	3	3	2	0	-2	-5	-5	9	5	4	0	0	1	-9	-3	-3	-6	-6	-7	0	-5	-4	-4	0	3	1	1	-1	-1	6	1	-10	7	7	-6	-6	-1	-3	-3	0	0	3	-3	-6	
7	7	-1	-2	-13	4	4	-6	-8	6	6	-4	-4	2	0	13	-12	-12	9	-5	-7	-3	-3	-3	2	2	3	8	8	0	0	0	-6	-6	3	3	3	4	8	8	-4	-4	-6	-11	-11	7	7	-10	8	0	0	-10	-10	-6	-3	-3	-2	-14	0	0	7	7	2	2	-2	4	4	-3	-3	-2	3	-7	-7	0	0	11	-8	-7	0	0	1	-5	-2	-2	-3	-3	0	-10	-7	-2	-2	1	0	0	0	6	2	2	6	6	0	0	-12	-4	-4	-7	-7	2	2	2	-4	-4	7	-5	-5	-2	0	0	5	5	-8	-3	-6	-2	-2	7	7	-4	-4	-2	-2	1	1	11	-1	-1	-4	-6	0	0	-6	-6	-2	3	-1	7	7	-10	-2	-4	9	-8	-8	2	22	-5	-5	-5	0	-2	2	-3	-3	15	-1	-8	7	7	-5	-1	1	1	-8	-8	-9	-3	7	-4	-4	-3	19	-6	-6	0	0	6	2	-7	7	7	-5	-5	-6	2	2	-1	-1	2	1	2	
3	3	-2	4	-4	-11	-11	2	-2	5	5	-1	-1	1	2	-3	1	1	3	-1	-3	-1	-1	-1	-7	-7	4	6	6	-4	-4	1	-6	-6	7	7	7	9	2	2	-8	-8	-4	-4	-4	1	1	-3	3	-1	-1	-8	-8	-4	-5	-5	-2	-1	-1	5	2	2	1	1	0	1	1	2	2	-9	-3	-11	-11	-1	-1	2	1	-5	5	5	-1	1	-5	-5	-4	-4	3	-3	-6	2	2	2	6	-1	-1	4	7	7	-9	-9	0	0	-11	0	1	0	0	6	6	-1	1	1	-1	-6	-6	-3	7	7	5	5	-1	-2	-7	4	4	-7	-7	0	0	4	4	-6	-6	2	-4	-4	-6	-1	2	2	-1	-1	-1	0	3	13	13	-8	-3	-7	2	-4	-4	-5	7	-16	0	0	13	-4	-1	-6	-6	9	-10	-3	-2	-2	2	-2	7	7	-4	-4	-9	-5	-2	-1	-1	-2	2	6	6	3	3	0	-1	0	10	10	-8	-8	-4	-1	-1	1	1	-2	-2	-2	
25	25	-5	11	-6	-31	-31	-6	2	25	25	1	1	17	27	5	5	5	17	9	3	-16	-16	-16	-35	-35	-3	25	25	-7	-7	-6	12	12	2	2	2	57	-10	-10	-14	-14	-5	-9	-9	-6	-6	44	9	-21	-21	-19	-19	13	-15	-15	2	23	-61	-23	-11	-11	13	13	14	-5	-5	-1	-1	-22	-2	-47	-47	21	21	3	35	10	10	10	-9	15	-5	-5	-10	-10	4	-26	0	13	13	37	36	-31	-31	-7	31	31	-26	-26	7	7	0	-21	37	-17	-17	26	26	-16	-6	-6	2	-38	-38	27	18	18	30	30	12	-22	-26	22	22	-13	-13	-13	-13	18	18	-76	-76	0	24	24	-29	-90	7	7	5	5	5	-19	25	42	42	-19	-13	18	8	-28	-28	-39	22	-34	18	18	11	-13	-6	-7	-7	-3	-18	23	-3	-3	23	-17	-2	-2	1	1	-11	29	-9	-6	-6	12	28	25	25	26	26	-1	-18	-20	22	22	-35	-35	18	-15	-15	14	14	-10	10	-26	
6	6	-2	-1	-2	-13	-13	3	-2	2	2	-1	-1	4	2	-4	3	3	2	2	-4	-2	-2	-2	-1	-1	1	6	6	0	0	2	-8	-8	2	2	2	12	0	0	-8	-8	-9	4	4	1	1	4	0	-6	-6	-5	-5	1	-8	-8	-1	6	-9	-1	3	3	1	1	-1	-1	-1	-2	-2	1	0	-19	-19	3	3	0	1	-3	6	6	-3	7	-3	-3	-4	-4	8	-10	12	-6	-6	-1	10	-11	-11	-1	7	7	-3	-3	-5	-5	-7	-3	-3	1	1	8	8	-3	3	3	3	-24	-24	-7	10	10	5	5	3	-2	2	23	23	0	0	-8	-8	3	3	-12	-12	-5	-5	-5	-10	-15	-14	-14	7	7	4	-5	13	-1	-1	-19	-6	-3	3	-1	-1	-5	-1	-8	6	6	-2	3	0	-2	-2	8	-5	5	3	3	4	-4	0	0	0	0	-4	-10	-7	-1	-1	-3	6	6	6	4	4	-12	-7	-5	12	12	-2	-2	2	-7	-7	2	2	2	2	-9	
-3	-3	-1	-3	-4	1	1	0	-1	0	0	-3	-3	2	-1	-3	0	0	-2	-3	-1	-1	-1	-1	-3	-3	1	1	1	-6	-6	2	-5	-5	2	2	2	0	3	3	-2	-2	-4	0	0	-8	-8	-2	0	2	2	-1	-1	0	-3	-3	0	0	-2	0	5	5	1	1	-1	0	0	-1	-1	1	3	-6	-6	1	1	-1	4	-6	1	1	-1	0	-2	-2	-3	-3	-1	-1	-9	3	3	2	4	-5	-5	2	0	0	2	2	5	5	-7	3	-2	5	5	0	0	-2	-2	-2	1	-3	-3	1	3	3	-2	-2	-1	-3	-10	1	1	-2	-2	-1	-1	6	6	0	0	-5	2	2	-2	-5	-2	-2	5	5	-2	3	4	5	5	-5	0	-10	1	-1	-1	-2	0	-5	-4	-4	5	2	1	-5	-5	2	-5	0	1	1	-2	-2	-1	-1	0	0	-2	-4	0	1	1	-4	1	0	0	0	0	-1	0	-4	0	0	-6	-6	1	1	1	3	3	1	-2	-3	
-4	-4	12	1	-8	15	15	1	-3	-6	-6	-9	-9	-6	5	-3	-5	-5	0	-1	-1	-4	-4	-4	-3	-3	1	-9	-9	-39	-39	17	-3	-3	10	10	10	-25	8	8	11	11	-7	2	2	-44	-44	1	13	5	5	3	3	-2	12	12	2	5	3	-13	4	4	11	11	6	2	2	1	1	5	7	2	2	-5	-5	3	6	-6	2	2	-2	-2	-4	-4	-4	-4	-1	7	12	-4	-4	3	6	-6	-6	1	-3	-3	5	5	8	8	-27	4	-1	2	2	-1	-1	9	2	2	0	-3	-3	0	1	1	-3	-3	3	-5	-2	11	11	-6	-6	-1	-1	0	0	16	16	-14	0	0	-1	-3	-5	-5	21	21	-8	-3	-5	-3	-3	-17	2	-8	7	-8	-8	-3	3	1	16	16	13	-8	-5	-8	-8	-6	3	-32	9	9	-5	-1	4	4	-1	-1	5	14	5	5	5	-7	15	5	5	2	2	1	-5	-7	5	5	-14	-14	2	2	2	17	17	-5	-9	-1	
Trial:16
-13	-21	-21	-13	55	-12	18	18	-33	-40	3	18	-4	-4	-36	-36	-22	-22	50	50	-7	-18	24	40	40	10	29	5	-20	-5	-5	-63	22	-14	-17	-3	0	-11	-16	10	15	15	25	-7	-25	-2	-2	5	5	46	-17	-17	-20	-17	-20	-20	-12	-12	2	16	-5	3	3	20	20	-49	-25	-25	9	9	-15	-15	-19	-19	27	27	-13	16	16	-14	-14	9	9	-23	-23	13	13	13	-15	-15	82	82	-35	30	-13	-2	-2	-32	37	5	5	63	63	-14	3	-47	8	8	7	5	-20	13	13	-17	55	15	15	-15	-15	46	-61	-4	-8	-8	-36	-6	12	-5	-5	-46	-46	30	30	5	5	-6	-37	-8	-9	-9	70	-45	-80	-80	-28	-28	72	66	-24	-24	13	0	0	-6	30	-43	-12	-12	-23	-6	9	9	31	31	-40	-14	32	21	21	-20	-5	-28	-28	12	12	9	32	32	-11	-11	-32	-4	-7	-7	35	35	-12	-21	-21	20	20	-37	-10	-26	-26	16	16	46	-21	89	
-4	-7	-7	-1	-2	-1	-1	-1	-9	-2	6	0	-7	-7	-6	-6	3	3	4	4	2	-6	4	3	3	4	3	2	-6	-2	-2	-9	7	-3	-4	0	-1	-4	0	10	-2	-2	-6	-1	-1	2	2	2	2	-1	-7	-7	-1	-1	-2	-2	1	1	-1	1	0	-2	-2	3	3	-3	-4	-4	-1	-1	-1	-1	-1	-1	0	0	-6	-4	-4	-1	-1	1	1	-5	-5	-1	-1	0	-4	-4	9	9	-4	1	-1	-7	-7	-5	2	10	10	3	3	-6	5	-7	2	2	1	0	-1	-1	-1	-3	7	-3	-3	-5	-5	-1	-1	-3	1	1	6	-2	2	-5	-5	-6	-6	-2	-2	2	2	3	-9	-4	-2	-2	12	-3	-7	-7	-5	-5	6	-10	-5	-5	2	-1	-1	-6	1	-6	0	-2	-3	-1	11	11	1	1	-9	-8	-3	-6	-6	-2	-1	-1	-1	1	1	2	-3	-3	0	0	-8	-1	-2	-2	10	10	2	-3	-3	-2	-2	-2	1	0	0	2	2	2	-3	8	
-3	-1	-1	-2	-7	0	4	4	-9	-1	2	-6	-4	-4	2	2	-3	-3	-6	-6	2	-10	2	-4	-4	3	-1	-3	-14	3	3	-2	1	-1	1	-2	2	1	-3	6	-9	-9	1	-2	-1	3	3	2	2	-1	-1	-1	-8	-2	-2	-2	0	0	4	-6	1	-17	-17	10	10	0	-1	-1	0	0	7	7	8	8	-2	-2	-7	-13	-13	1	1	-4	-4	-5	-5	-4	-4	4	12	12	7	7	-4	-5	-1	-7	-7	-11	-1	5	5	-3	-3	-1	-2	-3	6	6	-1	-2	-4	1	1	-2	-4	1	1	2	2	-5	8	-2	4	4	-4	5	1	-4	-4	-3	-3	4	4	-3	-3	4	-9	-1	-3	-3	-8	-6	0	0	-4	-4	-3	-10	1	1	1	11	11	2	-5	-3	-4	-2	-2	-5	1	1	1	1	-5	-4	-6	-7	-7	-4	-6	1	1	-3	-3	2	-3	-3	-4	-4	-3	-1	1	1	7	7	7	-3	-3	0	0	-6	-2	8	8	1	1	-6	0	4	
-4	-1	-1	-2	5	-3	-7	-7	-3	-3	2	0	2	2	-1	-1	-1	-1	-7	-7	5	-2	5	-1	-1	-3	0	-1	-1	-9	-9	-4	-1	-2	-1	-1	1	5	-1	-1	2	2	-1	2	3	1	1	1	1	-3	4	4	2	4	-5	-5	-8	-8	0	-6	2	-6	-6	0	0	-3	-7	-7	-8	-8	6	6	-4	-4	0	0	0	1	1	3	3	0	0	-8	-8	-3	-3	6	1	1	9	9	-4	1	12	-10	-10	-7	-2	8	8	-7	-7	-2	2	-2	-3	-3	-1	0	3	-3	-3	-4	-1	2	2	0	0	-2	7	-6	-4	-4	3	4	2	-4	-4	1	1	6	6	-3	-3	-5	-4	-2	3	3	1	2	0	0	-2	-2	-6	-4	-2	-2	-1	0	0	4	-10	4	6	-7	2	1	1	1	1	1	-4	-3	-1	1	1	0	-3	-4	-4	-4	-4	0	-5	-5	-2	-2	-5	-4	4	4	0	0	0	1	1	1	1	0	6	-3	-3	4	4	-10	-4	2	
-13	6	6	-48	32	8	2	2	2	-4	33	4	15	15	1	1	1	1	-19	-19	3	-18	18	20	20	-46	-16	20	-9	-5	-5	-49	-4	39	-23	28	10	0	33	14	9	9	4	7	8	11	11	-41	-41	9	8	8	21	14	-17	-17	13	13	-41	-5	16	6	6	1	1	-11	4	4	-34	-34	10	10	9	9	-10	-10	18	20	20	13	13	3	3	-34	-34	6	6	-1	-12	-12	-2	-2	-31	-24	40	-24	-24	-6	10	29	29	-21	-21	2	22	-1	32	32	7	-8	-2	-10	-10	-52	21	21	21	-6	-6	38	32	-1	8	8	-18	42	-6	-26	-26	-24	-24	30	30	19	19	-11	-28	-46	26	26	3	0	17	17	-62	-62	9	19	18	18	27	9	9	-2	-35	27	-11	-5	15	-35	-7	-7	2	2	17	-6	8	23	23	11	40	-12	-12	-18	-18	5	6	6	-32	-32	18	-31	16	16	-29	-29	11	27	27	-18	-18	-34	-5	-6	-6	-1	-1	25	-1	28	
-4	9	9	-4	5	-4	-1	-1	-9	-5	5	-6	-3	-3	-3	-3	2	2	-7	-7	-1	-5	7	5	5	-8	-6	-1	-2	-3	-3	-3	6	2	1	2	-1	-3	8	4	1	1	-2	4	3	-5	-5	-3	-3	-3	-1	-1	5	0	-2	-2	1	1	-8	-5	4	-1	-1	3	3	-4	-1	-1	-10	-10	1	1	3	3	-5	-5	1	3	3	1	1	3	3	-8	-8	-7	-7	3	-1	-1	-1	-1	-6	2	5	-8	-8	0	-1	3	3	-1	-1	4	4	-7	5	5	-6	0	0	1	1	-5	0	-1	-1	0	0	-6	13	1	-1	-1	-13	9	1	-4	-4	-18	-18	11	11	3	3	3	-8	3	6	6	10	1	-5	-5	-4	-4	-3	-4	3	3	4	4	4	-1	-6	-1	0	-7	3	-3	-5	-5	0	0	1	-5	-7	1	1	1	4	-7	-7	-1	-1	1	-4	-4	-3	-3	0	-4	1	1	3	3	2	2	2	-6	-6	-14	1	3	3	3	3	-2	1	9	
-1	-1	-1	-1	0	-2	-1	-1	-6	1	3	-2	-3	-3	-4	-4	1	1	-1	-1	2	-2	0	0	0	1	-1	-3	0	-1	-1	0	2	-1	0	1	0	-2	-1	-4	0	0	-2	1	1	-1	-1	-2	-2	-1	0	0	1	0	-1	-1	-2	-2	0	-1	1	-2	-2	0	0	-2	-1	-1	-3	-3	0	0	0	0	-4	-4	-3	-5	-5	0	0	0	0	-3	-3	1	1	2	-4	-4	-1	-1	-1	1	-1	-2	-2	-2	-3	1	1	-4	-4	1	1	-4	1	1	-1	-2	-1	1	1	-4	0	-1	-1	0	0	-3	1	-2	-2	-2	-3	2	-1	-2	-2	-4	-4	1	1	0	0	3	-3	0	1	1	3	3	-3	-3	-2	-2	0	-7	-4	-4	1	2	2	1	-1	-2	0	-5	2	1	-1	-1	-3	-3	0	-3	-4	-1	-1	1	-1	-4	-4	-3	-3	-2	-1	-1	2	2	0	-1	0	0	-1	-1	0	-2	-2	-2	-2	-2	1	-1	-1	-1	-1	0	-1	2	
-4	-5	-5	-4	3	-1	4	4	-9	-4	4	-3	-2	-2	-2	-2	-2	-2	5	5	-3	-6	0	1	1	1	3	-2	0	-3	-3	-6	6	-3	-3	-2	0	-3	-1	4	4	4	-4	0	-3	1	1	1	1	2	-1	-1	-4	3	-3	-3	-2	-2	2	3	-1	-1	-1	0	0	-2	-2	-2	-1	-1	-3	-3	-4	-4	1	1	-3	-8	-8	2	2	1	1	-5	-5	-1	-1	4	-3	-3	4	4	-5	-2	-2	2	2	-2	5	4	4	-2	-2	-4	1	-4	1	1	-1	0	-4	4	4	-2	6	1	1	-6	-6	2	-3	1	1	1	-9	-2	6	-4	-4	-6	-6	1	1	-2	-2	0	-7	-2	-3	-3	10	-1	-7	-7	-4	-4	6	-3	-2	-2	3	0	0	1	3	-6	2	-3	-2	0	0	0	3	3	-4	-2	-1	3	3	-3	2	-4	-4	0	0	0	-3	-3	2	2	-7	-3	-1	-1	8	8	-3	-1	-1	1	1	-5	2	-5	-5	-1	-1	5	-2	2	
Trial:17
30	-100	26	26	-26	-30	36	-50	-75	8	8	23	127	-12	42	16	16	1	11	-37	-2	-2	-90	-73	-50	-17	17	17	-82	-82	-14	32	32	86	86	34	43	43	-1	-1	-1	3	-6	-6	15	15	-67	-2	-2	-16	-16	-16	-2	-41	-41	-7	-7	48	-17	-17	26	26	26	-24	-20	-20	75	75	-32	-32	-15	-15	4	4	-57	68	68	-34	-34	18	85	85	1	-43	-43	-29	5	5	4	4	24	24	-24	-24	-1	-1	1	-47	-47	-12	-12	-14	-51	-51	-30	-33	-33	33	81	81	11	11	-6	-106	15	4	4	-10	-24	10	-23	30	30	0	-10	58	58	-56	-56	-39	-42	-16	26	26	-30	-19	-12	15	15	-22	-22	106	90	-20	-20	-16	-16	92	-37	-37	-31	-31	-1	-1	-8	-8	-18	-18	-10	-53	-53	22	22	-8	-57	-7	-7	21	21	13	-1	-1	-31	-31	22	-1	-37	21	-8	-8	85	-56	-56	-3	-3	82	33	-33	-34	-34	-20	-10	-16	-16	5	7	-3	-18	-7	5	
14	-8	-3	-3	-3	-8	8	-5	-14	-3	-3	-3	13	-16	3	7	7	5	-1	-6	-3	-3	3	10	-13	-6	3	3	-5	-5	5	1	1	3	3	2	3	3	4	4	4	-4	11	11	-2	-2	-6	-5	-5	-7	-7	-7	-8	-3	-3	-3	-3	9	-8	-8	-3	-3	-3	3	-3	-3	-1	-1	2	2	8	8	-4	-4	-5	11	11	-6	-6	-4	0	0	-1	-3	-3	11	-4	-4	5	5	2	2	-1	-1	-6	-6	-6	-2	-2	-1	-1	-5	-8	-8	-4	-3	-3	-1	-4	-4	3	3	-3	-18	-5	8	8	-5	4	4	-4	7	7	-1	-1	1	1	1	1	-1	-4	-12	0	0	6	7	-2	-3	-3	-7	-7	9	2	1	1	-1	-1	5	-1	-1	-2	-2	10	10	-2	-2	2	2	-7	-7	-7	0	0	-6	-12	-10	-10	-2	-2	10	-9	-9	-6	-6	-1	-2	-4	-3	11	11	-2	-3	-3	-7	-7	9	0	-5	1	1	0	2	-2	-2	5	7	-1	0	-2	-8	
4	-10	0	0	6	-6	0	1	3	-4	-4	-8	6	-8	4	9	9	2	2	-7	4	4	-3	6	-1	-2	-3	-3	-6	-6	-14	5	5	-4	-4	2	2	2	4	4	4	-6	6	6	2	2	3	-5	-5	-1	-1	-1	-3	-7	-7	2	2	-15	3	3	2	2	2	-2	1	1	3	3	3	3	6	6	1	1	-6	-3	-3	3	3	-4	1	1	-3	3	3	-1	-17	-17	8	8	1	1	0	0	-5	-5	-3	10	10	-7	-7	-2	0	0	0	-5	-5	-1	2	2	9	9	-6	7	-3	0	0	-4	2	-4	2	-10	-10	-1	18	6	6	0	0	-14	-8	1	4	4	1	-4	-15	1	1	9	9	-20	2	-3	-3	4	4	-3	0	0	-4	-4	-1	-1	-4	-4	0	0	-20	5	5	5	5	-1	3	-7	-7	-16	-16	7	4	4	-7	-7	4	-1	-10	-2	7	7	-2	13	13	0	0	5	-17	-7	-1	-1	-1	2	-1	-1	-4	-5	-9	-3	8	-4	
6	-9	0	0	-1	-2	7	-3	-1	-1	-1	-22	0	-9	0	10	10	-7	1	1	5	5	-3	3	-1	-7	8	8	4	4	-4	-6	-6	-7	-7	-7	-4	-4	-4	-4	-4	-13	5	5	7	7	-3	1	1	-11	-11	-11	-3	5	5	5	5	3	2	2	2	2	2	-8	-3	-3	-3	-3	3	3	-3	-3	4	4	-3	-11	-11	4	4	2	-5	-5	-4	3	3	11	-6	-6	-3	-3	0	0	-4	-4	-5	-5	2	6	6	-13	-13	5	9	9	4	-3	-3	-11	4	4	7	7	-4	5	7	1	1	-1	0	2	-2	-1	-1	-2	4	4	4	-1	-1	-4	2	-3	-10	-10	2	-3	-7	-7	-7	10	10	2	0	5	5	-4	-4	1	3	3	-2	-2	0	0	-7	-7	-7	-7	0	0	0	10	10	7	-4	-11	-11	-7	-7	0	-3	-3	-13	-13	0	0	8	1	0	0	-3	6	6	-3	-3	-3	-6	3	-14	-14	6	-1	1	1	-5	-6	-3	-2	4	-1	
-28	0	-2	-2	16	4	23	22	8	44	44	-42	-35	-58	56	-17	-17	30	-11	15	10	10	5	-25	-23	-53	41	41	77	77	19	-81	-81	-10	-10	-18	-88	-88	-6	-6	-6	-38	63	63	59	59	-43	-6	-6	51	51	51	8	46	46	19	19	15	-13	-13	-17	-17	-17	14	-50	-50	-19	-19	-12	-12	-21	-21	10	10	-28	-8	-8	-24	-24	44	-30	-30	11	16	16	53	-19	-19	-46	-46	23	23	13	13	-28	-28	-5	20	20	34	34	30	30	30	42	-26	-26	-61	-11	-11	16	16	11	15	12	2	2	-3	-15	8	-14	-28	-28	-21	30	16	16	2	2	-9	32	0	15	15	3	-22	38	-34	-34	-4	-4	19	-11	32	32	-13	-13	48	-17	-17	-19	-19	-17	-17	-16	-16	-15	-15	-21	0	0	55	55	16	0	-25	-25	-28	-28	10	-32	-32	5	5	-4	39	32	10	-7	-7	30	-8	-8	-38	-38	15	4	-5	-14	-14	36	-42	10	10	-10	-5	9	29	2	44	
6	-13	1	1	3	0	-13	-4	7	-5	-5	-14	2	-6	6	4	4	-2	4	8	-11	-11	13	-11	0	-1	-3	-3	7	7	2	-10	-10	1	1	-3	-6	-6	-1	-1	-1	6	-1	-1	4	4	-13	-7	-7	0	0	0	8	12	12	-3	-3	5	-11	-11	-4	-4	-4	1	0	0	0	0	6	6	0	0	1	1	-8	-12	-12	-1	-1	4	-2	-2	3	1	1	4	-2	-2	-5	-5	7	7	-4	-4	-10	-10	-5	4	4	-7	-7	8	3	3	6	-4	-4	-10	3	3	5	5	-1	7	1	1	1	0	-1	-1	-18	5	5	-2	0	1	1	2	2	1	-2	-6	1	1	1	-3	-4	-1	-1	9	9	-6	-1	-5	-5	-2	-2	-1	1	1	-1	-1	-2	-2	-8	-8	-2	-2	-6	3	3	13	13	-1	-6	-8	-8	-16	-16	7	0	0	-14	-14	1	1	4	-1	5	5	2	8	8	-6	-6	0	-10	2	-3	-3	1	0	-3	-3	-3	-3	0	-10	1	4	
5	-4	0	0	-14	1	-8	1	4	-2	-2	0	5	-10	10	-1	-1	2	1	-5	-1	-1	4	-10	-2	-4	-6	-6	0	0	1	-6	-6	-1	-1	-3	-5	-5	2	2	2	-2	-2	-2	5	5	0	-5	-5	1	1	1	3	3	3	-1	-1	6	-2	-2	-4	-4	-4	-4	-1	-1	-4	-4	4	4	-1	-1	-5	-5	-4	-19	-19	4	4	-3	0	0	2	7	7	12	-5	-5	8	8	-3	-3	1	1	0	0	-6	-1	-1	-9	-9	6	9	9	3	-7	-7	1	-1	-1	1	1	-5	2	-3	-1	-1	0	-2	-3	-5	2	2	-6	2	4	4	1	1	-2	2	0	1	1	1	4	-3	-2	-2	3	3	-4	-2	10	10	1	1	-1	-1	-1	-6	-6	-3	-3	-3	-3	-2	-2	-11	-1	-1	2	2	2	4	-2	-2	-2	-2	-1	-3	-3	-6	-6	-1	2	7	4	1	1	-3	2	2	-2	-2	-1	-8	0	-2	-2	-2	0	-5	-5	-1	-3	0	-1	0	-4	
2	-18	-3	-3	-11	2	6	0	-10	-3	-3	-7	9	-8	-4	-1	-1	5	3	-7	0	0	1	-25	-15	-3	-1	-1	-4	-4	-8	0	0	6	6	3	-2	-2	-3	-3	-3	4	6	6	3	3	-6	-1	-1	2	2	2	-8	2	2	-4	-4	7	-4	-4	3	3	3	-6	-1	-1	0	0	-3	-3	6	6	1	1	-9	11	11	-2	-2	-12	3	3	-1	-1	-1	-6	-3	-3	8	8	-2	-2	-1	-1	-1	-1	-5	-7	-7	-1	-1	7	-4	-4	-2	-5	-5	4	6	6	1	1	0	-9	1	-3	-3	-4	-2	0	-9	2	2	1	-5	5	5	17	17	-8	8	-7	-2	-2	-3	1	-4	-11	-11	0	0	9	2	-1	-1	0	0	2	-1	-1	1	1	-2	-2	-1	-1	4	4	-7	-3	-3	0	0	-3	-5	-12	-12	-2	-2	3	-7	-7	3	3	1	-1	1	0	1	1	7	-2	-2	1	1	4	4	-1	-6	-6	-6	-1	-5	-5	-3	0	1	-18	-4	-7	
Trial:18
-24	-24	15	15	14	-1	-1	-62	-62	-11	-11	11	11	15	15	19	42	42	-32	-32	-13	-13	8	8	5	5	9	-26	-26	8	8	-8	-6	-6	5	56	56	37	37	-27	20	20	-17	-29	-16	-16	14	14	-9	3	-5	-11	-11	29	6	-54	0	0	0	-13	0	14	-13	-13	2	-5	3	-9	-9	8	42	57	57	-47	-47	4	4	14	-8	-12	-12	-46	-46	-19	9	9	-16	-16	4	-15	-14	-13	-13	-9	-12	18	18	24	24	4	34	-39	-11	-11	8	10	27	25	25	-16	-16	-3	-3	89	89	-38	4	-22	-15	-15	-6	-6	-18	-18	-6	-6	-3	12	56	-8	-8	-15	-15	7	7	-10	-10	3	-3	-16	-16	-4	-12	-51	-44	-44	20	20	-7	-20	2	17	17	17	9	-18	-18	-2	-27	12	-42	-42	-21	-21	21	21	20	-8	-8	12	12	-5	-8	-19	-19	9	9	-2	-19	-19	-5	-5	4	7	3	3	-27	-27	7	15	15	-3	-3	15	-10	-22	6	6	27	-12	
-9	-9	5	5	4	-12	-12	-5	-5	-4	-4	2	2	3	3	9	1	1	-2	-2	-1	-1	1	1	-3	-3	-2	-6	-6	3	3	-3	-8	-8	0	6	6	6	6	-3	2	2	-3	-9	-1	-1	-18	-18	4	-3	2	-8	-8	3	0	6	-5	-5	-5	-2	1	3	-6	-6	1	-4	11	-1	-1	1	-5	11	11	-5	-5	-5	-5	-4	-8	0	0	-9	-9	-4	-2	-2	3	3	2	-4	-5	-6	-6	2	-10	0	0	-1	-1	0	-2	-6	4	4	2	1	-4	-3	-3	6	6	-2	-2	1	1	-8	-3	-1	-1	-1	2	2	-5	-5	0	0	-4	5	4	-8	-8	-2	-2	-7	-7	6	6	0	15	-3	-3	8	-1	-6	-8	-8	0	0	-5	4	-8	5	5	-1	2	0	-3	4	0	-3	-6	-6	-3	-3	1	1	-1	3	3	7	7	3	0	-4	-4	-8	-8	0	-4	-4	0	0	-13	12	1	1	0	0	-5	1	1	6	6	-6	-4	-1	0	0	-8	7	
-3	-3	4	4	-7	-19	-19	-4	-4	-4	-4	2	2	5	5	14	-5	-5	2	2	5	5	17	17	-11	-11	-3	2	2	-6	-6	-7	-5	-5	1	-4	-4	-1	-1	-3	-1	-1	-2	-1	-2	-2	-6	-6	10	-15	-1	-4	-4	-5	5	-3	-3	-3	-3	11	-5	7	-2	-2	1	5	-5	0	0	0	-8	5	5	0	0	-3	-3	-5	-14	17	17	-8	-8	2	-8	-8	1	1	-7	-1	12	-15	-15	3	-9	-4	-4	-5	-5	-3	-22	-6	5	5	1	3	-6	-6	-6	4	4	-2	-2	0	0	-1	-3	4	2	2	-15	-15	0	0	0	0	-5	5	-1	9	9	4	4	-10	-10	6	6	11	5	-2	-2	-1	-6	-1	-3	-3	9	9	3	0	-4	-5	-5	-4	5	-6	5	2	-4	0	-3	-3	-1	-1	-1	-1	1	3	3	-3	-3	-12	1	1	1	3	3	0	-2	-2	2	2	-2	-2	-3	-3	-3	-3	1	-5	-5	0	0	-4	0	-1	-1	-1	-3	-2	
-3	-3	6	6	0	-11	-11	-10	-10	-5	-5	0	0	13	13	0	-7	-7	5	5	-7	-7	2	2	-7	-7	2	1	1	-4	-4	-1	-7	-7	3	-2	-2	1	1	-4	2	2	4	-2	5	5	-8	-8	3	-5	-7	-3	-3	1	0	-3	-2	-2	-2	-1	0	4	1	1	-1	-4	1	0	0	-10	0	-4	-4	3	3	-5	-5	-1	-5	2	2	-11	-11	6	-4	-4	-1	-1	-2	0	-2	-1	-1	2	-4	-1	-1	-6	-6	-3	-8	3	4	4	2	2	-4	-4	-4	2	2	0	0	-7	-7	0	3	3	4	4	-5	-5	4	4	-2	-2	-7	-4	-1	0	0	6	6	3	3	-1	-1	-8	-2	2	2	-2	-6	0	3	3	0	0	-4	-5	-1	3	3	0	3	6	-7	1	0	-5	1	1	0	0	-1	-1	-9	6	6	-2	-2	-11	2	2	2	5	5	2	-4	-4	7	7	-1	-3	-1	-1	-4	-4	-4	-4	-4	-1	-1	-1	-3	0	-6	-6	-2	1	
-27	-27	-13	-13	-13	-1	-1	9	9	-8	-8	7	7	3	3	-15	-52	-52	29	29	15	15	27	27	-16	-16	-19	26	26	1	1	9	0	0	-32	-4	-4	-21	-21	-54	32	32	21	16	0	0	-8	-8	-9	1	-30	-3	-3	16	-26	10	20	20	20	-23	43	5	-1	-1	8	-7	14	-63	-63	-57	15	68	68	6	6	-54	-54	1	40	-27	-27	-98	-98	37	12	12	11	11	13	-2	61	-34	-34	-18	-49	-2	-2	-21	-21	-19	-38	26	15	15	21	7	-1	-2	-2	-18	-18	31	31	-24	-24	-6	-17	5	-15	-15	-24	-24	64	64	5	5	-32	14	6	-62	-62	17	17	21	21	-8	-8	-13	-24	13	13	20	29	-11	-4	-4	6	6	-22	-56	-7	-6	-6	44	37	2	7	1	-16	1	-22	-22	16	16	-23	-23	-8	24	24	-28	-28	4	13	-4	-4	13	13	8	-29	-29	48	48	13	-1	-7	-7	6	6	-23	-6	-6	-49	-49	22	-13	-10	-14	-14	-19	35	
-7	-7	1	1	3	-1	-1	-1	-1	-1	-1	3	3	-3	-3	-4	0	0	2	2	-3	-3	-2	-2	-8	-8	0	2	2	4	4	0	-6	-6	-4	3	3	2	2	-4	8	8	2	-8	-6	-6	-6	-6	1	-1	-11	-2	-2	0	-3	5	-4	-4	-4	-5	4	5	-3	-3	5	-1	-3	-2	-2	-9	2	-2	-2	3	3	-5	-5	-8	2	-4	-4	-11	-11	6	0	0	-1	-1	-2	-4	-1	0	0	0	6	3	3	-8	-8	-3	-12	-4	9	9	5	1	-1	-8	-8	2	2	8	8	-6	-6	-1	2	2	-1	-1	-1	-1	0	0	0	0	-9	1	1	-4	-4	5	5	-2	-2	0	0	-12	-4	4	4	3	-8	-3	3	3	-1	-1	-1	-8	-6	3	3	6	3	1	3	-4	0	2	-1	-1	1	1	-6	-6	-6	6	6	-6	-6	2	1	5	5	-1	-1	2	-4	-4	4	4	-4	3	2	2	1	1	-6	-2	-2	0	0	-5	-5	-4	-2	-2	0	2	
-6	-6	2	2	1	-3	-3	-2	-2	-4	-4	-1	-1	-2	-2	1	-2	-2	-1	-1	-1	-1	0	0	-10	-10	4	1	1	2	2	-3	-6	-6	0	3	3	1	1	-2	3	3	-1	-1	-7	-7	-3	-3	-7	-2	1	-2	-2	3	-1	3	-1	-1	-1	-1	3	1	0	0	-1	-3	-4	0	0	-2	0	-5	-5	2	2	0	0	-2	-4	0	0	-1	-1	-3	-4	-4	0	0	-1	0	-3	-1	-1	1	3	2	2	-2	-2	0	-7	-5	3	3	-1	1	-1	-3	-3	1	1	3	3	-6	-6	-1	0	0	-1	-1	0	0	-1	-1	1	1	-1	-3	0	-2	-2	1	1	-1	-1	0	0	-5	1	0	0	1	-5	2	0	0	2	2	-1	-3	0	-2	-2	-2	1	2	4	-5	0	-1	0	0	3	3	-1	-1	-3	-1	-1	-2	-2	-2	-3	0	0	-1	-1	0	0	0	-1	-1	-1	-2	-1	-1	0	0	-2	-1	-1	1	1	-3	0	-3	0	0	-2	-1	
-4	-4	7	7	-1	17	17	-6	-6	-6	-6	-4	-4	-5	-5	5	0	0	-6	-6	-6	-6	-1	-1	-4	-4	4	-4	-4	1	1	-2	-3	-3	4	4	4	2	2	-4	6	6	-2	-4	-4	-4	-2	-2	-5	-3	-1	-1	-1	0	-1	-2	0	0	0	-3	6	2	-2	-2	1	-5	-4	0	0	-1	-1	0	0	-6	-6	-3	-3	-3	-3	0	0	-1	-1	-1	0	0	0	0	-1	1	1	-5	-5	-1	0	0	0	1	1	0	-13	-5	1	1	2	2	0	0	0	0	0	-9	-9	-1	-1	-2	-3	1	0	0	3	3	-1	-1	0	0	-1	0	3	0	0	-5	-5	4	4	-2	-2	-4	-2	-2	-2	1	-5	-1	-1	-1	0	0	-2	-5	3	1	1	0	1	0	-5	-2	-4	-3	-6	-6	0	0	-1	-1	-1	1	1	2	2	-2	-4	-8	-8	-2	-2	1	0	0	-3	-3	2	-5	1	1	-3	-3	0	0	0	-1	-1	-11	-3	-1	4	4	2	-4	
