2020/5/20 8:30:2
Sampling rate: 100
Measure time: 2
Trial:0
45	45	-36	-36	-45	-45	-37	-37	-11	18	-34	-13	-13	12	95	-10	-5	-40	-37	-16	9	29	8	8	-6	-26	-11	-23	-23	-10	-69	4	4	36	36	-19	85	11	90	90	-40	44	70	-29	-29	-11	-4	-4	10	10	35	35	35	-18	-43	-43	-94	-94	-18	2	2	34	57	57	-80	-35	-35	-31	-31	-63	-63	44	44	11	11	47	-66	-66	56	56	-57	8	8	52	2	2	22	7	7	57	57	-43	-21	-3	-3	17	17	17	0	0	32	32	20	-38	-38	-84	-37	-37	-87	41	41	60	60	-6	12	29	-37	-37	-47	-47	-28	-28	27	27	48	-22	-33	-17	-17	-123	12	-6	17	17	23	23	-4	40	-3	-3	-2	102	37	20	20	30	-21	25	23	-14	-14	-20	-20	13	-21	-21	50	50	50	-4	-10	-10	42	42	42	-59	-59	10	10	-21	-47	-64	-64	-37	-37	22	-6	-6	45	45	43	-8	-8	-2	-2	-2	2	48	-11	-64	-64	0	0	-14	-14	-11	-11	-110	75	-29	
22	22	-8	-8	10	10	-29	-29	-7	69	-4	-6	-6	-8	34	-37	-32	-25	-2	11	-23	42	23	23	-20	35	-19	61	61	-54	-15	-11	-11	61	61	-24	1	41	-53	-53	-8	97	-12	11	11	46	24	24	38	38	-38	-38	-38	15	-27	-27	-11	-11	8	-22	-22	-6	11	11	-28	-15	-15	-22	-22	12	12	17	17	-7	-7	21	-22	-22	15	15	-60	-91	-91	0	-23	-23	20	55	55	-27	-27	26	-48	13	13	-4	-4	-67	-2	-2	16	16	-30	-44	-44	18	24	24	-22	-6	-6	-6	-6	39	-51	12	9	9	-6	-6	-9	-9	-27	-27	28	-27	-18	48	48	-98	46	-8	31	31	4	4	-3	64	-2	-2	-17	3	12	-18	-18	-13	22	-16	-9	-10	-10	27	27	17	-15	-15	82	82	82	-22	-25	-25	29	29	29	-29	-29	-31	-31	-32	-12	-23	-23	9	9	-43	25	25	-30	-30	-4	2	2	4	4	4	8	-15	-26	-21	-21	36	36	5	5	-28	-28	2	-70	-2	
7	7	-4	-4	0	0	-8	-8	-2	-2	-1	-1	-1	3	7	-4	-5	-4	-1	-2	-2	3	0	0	2	-1	-6	9	9	-8	-4	-5	-5	-1	-1	-4	2	1	-4	-4	3	-1	-2	-2	-2	0	-7	-7	-1	-1	-3	-3	-3	2	1	1	-7	-7	1	-3	-3	-1	3	3	2	-4	-4	-5	-5	3	3	-5	-5	-3	-3	3	-4	-4	1	1	-4	-8	-8	-2	-3	-3	4	-2	-2	-5	-5	0	-9	8	8	-2	-2	-4	-4	-4	-1	-1	0	-3	-3	12	1	1	-3	6	6	-1	-1	-1	-8	-7	-3	-3	-2	-2	1	1	-1	-1	4	-2	-5	12	12	-3	2	-7	-1	-1	-4	-4	-2	1	-6	-6	-3	-9	-3	-5	-5	-6	8	-8	0	-4	-4	8	8	1	-8	-8	9	9	9	-7	-2	-2	3	3	3	-4	-4	0	0	-6	-6	-6	-6	2	2	-9	2	2	-6	-6	-1	2	2	3	3	3	0	1	3	7	7	-4	-4	-4	-4	2	2	-1	-6	3	
6	6	-1	-1	2	2	-6	-6	-1	-4	-2	0	0	2	2	-6	-2	-6	2	0	1	-1	3	3	0	3	-1	4	4	-5	-2	-1	-1	0	0	-5	3	1	-1	-1	0	-4	-3	-2	-2	0	-6	-6	-2	-2	-1	-1	-1	-1	2	2	0	0	0	-4	-4	-1	-1	-1	1	-2	-2	-5	-5	2	2	-5	-5	-4	-4	3	-6	-6	1	1	-1	-5	-5	1	-2	-2	2	-3	-3	-4	-4	0	-7	0	0	4	4	-1	-1	-1	-1	-1	2	-1	-1	10	-1	-1	1	0	0	1	1	-5	-5	-7	0	0	-2	-2	-1	-1	-1	-1	2	2	-1	0	0	1	-3	-3	-2	-2	-4	-4	-3	4	-9	-9	-2	-6	0	-7	-7	-2	4	-2	2	-6	-6	5	5	1	-4	-4	3	3	3	-3	-2	-2	5	5	5	-2	-2	0	0	-5	-5	-4	-4	4	4	-5	1	1	-3	-3	-4	-1	-1	-1	-1	-1	0	4	1	2	2	-4	-4	-8	-8	5	5	5	-5	0	
15	15	-5	-5	9	9	-11	-11	5	-7	7	4	4	8	-4	-20	-2	-9	1	-3	2	-4	2	2	-5	8	3	13	13	-3	-10	-10	-10	4	4	1	8	-5	0	0	-2	-11	-11	2	2	-6	-5	-5	-1	-1	-3	-3	-3	-15	12	12	-4	-4	8	-7	-7	9	1	1	6	-6	-6	-9	-9	8	8	-5	-5	-2	-2	-1	-5	-5	-4	-4	11	-6	-6	6	0	0	-1	-4	-4	-13	-13	9	-15	-1	-1	13	13	5	1	1	-2	-2	2	-1	-1	10	-4	-4	5	-3	-3	10	10	-6	-2	-31	5	5	2	2	-3	-3	1	1	8	10	-2	-13	-13	4	-5	3	-4	-4	-8	-8	-1	8	-15	-15	4	-5	-4	-9	-9	1	10	2	3	-9	-9	11	11	2	-5	-5	1	1	1	2	3	3	9	9	9	-10	-10	2	2	1	-7	-8	-8	7	7	-4	1	1	-1	-1	-7	0	0	-1	-1	-1	-1	1	3	-1	-1	-1	-1	-8	-8	5	5	6	-8	-4	
-4	-4	39	39	-1	-1	-41	-41	-34	-5	53	-1	-1	9	-6	-77	20	92	-23	-9	8	-43	-64	-64	47	11	-6	16	16	-13	-29	-13	-13	31	31	-5	-8	18	-6	-6	-7	-14	21	-96	-96	-63	-4	-4	20	20	1	1	1	51	5	5	29	29	21	-28	-28	15	13	13	21	-2	-2	-25	-25	30	30	-4	-4	-16	-16	-12	-33	-33	-1	-1	-60	-10	-10	-23	6	6	3	-2	-2	-30	-30	26	-78	-11	-11	7	7	-16	3	3	17	17	-11	14	14	-52	10	10	-1	-19	-19	-3	-3	28	16	-101	40	40	7	7	6	6	25	25	-12	-16	12	-37	-37	50	30	3	-7	-7	12	12	-11	-1	-13	-13	3	-14	-6	-24	-24	0	-13	22	-9	9	9	15	15	-2	0	0	-20	-20	-20	32	37	37	-6	-6	-6	-31	-31	84	84	-30	9	-26	-26	-25	-25	-6	-42	-42	-1	-1	-1	47	47	-1	-1	-1	-35	-7	20	66	66	-30	-30	-9	-9	2	2	4	-14	-47	
-6	-6	-10	-10	-7	-7	-4	-4	0	-4	-1	1	1	-27	8	14	22	-14	-15	30	-6	-8	-6	-6	-8	13	14	14	14	-7	13	-21	-21	-31	-31	21	-34	-10	-16	-16	30	-10	2	-13	-13	2	3	3	18	18	-7	-7	-7	8	8	8	14	14	-1	-17	-17	7	-11	-11	25	-20	-20	-64	-64	31	31	-11	-11	-6	-6	36	19	19	10	10	-5	-39	-39	-32	3	3	45	12	12	-4	-4	7	-31	-14	-14	0	0	30	-32	-32	-14	-14	1	-13	-13	-19	-4	-4	-6	-24	-24	11	11	22	-27	-24	10	10	-58	-58	2	2	-24	-24	-11	-19	-6	48	48	41	9	31	-16	-16	5	5	-44	-2	-4	-4	-16	0	-9	0	0	-44	14	7	-9	-1	-1	11	11	-2	-6	-6	-1	-1	-1	-7	-48	-48	13	13	13	-34	-34	22	22	-20	16	-19	-19	10	10	18	-11	-11	14	14	-3	-5	-5	-34	-34	-34	13	-7	-27	16	16	-2	-2	-11	-11	-7	-7	44	-28	10	
-86	-86	10	10	-39	-39	-38	-38	14	-24	9	43	43	-8	17	7	38	8	-14	-27	-7	22	5	5	55	24	2	9	9	-12	-6	-12	-12	-16	-16	8	58	-14	3	3	-43	-54	14	-1	-1	25	-7	-7	22	22	-13	-13	-13	9	-22	-22	-47	-47	12	18	18	20	-19	-19	-8	7	7	-29	-29	51	51	-8	-8	-13	-13	18	-15	-15	23	23	-57	-64	-64	-30	-6	-6	57	-14	-14	-61	-61	77	-21	-10	-10	14	14	27	22	22	-26	-26	-15	-39	-39	11	-16	-16	-46	70	70	23	23	-25	-16	45	21	21	-90	-90	-28	-28	18	18	-16	0	9	101	101	24	-28	-24	-41	-41	-1	-1	-33	-51	14	14	-34	26	-38	31	31	-22	6	12	77	4	4	-43	-43	-79	-46	-46	12	12	12	22	-31	-31	85	85	85	-17	-17	-19	-19	-32	-35	-3	-3	8	8	10	-83	-83	-9	-9	16	34	34	-11	-11	-11	-1	-10	-1	-28	-28	-29	-29	-42	-42	7	7	-4	-45	20	
Trial:1
-28	21	-16	17	41	41	41	-12	-58	1	1	-10	-21	51	-4	-17	-17	-50	-50	-17	-17	18	18	10	10	57	57	-40	-2	-2	3	7	7	19	19	7	9	9	9	-23	-23	-8	-18	-18	-31	-31	-4	20	20	15	15	-32	-22	-4	-24	18	18	-24	-16	9	13	13	-16	-11	4	1	1	84	-48	-13	47	-8	-8	-7	53	-45	-72	-72	-1	45	72	-34	35	-23	14	-14	-14	104	104	-49	29	-33	-28	-103	-39	102	66	-48	20	20	-3	-3	-17	-34	-34	26	26	-22	-17	-4	-4	23	23	-72	-54	-21	26	34	29	-52	-13	20	-79	-79	0	40	40	7	7	17	-4	-64	-64	-18	-18	127	41	-39	-21	-21	-18	-63	-13	-41	-41	-37	-37	26	26	33	33	-1	52	11	-2	-2	-5	7	33	-8	25	25	-31	-2	2	6	6	66	16	-40	-40	40	40	-49	39	-34	-34	32	-89	15	-4	-37	104	45	-27	39	-32	110	110	-19	-19	-35	-10	-10	66	66	66	26	29	-42	
-7	-4	4	3	4	4	4	-11	11	0	0	3	-5	4	-16	-8	-8	29	29	-7	-7	-5	-5	-6	-6	0	0	-3	-20	-20	3	-9	-9	27	27	2	0	0	0	-17	-17	2	-20	-20	-9	-9	7	-3	-3	4	4	13	-1	-23	-4	1	1	-2	2	-2	1	1	5	7	7	7	7	21	-10	-2	48	-4	-4	-2	-1	23	-18	-18	-7	-42	12	-8	-6	5	34	-24	-24	-1	-1	-8	6	-6	-7	-36	-7	5	1	0	35	35	-3	-3	-2	-12	-12	19	19	-15	-4	-1	-1	1	1	-14	-4	-14	1	12	10	4	6	-1	-15	-15	-6	1	1	6	6	-13	40	1	1	-8	-8	30	-6	-4	-2	-2	-10	-17	-1	4	4	-8	-8	10	10	-10	-10	4	-2	-18	-18	-18	-1	-7	-3	0	-4	-4	-3	-6	0	7	7	7	-10	-3	-3	4	4	1	3	-7	-7	11	3	-3	-17	5	2	-6	-1	-12	4	17	17	-9	-9	-12	18	18	-18	-18	-18	9	-1	0	
0	-5	10	-5	7	7	7	-4	-1	-1	-1	-2	1	-1	-4	-1	-1	2	2	-3	-3	-5	-5	-3	-3	-2	-2	-1	-1	-1	2	2	2	-1	-1	2	1	1	1	-6	-6	-1	2	2	0	0	-3	0	0	-2	-2	-2	-3	-4	-2	0	0	-2	2	-5	1	1	1	1	0	2	2	-5	2	0	-4	2	2	-7	-1	-1	-5	-5	2	-3	2	1	2	2	2	-3	-3	-3	-3	-3	-3	-4	4	-2	2	3	-2	0	4	4	-2	-2	-1	-5	-5	0	0	-3	4	0	0	1	1	-3	-1	-3	0	0	1	-5	0	1	-2	-2	-2	-3	-3	-1	-1	1	-1	-1	-1	-1	-1	0	-3	-4	0	0	-8	-2	0	-2	-2	4	4	0	0	-1	-1	-1	-1	-5	-2	-2	-1	-2	0	1	-5	-5	0	-4	-1	0	0	3	-5	-4	-4	-1	-1	-5	2	0	0	1	0	-2	0	-1	0	-8	-2	2	-2	-1	-1	-2	-2	-2	2	2	-2	-2	-2	-10	3	7	
1	-7	12	-9	9	9	9	-6	-3	3	3	-11	0	3	-3	-2	-2	2	2	-6	-6	-2	-2	-5	-5	-3	-3	1	-3	-3	2	0	0	3	3	-1	-1	-1	-1	-3	-3	-2	3	3	2	2	-4	-1	-1	0	0	-6	-3	1	-2	-1	-1	-3	0	-1	2	2	1	1	1	3	3	-5	5	-1	-5	-1	-1	-8	-4	-2	1	1	2	-1	1	0	1	1	1	-2	-2	0	0	-3	-2	-4	3	7	-1	-1	-6	4	2	2	3	3	-3	-11	-11	3	3	-6	5	-1	-1	4	4	-1	-1	-1	1	1	-2	-3	0	2	-3	-3	2	-1	-1	2	2	1	-1	-3	-3	0	0	-1	-1	-6	-1	-1	-8	-2	1	-1	-1	5	5	-1	-1	1	1	2	-1	-2	2	2	-3	0	-5	0	0	0	1	1	-3	2	2	3	-5	-6	-6	-5	-5	-6	6	-1	-1	0	4	-1	0	-1	1	-7	0	3	0	-3	-3	-1	-1	-4	3	3	0	0	0	-9	1	5	
-4	-16	42	-1	11	11	11	-33	-6	30	30	-35	-3	16	-9	-18	-18	-4	-4	-22	-22	1	1	-9	-9	23	23	-5	-16	-16	6	-11	-11	9	9	1	-23	-23	-23	2	2	-13	-9	-9	15	15	-4	11	11	10	10	-16	-7	5	11	-15	-15	-17	5	1	16	16	13	-7	8	12	12	10	15	-5	-7	-16	-16	-17	-17	-4	6	6	1	7	2	5	-20	13	2	5	5	8	8	-9	-5	-3	4	15	-1	-6	-33	11	30	30	26	26	4	-29	-29	0	0	-25	3	11	11	2	2	-1	4	15	-4	9	-9	-4	-1	2	7	7	3	-6	-6	1	1	7	-3	-16	-16	-2	-2	-4	-2	-27	5	5	-4	1	3	-4	-4	7	7	-7	-7	2	2	6	3	-1	12	12	-6	11	-2	20	0	0	3	8	-7	9	9	1	-15	-9	-9	-22	-22	-12	8	-4	-4	-6	10	-4	10	0	18	-4	3	16	1	-6	-6	-7	-7	-11	12	12	-2	-2	-2	-11	3	-6	
2	-8	3	-10	31	31	31	-2	-1	0	0	10	4	8	9	-15	-15	-9	-9	-30	-30	-16	-16	5	5	1	1	-20	0	0	5	5	5	1	1	3	-5	-5	-5	24	24	-16	10	10	-30	-30	7	-4	-4	-2	-2	-23	1	18	6	-13	-13	-10	2	3	17	17	-7	-13	27	0	0	-17	9	-1	-3	-29	-29	-4	-17	10	10	10	-60	5	22	11	11	3	39	14	14	3	3	-18	-20	-48	19	30	12	3	-13	1	12	12	7	7	0	-9	-9	12	12	1	-7	-2	-2	-10	-10	13	5	19	5	11	-5	22	-19	9	-13	-13	-3	-1	-1	6	6	5	14	-20	-20	-9	-9	4	-2	5	21	21	-11	8	-6	5	5	36	36	-17	-17	-8	-8	-11	10	-7	6	6	-5	14	-9	13	17	17	0	-5	-10	-13	-13	-8	-12	-2	-2	-10	-10	-8	-1	-7	-7	12	4	-1	-21	-1	5	-15	6	-8	9	-8	-8	0	0	-7	28	28	-2	-2	-2	-15	17	-14	
31	-19	-2	-4	47	47	47	10	11	-23	-23	-2	-13	10	-36	-47	-47	-24	-24	16	16	8	8	-27	-27	-8	-8	15	4	4	-1	-15	-15	-9	-9	-38	35	35	35	-13	-13	-37	-1	-1	19	19	-16	-2	-2	-8	-8	21	1	12	-55	23	23	-1	-17	1	26	26	14	3	-7	14	14	-92	-3	33	-16	-2	-2	19	-12	9	45	45	-21	11	-6	23	1	28	-1	-4	-4	21	21	-14	-64	-40	4	-33	10	60	-4	20	11	11	-5	-5	-8	-4	-4	18	18	4	31	21	21	32	32	2	21	-37	-17	-22	21	26	0	15	29	29	-29	-12	-12	1	1	-26	11	9	9	-32	-32	-6	1	4	-2	-2	7	-16	-39	24	24	20	20	-4	-4	21	21	31	-1	-38	11	11	27	0	-10	-8	9	9	4	-84	32	-4	-4	-30	5	-3	-3	16	16	-17	22	17	17	6	-48	-17	19	3	-9	-13	-2	-24	-2	-32	-32	18	18	-8	6	6	15	15	15	3	1	16	
-19	27	50	-20	-6	-6	-6	3	-79	-7	-7	-1	-6	11	-3	-7	-7	-22	-22	2	2	66	66	-20	-20	14	14	5	-16	-16	1	-51	-51	54	54	-7	1	1	1	-22	-22	8	4	4	2	2	-47	8	8	-41	-41	3	-18	67	-19	-1	-1	2	61	-16	37	37	-14	-3	-27	10	10	31	5	-9	-21	-17	-17	20	13	12	-38	-38	-13	34	10	-32	-18	20	-4	4	4	13	13	-48	0	40	6	-24	23	10	9	-13	39	39	-10	-10	-5	-21	-21	1	1	-21	-25	-7	-7	1	1	-39	6	-19	0	77	5	4	24	-1	-106	-106	28	-8	-8	-38	-38	15	-44	21	21	-24	-24	-40	-14	-6	2	2	-47	-24	-9	39	39	14	14	11	11	-15	-15	13	-9	0	16	16	32	-10	45	20	-11	-11	-4	-86	67	-9	-9	23	-12	-54	-54	4	4	3	8	-11	-11	-25	-47	27	20	30	1	19	-16	-1	3	13	13	9	9	45	25	25	67	67	67	-6	57	-6	
Trial:2
66	-56	-56	-24	-95	-14	41	41	-34	-11	31	20	20	-15	-15	29	-8	-67	-67	-68	-68	13	14	14	14	14	103	-10	-5	23	-21	-21	-16	-36	-36	-61	-61	75	-1	-74	1	1	16	72	12	12	-13	-13	18	-4	-4	-7	-7	30	-29	-2	-50	-33	-33	-5	24	-11	-30	-30	0	28	2	77	77	-11	35	-19	16	-1	-1	27	-30	-99	-12	-12	-12	3	22	20	20	-8	7	7	-14	-46	-46	-13	-2	7	120	120	120	-11	-1	-1	6	-1	-1	-25	-94	1	1	-32	-32	11	11	28	10	51	51	-27	17	35	-17	-17	19	-21	-35	65	10	10	4	-4	-4	-64	41	-33	-32	-9	-11	-11	10	10	0	0	14	14	13	13	16	-14	-14	4	-17	48	47	47	23	23	-19	-3	-5	-5	-6	-25	-21	-7	-7	-49	-49	-17	-17	27	27	-42	3	1	48	-19	99	-66	22	22	20	20	31	31	1	36	36	-16	-16	-14	8	-92	-92	17	17	27	-80	-80	-34	-34	22	-9	
21	-37	-37	10	-6	-5	7	7	-2	-16	-4	-1	-1	-8	-8	21	-2	-6	-6	6	6	0	-8	-8	-2	-2	55	8	-9	22	-7	-7	-8	-10	-10	-13	-13	-12	0	-7	-4	-4	2	13	2	2	-13	-13	-7	5	5	8	8	5	26	7	-19	-4	-4	-11	-21	1	0	0	-25	-21	37	-3	-3	11	20	-17	-2	40	40	-26	14	2	-2	-2	29	-9	-3	-21	-21	28	-2	-2	-19	-25	-25	18	6	-25	7	7	7	-14	4	4	-2	-13	-13	40	-3	-1	-1	-2	-2	11	11	22	12	-3	-3	30	2	-26	2	2	13	-19	-16	-17	4	4	-24	-15	-15	3	7	-8	-17	-6	-4	-4	20	20	25	25	-2	-2	-4	-4	0	-18	-18	-1	15	12	-2	-2	-5	-5	-2	-6	15	15	-7	-6	-38	56	56	-16	-20	-8	-8	-5	-5	3	6	-8	19	-3	-38	-17	-45	-45	127	127	-110	-110	4	-23	-23	24	24	-11	11	-25	-25	15	15	0	-14	-14	11	11	-9	-27	
-8	-2	-2	7	7	-12	2	2	0	-2	8	-3	-3	-1	-1	4	-5	5	5	-5	-5	1	-3	-3	-1	-1	6	2	-3	6	0	0	-6	1	1	-8	-8	1	0	-5	-3	-3	3	0	-4	-4	0	0	-2	2	2	2	2	-1	0	3	-1	-1	-1	-4	-1	0	-2	-2	-9	0	7	0	0	-8	6	-1	-8	8	8	-8	6	3	-4	-4	4	-2	-1	1	1	0	1	1	-4	1	1	-3	-8	-2	8	8	8	2	-4	-4	-9	-4	-4	3	-6	-1	-1	2	2	-2	-2	-4	-3	3	3	1	1	-10	0	0	0	-1	-4	-4	3	3	-2	0	0	0	3	-3	-2	-2	1	1	-4	-4	3	3	-2	-2	0	0	2	-4	-4	-1	-3	-3	-1	-1	1	1	-2	3	5	5	-6	0	-6	2	2	-3	-4	-5	-5	1	1	3	3	0	-6	-2	-8	-5	4	4	-3	-3	-6	-6	0	3	3	3	3	1	-4	-9	-9	0	0	-1	-2	-2	-1	-1	-2	-8	
-8	0	0	4	2	-2	-1	-1	-1	0	9	-6	-6	-5	-5	0	-10	-4	-4	-8	-8	7	1	1	-1	-1	7	-6	-2	5	-3	-3	-7	2	2	-6	-6	0	4	-1	-2	-2	-3	3	-2	-2	1	1	-1	3	3	1	1	1	0	2	-3	-5	-5	-5	1	-1	-1	-1	-5	-3	6	0	0	-4	5	2	-4	6	6	-3	-1	-2	-2	-2	-2	0	-3	-3	-3	0	-1	-1	1	2	2	-1	-8	-1	2	2	2	-2	-1	-1	-4	1	1	0	-3	-4	-4	1	1	-3	-3	-4	-3	0	0	1	1	-6	2	2	1	-1	-3	-4	1	1	-1	-2	-2	2	-1	-1	-1	-4	-1	-1	-2	-2	0	0	-2	-2	2	2	-1	-4	-4	0	-1	-1	-3	-3	2	2	-5	5	4	4	-5	0	-8	0	0	-3	-4	-4	-4	-2	-2	7	-1	2	-3	2	-5	-9	-1	-1	-5	-5	2	2	1	4	4	2	2	-3	-1	-4	-4	1	1	-4	1	1	-4	-4	-4	-6	
-2	-1	-1	13	10	-1	-5	-5	12	10	13	-12	-12	-29	-29	1	-49	-6	-6	-18	-18	18	7	7	2	2	2	-17	3	6	-11	-11	-16	13	13	-7	-7	-8	7	1	3	3	-8	-3	-4	-4	5	5	0	2	2	-2	-2	2	-2	1	-4	-6	-6	1	5	4	-2	-2	-9	0	8	-1	-1	-8	6	5	-4	12	12	-1	-4	-1	-6	-6	-2	5	-13	-7	-7	-1	-2	-2	4	-5	-5	-3	-4	8	9	9	9	-2	-4	-4	0	1	1	1	-4	-13	-13	1	1	-8	-8	-6	16	0	0	4	0	-13	11	11	7	-2	2	-14	5	5	-5	-4	-4	-1	-2	-1	4	-10	3	3	-7	-7	-8	-8	-7	-7	18	18	-3	-9	-9	2	-12	2	-12	-12	6	6	0	8	3	3	-4	5	-20	15	15	-28	-1	4	4	11	11	13	-8	-6	0	9	6	-15	-12	-12	19	19	-7	-7	9	10	10	-4	-4	1	5	-10	-10	7	7	-7	1	1	-11	-11	-13	1	
-1	-8	-8	73	0	-13	-22	-22	-14	41	15	-3	-3	-50	-50	4	-42	-2	-2	-5	-5	8	12	12	-7	-7	-6	-25	1	7	2	2	-16	-65	-65	-41	-41	35	7	-11	34	34	7	2	6	6	18	18	17	8	8	-18	-18	1	9	-4	6	5	5	32	2	-14	9	9	-19	4	-7	17	17	-34	-10	-19	24	18	18	32	-43	12	-4	-4	8	1	4	-19	-19	-11	16	16	-6	8	8	6	-3	-2	9	9	9	2	-13	-13	6	-1	-1	12	-15	-11	-11	2	2	-10	-10	0	-3	-8	-8	0	28	-2	14	14	9	-3	10	-46	8	8	-25	-12	-12	2	-12	0	13	-55	13	13	-6	-6	-27	-27	15	15	20	20	3	-35	-35	21	-45	11	-3	-3	-25	-25	0	22	16	16	5	-16	-24	21	21	-6	16	15	15	-17	-17	17	12	-16	6	12	13	-9	-7	-7	18	18	-11	-11	6	1	1	14	14	-19	1	-20	-20	-4	-4	47	0	0	12	12	-40	9	
-1	-8	-8	11	1	-13	-21	-21	27	6	6	-8	-8	6	6	-7	-6	-14	-14	13	13	13	-22	-22	0	0	-22	-17	7	-1	-9	-9	-14	6	6	18	18	8	21	-17	21	21	6	-3	-18	-18	-1	-1	9	0	0	-15	-15	-9	14	2	-1	1	1	-35	22	-4	0	0	-1	7	15	-9	-9	21	21	-14	37	11	11	-4	-18	-12	28	28	-41	34	-6	0	0	4	10	10	-8	1	1	-6	0	14	0	0	0	-72	16	16	-3	21	21	42	-34	21	21	13	13	9	9	-5	-32	19	19	25	3	-15	-11	-11	-32	-2	0	-2	-21	-21	27	-37	-37	2	31	8	-23	28	17	17	-15	-15	14	14	-16	-16	-41	-41	26	4	4	16	-53	-5	-36	-36	20	20	26	13	-6	-6	5	2	-20	15	15	-39	28	-6	-6	0	0	26	-14	-42	29	19	4	-9	0	0	-8	-8	9	9	14	36	36	-14	-14	-21	15	-8	-8	-25	-25	45	-5	-5	-8	-8	6	-2	
-47	44	44	45	16	-30	-12	-12	-28	88	22	-7	-7	-118	-118	72	-17	5	5	-51	-51	-34	-36	-36	-17	-17	48	8	55	1	-4	-4	-6	-26	-26	-40	-40	36	9	-18	30	30	9	16	-10	-10	8	8	25	17	17	-40	-40	43	-18	8	12	-69	-69	-29	7	-3	-16	-16	32	21	-40	-40	-40	23	69	76	2	100	100	-3	5	-56	-14	-14	-9	8	15	-5	-5	-37	17	17	-60	54	54	63	18	7	-2	-2	-2	-107	50	50	-27	15	15	-4	-99	8	8	23	23	5	5	15	25	0	0	16	18	-40	-1	-1	-26	9	-59	-14	15	15	16	40	40	-13	20	92	11	11	-27	-27	-79	-79	5	5	-11	-11	20	20	29	-23	-23	49	-73	0	3	3	0	0	-31	-22	-22	-22	20	70	-12	33	33	-28	-5	14	14	-46	-46	-16	22	9	-28	-41	17	-21	47	47	-49	-49	34	34	-62	74	74	54	54	-25	-5	-108	-108	-17	-17	67	-18	-18	-6	-6	31	-68	
Trial:3
-64	-24	-23	79	79	35	7	-61	-25	-25	-25	53	-85	-85	75	75	-95	-10	68	3	3	-38	-35	-80	6	-26	6	20	-8	-8	60	60	-12	23	-24	-46	-46	-8	-8	-21	-21	87	87	15	-24	2	9	-45	-45	15	23	28	-46	-46	-6	7	-26	34	14	-58	-18	20	-33	77	77	-16	-16	-8	2	-24	14	-3	-3	-69	6	6	-14	-14	3	34	34	-24	-24	23	-9	53	53	39	39	-42	-17	59	41	41	-121	-16	-37	11	11	44	-75	-17	-64	-27	-27	2	-24	-89	-6	-6	-75	2	9	23	23	49	11	19	19	26	26	-18	-5	43	-8	-8	-25	14	18	-8	0	0	0	-7	5	-28	-6	16	-2	26	4	27	27	-13	-66	-93	-26	-60	-60	35	4	0	44	44	4	4	-4	2	-11	-41	85	85	-36	32	32	-71	-71	19	63	-98	-98	92	92	-128	-35	-6	26	26	-2	55	-14	-53	-53	33	-3	-12	-12	59	59	-27	4	4	2	2	48	-5	-10	-10	-28	-28	
-27	-17	-3	15	15	-50	-1	-8	12	12	12	101	-35	-35	20	20	-21	-2	-11	4	4	-18	-23	-9	-3	8	10	94	-26	-26	-19	-19	-1	15	78	-34	-34	-32	-32	-18	-18	4	4	-16	14	-19	2	-4	-4	-20	-3	7	-2	-2	1	-43	7	-4	2	7	6	37	-10	-5	-5	5	5	-1	13	-15	-25	-12	-12	-3	-7	-7	13	13	5	11	11	-4	-4	-6	-20	-2	-2	15	15	-1	-36	7	12	12	-22	-9	-1	6	6	34	20	-1	-15	-17	-17	-9	-10	-9	-5	-5	3	-21	7	-15	-15	17	-1	-6	-6	8	8	-17	-8	6	-8	-8	5	-16	-1	10	14	14	-3	-16	6	-3	15	-11	5	12	10	-7	-7	-17	4	22	14	-12	-12	-11	-22	-6	-18	-18	-36	-36	-32	67	3	-30	15	15	9	5	5	-3	-3	-16	5	14	14	117	117	-39	-5	-12	-16	-16	-2	45	-39	-8	-8	4	19	5	5	24	24	44	-14	-14	-21	-21	-38	32	-21	-21	27	27	
2	2	-3	-1	-1	-10	-6	-1	9	9	9	8	-10	-10	3	3	3	0	-3	-1	-1	-4	-6	2	-3	11	-6	3	-3	-3	7	7	-2	-2	3	0	0	-5	-5	-6	-6	1	1	-3	-7	-4	2	-2	-2	-3	-3	9	-2	-2	2	-10	3	-5	-4	5	-8	-3	0	-3	-3	5	5	1	-1	-1	-19	-8	-8	-14	-5	-5	1	1	-4	8	8	-7	-7	-6	3	1	1	0	0	2	-3	1	1	1	-14	-2	6	2	2	-1	3	0	-2	-1	-1	-8	-4	5	0	0	-15	3	6	-3	-3	-6	-1	2	2	1	1	2	10	-3	-3	-3	3	2	-1	0	3	3	-6	0	4	-1	-2	-1	11	2	-7	-3	-3	1	-2	-6	1	-5	-5	-19	6	12	-6	-6	-3	-3	-5	-2	-5	-5	0	0	4	0	0	-2	-2	1	-2	6	6	11	11	-3	5	-8	-2	-2	0	1	-3	-4	-4	-16	4	5	5	5	5	7	-2	-2	-3	-3	1	3	-16	-16	2	2	
-3	-7	1	-10	-10	-3	-8	-5	7	7	7	3	0	0	-5	-5	3	1	-6	2	2	-1	0	1	-7	4	0	-2	1	1	-3	-3	-2	-5	-4	0	0	0	0	-4	-4	-2	-2	-2	-5	-1	-2	-3	-3	3	-3	4	3	3	4	-4	2	-1	-1	3	-7	0	-2	2	2	2	2	1	-1	-3	-5	-5	-5	-8	-2	-2	0	0	2	1	1	-7	-7	-7	1	-1	-1	0	0	4	1	0	2	2	-2	-6	-2	1	1	1	4	0	-3	0	0	-8	-3	1	-1	-1	0	1	2	-4	-4	2	-2	-2	-2	-2	-2	-1	5	0	-2	-2	0	5	-4	-4	1	1	1	-2	-1	2	0	-2	7	-3	-4	-1	-1	2	-1	-5	3	-2	-2	-4	3	1	-5	-5	-3	-3	1	-2	-6	-3	-2	-2	1	1	1	3	3	-4	2	5	5	6	6	-6	0	-7	1	1	-1	0	1	-3	-3	-1	-2	1	1	-1	-1	3	2	2	-4	-4	1	2	-5	-5	-4	-4	
5	-31	1	-23	-23	0	-2	-3	-4	-4	-4	7	-1	-1	-34	-34	-5	9	-5	19	19	7	0	3	-19	0	16	10	14	14	-5	-5	-2	-10	-7	5	5	-1	-1	5	5	-7	-7	-29	-2	6	-1	12	12	7	-4	-9	3	3	6	-6	2	3	-24	14	-4	-4	2	6	6	-5	-5	17	4	-3	-1	-5	-5	-29	2	2	2	2	14	3	3	6	6	-13	7	-11	-11	-5	-5	14	4	3	4	4	7	-15	-10	4	4	-1	0	1	-5	-1	-1	-9	6	0	-4	-4	4	14	1	-13	-13	6	5	1	1	-10	-10	-6	4	3	-4	-4	0	13	2	-16	2	2	4	1	-2	15	4	4	10	1	-3	-2	-2	-6	-6	2	6	-7	-7	6	7	-12	-7	-7	16	16	8	-15	-11	0	-8	-8	13	0	0	-9	-9	-7	11	4	4	16	16	-14	1	-14	11	11	-7	5	5	2	2	-2	3	-2	-2	-11	-11	4	8	8	-5	-5	0	1	-33	-33	4	4	
-62	-5	-11	36	36	-64	-14	0	94	94	94	-85	28	28	-21	-21	-53	2	22	66	66	0	-7	18	-23	30	9	25	24	24	-81	-81	26	-18	34	-23	-23	2	2	22	22	6	6	-34	33	5	12	44	44	2	-17	-2	-46	-46	42	-18	42	16	-18	36	-21	12	0	-35	-35	66	66	8	-23	-44	8	-19	-19	-101	10	10	22	22	63	11	11	25	25	18	-59	-19	-19	17	17	46	4	-2	13	13	36	17	-25	9	9	-5	-58	-4	20	0	0	-56	22	7	1	1	4	-31	1	-10	-10	-7	71	-20	-20	-25	-25	-47	-5	-4	0	0	28	29	37	-18	-18	-18	-7	-19	15	16	29	12	11	-27	8	-20	-20	23	-38	3	18	-19	-19	9	23	17	-5	-5	-3	-3	-13	2	-20	-18	5	5	8	-7	-7	-17	-17	-19	51	-26	-26	20	20	3	44	16	-28	-28	-14	-13	6	26	26	6	9	9	9	-4	-4	18	7	7	-39	-39	37	-65	11	11	18	18	
3	-3	12	0	0	-7	23	10	10	10	10	-57	-22	-22	26	26	20	0	1	8	8	-26	29	2	-6	11	9	18	0	0	-4	-4	-18	2	5	4	4	7	7	2	2	24	24	-5	-4	-7	-11	-22	-22	18	-16	12	6	6	18	-18	11	27	-27	25	-45	16	4	-15	-15	11	11	5	16	-5	-13	-30	-30	-41	21	21	-19	-19	19	-26	-26	-12	-12	-7	11	18	18	-16	-16	46	-6	2	22	22	7	10	-50	19	19	30	17	-33	-17	8	8	-55	9	2	-19	-19	-5	-22	28	19	19	5	-8	13	13	3	3	-32	18	-34	29	29	-16	23	9	13	-34	-34	-6	8	16	-9	9	8	-8	0	-11	8	8	3	17	10	-10	9	9	-14	0	18	-47	-47	13	13	6	-33	-4	9	2	2	-23	7	7	10	10	7	8	29	29	28	28	-25	-3	-6	1	1	-38	11	34	-55	-55	23	4	-3	-3	-14	-14	14	4	4	22	22	-26	-44	18	18	1	1	
58	-7	36	7	7	-8	56	53	-47	-47	-47	70	-32	-32	-49	-49	-27	-48	14	-14	-14	11	-38	15	10	3	18	-10	-15	-15	-33	-33	5	-15	-13	24	24	-8	-8	4	4	38	38	71	-2	-22	-13	-55	-55	0	-44	31	-41	-41	28	6	-5	1	-27	29	-33	4	-13	0	0	23	23	-1	4	-20	-46	-30	-30	-42	27	27	-3	-3	16	0	0	-45	-45	15	17	56	56	-16	-16	6	38	-6	55	55	-1	3	-46	31	31	-28	29	3	-23	-3	-3	-34	-13	1	-8	-8	3	13	11	2	2	7	-42	14	14	20	20	-2	-23	25	37	37	-7	-18	39	-26	0	0	-20	8	56	7	11	8	-26	-1	-1	24	24	-13	20	-8	-9	7	7	17	-6	-9	-35	-35	-2	-2	13	18	31	-5	-2	-2	-29	-5	-5	4	4	-15	-20	-23	-23	16	16	-50	-15	42	-2	-2	-11	35	-20	17	17	-32	89	0	0	6	6	-17	36	36	27	27	-12	-34	14	14	-22	-22	
Trial:4
-4	-111	1	1	31	31	17	17	84	-40	-40	-18	-18	4	-75	-89	-89	-126	-126	123	-82	-82	34	34	-64	-35	-53	30	30	114	44	-25	6	6	1	46	17	17	-52	-52	-50	18	-62	45	45	-54	-79	-94	-36	-36	127	127	90	90	-31	-31	-22	12	9	-10	-10	-76	-76	-128	-51	-51	64	-49	32	37	-36	-36	34	73	19	-58	-58	-57	-60	49	6	41	-24	69	67	-21	-14	-19	-69	32	10	10	122	122	14	14	-6	-27	-27	-2	-2	-60	-15	-15	2	2	25	87	-15	-15	66	66	-74	-128	37	-27	-27	-19	117	-83	-24	116	-8	57	-10	-10	-10	-10	-10	5	2	-13	-13	-35	-43	-2	-2	-23	-23	11	11	-6	20	20	-1	-1	12	12	-22	-22	4	10	26	16	16	58	27	-25	8	-80	-80	-107	-68	33	7	7	-29	-39	-3	-42	-42	6	9	9	-23	45	45	-4	-4	34	32	32	29	76	76	-16	2	2	-36	-36	24	24	-62	-62	-50	-50	-36	36	36	19	
-12	-12	-5	-5	8	8	0	0	31	7	7	-7	-7	2	12	10	10	-6	-6	37	-4	-4	8	8	-2	-5	-14	-26	-26	-3	24	-18	18	18	-5	9	31	31	-10	-10	-32	-7	-19	-12	-12	1	43	-3	21	21	-9	-9	-58	-58	12	12	20	-9	17	-12	-12	9	9	23	14	14	-2	-9	-1	-10	50	50	23	24	-26	-66	-66	-12	26	-15	-9	3	-10	-11	-4	14	9	-1	-15	15	4	4	26	26	-25	-25	-2	-22	-22	6	6	10	7	7	-27	-27	28	4	34	34	-13	-13	-1	-60	19	-17	-17	5	21	-17	3	-5	20	-17	-7	-7	7	7	-2	49	9	-9	-9	-75	-18	3	3	25	25	6	6	9	15	15	0	0	9	9	-15	-15	11	9	6	-25	-25	-6	12	-6	5	-5	-5	22	-8	-8	-26	-26	1	-35	-4	13	13	-15	11	11	26	-7	-7	-12	-12	10	14	14	65	3	3	-11	-55	-55	12	12	-5	-5	15	15	2	2	25	1	1	-10	
3	3	0	0	-3	-3	-6	-6	8	8	8	-9	-9	-1	-1	4	4	-4	-4	0	-3	-3	-4	-4	-5	-4	3	-2	-2	-2	4	-15	9	9	-1	-2	5	5	2	2	4	1	-5	-12	-12	9	1	-7	-9	-9	-5	-5	-6	-6	9	9	-2	-8	-6	0	0	4	4	3	7	7	2	-1	1	-6	4	4	-10	2	-1	-1	-1	-2	5	-6	6	2	-16	-7	11	0	0	3	-1	-4	0	0	11	11	1	1	-5	-5	-5	-8	-8	1	2	2	-1	-1	1	4	-6	-6	-3	-3	0	-12	-2	-6	-6	-2	5	-2	-2	0	14	5	-3	-3	-4	-4	0	-6	5	-18	-18	-1	-3	1	1	4	4	-1	-1	8	0	0	-2	-2	-5	-5	-3	-3	-7	-3	2	-6	-6	-2	0	-8	10	4	4	0	-2	-1	3	3	1	-4	2	16	16	-19	-2	-2	-6	-7	-7	-3	-3	2	6	6	7	6	6	-7	-3	-3	-6	-6	-2	-2	4	4	-6	-6	-1	-3	-3	5	
4	3	3	3	-8	-8	-8	-8	-4	4	4	-4	-4	2	-3	6	6	-1	-1	2	-5	-5	-9	-9	-6	-3	5	3	3	1	-4	-3	4	4	0	3	-1	-1	1	1	-3	3	-4	-8	-8	8	1	1	-10	-10	-6	-6	-1	-1	2	2	-1	-7	-4	-2	-2	5	5	-1	6	6	4	-1	1	-5	-3	-3	0	-5	2	0	0	0	5	-9	5	-6	-1	-6	8	0	-3	3	-3	-6	2	2	6	6	-3	-3	-3	-4	-4	-2	-2	2	2	2	4	4	0	2	-4	-4	-5	-5	-5	3	-11	1	1	2	-2	0	-3	2	1	-1	-1	-1	-10	-10	-1	-8	4	-6	-6	2	0	4	4	1	1	-7	-7	-3	-2	-2	2	2	-4	-4	2	2	0	-7	2	-5	-5	3	2	-2	7	-1	-1	-4	-5	-1	-2	-2	2	-2	3	2	2	-11	-5	-5	-2	-2	-2	0	0	1	-2	-2	0	3	3	-7	2	2	0	0	-4	-4	0	0	0	0	-2	1	1	6	
11	6	10	10	-18	-18	-29	-29	1	1	1	-18	-18	9	-11	-2	-2	16	16	8	21	21	-11	-11	13	-23	4	-3	-3	-12	-2	-9	0	0	6	-2	-25	-25	23	23	-16	9	2	-14	-14	8	5	1	-21	-21	-2	-2	12	12	-23	-23	19	1	-22	16	16	8	8	-2	22	22	-9	23	-1	-3	-3	-3	-1	-13	16	-23	-23	10	15	-17	6	-13	8	-2	3	5	2	16	-27	-4	13	13	1	1	-3	-3	-1	-5	-5	2	2	11	-10	-10	27	27	5	2	-5	-5	6	6	-24	10	-17	-15	-15	-20	7	3	-5	5	13	-11	0	0	-3	-3	21	-16	5	-12	-12	17	3	20	20	-1	-1	-59	-59	-19	12	12	13	13	11	11	4	4	-6	-16	16	-7	-7	30	-1	-10	19	-48	-48	-12	-8	1	-4	-4	22	4	11	-3	-3	-20	-55	-55	19	3	3	16	16	0	8	8	27	-2	-2	-17	10	10	26	26	3	3	-38	-38	6	6	18	1	1	9	
12	6	-2	-2	0	0	-5	-5	8	-22	-22	19	19	-1	-10	5	5	12	12	-31	5	5	-23	-23	4	16	17	-4	-4	4	-30	12	-3	-3	37	41	-4	-4	-11	-11	-16	14	-11	-18	-18	1	12	-3	-15	-15	-20	-20	7	7	2	2	9	14	-4	17	17	9	9	-13	9	9	7	49	-58	6	-6	-6	0	2	20	7	7	22	8	-21	-4	-25	6	-34	5	-4	9	-5	-15	-12	25	25	19	19	-11	-11	10	-20	-20	-8	-8	21	18	18	9	9	-16	45	19	19	8	8	0	5	-10	22	22	-22	1	-18	-27	-25	-3	29	-11	-11	-4	-4	-51	-4	2	-2	-2	-7	-32	5	5	-23	-23	6	6	1	0	0	-45	-45	11	11	16	16	9	2	25	-14	-14	21	-45	-23	27	-13	-13	9	-32	1	8	8	1	17	-61	37	37	-101	-24	-24	-12	15	15	22	22	17	-4	-4	14	-16	-16	-2	10	10	5	5	-17	-17	20	20	-2	-2	-1	-1	-1	13	
-21	-19	49	49	0	0	-27	-27	-46	21	21	10	10	16	-6	38	38	11	11	-6	17	17	30	30	-8	16	43	-14	-14	-12	20	-19	45	45	-9	-4	-12	-12	9	9	-44	-5	0	-49	-49	-20	-25	-13	-31	-31	-56	-56	51	51	52	52	-4	0	-44	-24	-24	25	25	-13	20	20	26	8	-12	-6	17	17	-29	16	25	35	35	-35	-8	17	-22	11	-5	-20	21	-27	-25	14	-10	17	-10	-10	28	28	14	14	-1	-23	-23	-25	-25	21	-14	-14	15	15	12	-35	8	8	-18	-18	13	-2	17	4	4	-8	7	-2	-17	-64	-15	14	22	22	-6	-6	-16	-24	0	9	9	-24	43	14	14	40	40	-8	-8	-11	-4	-4	7	7	-16	-16	-15	-15	-13	-8	68	-20	-20	1	41	-46	-12	-14	-14	-23	-17	25	8	8	-7	-26	27	-9	-9	-62	-22	-22	-48	33	33	-13	-13	25	-31	-31	3	33	33	-20	8	8	8	8	14	14	-19	-19	35	35	-34	-11	-11	4	
-28	-67	79	79	-30	-30	-28	-28	9	32	32	-9	-9	29	-39	-5	-5	-10	-10	29	17	17	-37	-37	-10	-4	95	13	13	-21	32	-11	-44	-44	22	-42	23	23	-32	-32	-11	3	-18	-79	-79	9	-14	-18	-50	-50	50	50	68	68	-34	-34	52	32	31	-30	-30	-59	-59	-49	-35	-35	28	-63	-27	-9	24	24	5	21	44	40	40	-68	-34	23	-70	-27	22	28	54	-2	-31	-33	20	-27	87	87	101	101	77	77	-50	-29	-29	-52	-52	-17	-43	-43	66	66	40	-65	-65	-65	-19	-19	-3	-8	-6	18	18	-2	33	-4	-37	9	-13	-3	-17	-17	16	16	-18	-34	-17	-15	-15	-35	18	26	26	13	13	2	2	-28	-20	-20	44	44	38	38	-34	-34	-10	11	-51	3	3	18	28	-65	-29	23	23	2	5	73	23	23	-26	-20	27	-5	-5	12	-14	-14	-12	-32	-32	-40	-40	5	-19	-19	92	29	29	7	22	22	-36	-36	5	5	-33	-33	44	44	-74	26	26	54	
Trial:5
6	-35	70	4	4	-12	-12	-18	4	4	4	4	4	-56	5	12	-2	-2	14	-17	-17	-66	-66	-5	0	25	13	17	17	-17	-7	3	-12	-12	-10	11	26	3	3	-2	-2	29	29	-44	-44	5	22	14	14	18	18	15	3	-1	-5	-5	-5	-18	12	12	-4	-4	-17	9	-11	-2	-2	10	-13	1	16	29	29	-17	-17	7	-3	-3	41	41	-7	-22	-5	-5	1	1	-10	-11	-11	-5	-5	1	1	-10	-10	4	4	0	-4	-4	1	1	-7	-8	-8	-5	10	10	2	-8	-8	22	22	-3	-3	-1	1	1	1	7	-20	-20	17	18	-8	-15	-15	-10	2	2	-6	20	-3	1	1	-7	-5	0	-6	-6	-6	25	-12	-12	-7	-7	-6	-16	1	1	-2	-2	-14	-4	-8	10	10	10	-5	7	9	-3	-3	29	29	-19	-5	2	-1	-1	4	-26	10	10	-9	-9	-17	-1	94	-14	-34	-34	28	12	-24	-15	-15	-38	-4	8	8	-59	36	67	-32	-4	81	81	-33	21	
4	-5	11	2	2	-5	-5	-6	-3	-3	-3	5	5	-3	-5	0	-7	-7	9	-4	-4	-8	-8	5	-8	7	5	1	1	-7	4	1	-1	-1	-3	2	-2	14	14	-4	-4	-4	-4	-6	-6	-1	5	2	2	2	2	-1	3	-3	-5	-5	-2	-2	0	0	1	1	-6	3	-5	3	3	-2	-2	-4	5	5	5	-2	-2	-3	-1	-1	-2	-2	-3	-4	-3	-3	5	5	-6	0	0	2	2	3	3	-5	-5	0	0	2	4	4	-1	-1	0	-3	-3	-2	0	0	-2	4	4	-1	-1	-2	-2	0	-4	3	3	-1	-8	-8	1	0	-3	-6	-6	2	2	2	-3	4	-6	-6	-6	0	-3	0	-4	-4	-4	6	-3	-3	-3	-3	0	-2	-1	-1	4	4	-5	1	-6	5	5	5	0	4	0	-2	-2	2	2	-7	-8	-1	-2	-2	-4	-7	2	2	-2	-2	1	-4	14	-4	-6	-6	-4	1	-3	-3	-3	-2	-5	6	6	-2	-2	7	14	3	-24	-24	0	7	
-3	-4	4	3	3	7	7	3	-4	-4	-4	-2	-2	8	0	1	-4	-4	12	-11	-11	-4	-4	-10	-7	6	-2	2	2	-16	1	5	1	1	2	1	5	6	6	4	4	-6	-6	5	5	-5	3	-5	-5	1	1	-3	3	-9	-5	-5	2	-10	14	14	1	1	-2	3	-7	0	0	-24	7	-5	2	6	6	-2	-2	9	-3	-3	-1	-1	-2	6	-3	-3	1	1	-24	5	5	9	9	3	3	2	2	-13	-13	9	16	16	0	0	-6	-5	-5	5	-3	-3	-12	18	18	-4	-4	3	3	-14	-2	4	4	-2	-4	-4	-16	4	0	-9	-9	4	-1	-1	3	-5	-6	-19	-19	5	-2	-2	-2	-2	-2	11	-3	-3	0	0	0	-1	-4	-4	5	5	-7	1	-1	8	8	8	2	2	-4	-2	-2	3	3	-13	-4	2	-1	-1	-5	-9	2	2	0	0	-3	-1	-3	-2	3	3	0	1	-1	-4	-4	4	-5	5	5	0	-1	-3	7	-2	-16	-16	-1	1	
-2	-5	0	1	1	3	3	0	-2	-2	-2	-1	-1	-3	1	1	-7	-7	9	-3	-3	-2	-2	0	0	5	-2	1	1	-2	3	-2	-5	-5	2	0	-5	4	4	1	1	-1	-1	1	1	-5	-2	-6	-6	4	4	-2	1	-3	-7	-7	-2	-5	2	2	1	1	1	2	-4	-2	-2	-2	-1	-10	0	5	5	4	4	5	-2	-2	-3	-3	-8	0	-3	-3	3	3	-2	-6	-6	1	1	-2	-2	1	1	1	1	-1	4	4	0	0	1	-4	-4	1	-2	-2	-3	2	2	-1	-1	-1	-1	0	-4	0	0	-3	-4	-4	-2	2	-1	-1	-1	4	-1	-1	-1	1	-2	-3	-3	0	-3	-5	-4	-4	-4	5	-3	-3	-6	-6	1	3	5	5	1	1	-7	-1	-2	0	0	0	-2	-3	-2	-4	-4	3	3	-4	-3	-1	1	1	-3	-1	-5	-5	0	0	0	-4	3	0	-1	-1	-1	-3	-4	-1	-1	-2	0	0	0	-1	1	0	4	-1	-7	-7	-4	-2	
-10	-3	-2	-11	-11	2	2	-11	14	14	14	2	2	-18	-2	0	-12	-12	24	-1	-1	-4	-4	-2	5	9	-9	-5	-5	-8	13	-8	-6	-6	0	6	-2	23	23	-1	-1	3	3	20	20	2	-30	-22	-22	-15	-15	-7	-5	-6	-19	-19	0	-3	6	6	2	2	-3	13	-5	4	4	1	-7	-6	6	15	15	2	2	3	-6	-6	-21	-21	2	0	4	4	6	6	-1	-11	-11	29	29	-1	-1	-7	-7	20	20	2	-6	-6	-8	-8	-4	-9	-9	-1	-7	-7	1	3	3	-1	-1	-3	-3	2	-5	1	1	-6	1	1	5	-5	-1	-14	-14	16	7	7	1	9	4	-6	-6	-3	5	-8	-22	-22	-22	14	4	4	-19	-19	11	0	6	6	3	3	-10	-3	2	5	5	5	0	-1	-2	-29	-29	18	18	0	3	-29	17	17	-4	1	-2	-2	2	2	10	-5	-4	4	1	1	4	-6	-1	-1	-1	3	-13	-9	-9	2	6	9	5	-6	-14	-14	-8	-4	
0	-12	4	-2	-2	5	5	-26	17	17	17	1	1	-3	-2	-1	-4	-4	24	-7	-7	10	10	-7	-3	14	-9	1	1	-12	9	0	-1	-1	12	6	-16	4	4	-25	-25	5	5	18	18	-9	-6	-44	-44	25	25	-1	6	-12	-20	-20	4	-14	10	10	5	5	7	1	0	0	0	-7	-1	-8	-1	22	22	1	1	-2	5	5	-4	-4	-9	-9	4	4	7	7	-3	-15	-15	9	9	23	23	-5	-5	-3	-3	5	1	1	-6	-6	-3	-8	-8	-5	-8	-8	7	-3	-3	-34	-34	13	13	-9	-30	27	27	-1	-4	-4	-7	-12	-5	-12	-12	-4	9	9	-8	13	-4	-5	-5	5	-7	2	7	7	7	8	-10	-10	-10	-10	15	-1	5	5	2	2	-9	7	-11	17	17	17	12	-9	-20	-18	-18	4	4	-6	24	-18	11	11	-2	-7	-5	-5	12	12	10	0	11	-6	-19	-19	3	-8	-6	7	7	13	1	-15	-15	-1	4	-14	12	-17	-7	-7	6	-16	
41	6	12	13	13	11	11	-31	38	38	38	-22	-22	-12	-32	9	20	20	44	11	11	15	15	-12	10	33	-32	-16	-16	-26	44	-3	-3	-3	6	23	-23	-2	-2	7	7	7	7	6	6	19	26	10	10	-5	-5	3	-31	13	-69	-69	9	-2	21	21	13	13	14	0	-23	-19	-19	-23	-11	-4	-19	-3	-3	-10	-10	21	7	7	-93	-93	6	18	8	8	10	10	20	8	8	42	42	13	13	-13	-13	4	4	-2	9	9	-17	-17	-18	12	12	4	2	2	2	-10	-10	-82	-82	26	26	17	-2	31	31	-12	9	9	-9	-23	0	-24	-24	11	10	10	-12	-5	-21	0	0	21	-1	8	-24	-24	-24	36	-14	-14	-4	-4	12	-9	7	7	3	3	7	-9	-1	-18	-18	-18	23	-6	-6	28	28	-18	-18	-42	-20	16	-3	-3	30	14	21	21	-56	-56	34	-10	8	-14	25	25	12	-8	-1	-21	-21	7	38	8	8	-3	-22	-79	8	7	9	9	6	10	
-20	-11	24	17	17	21	21	-10	-17	-17	-17	-31	-31	-14	-23	3	9	9	62	-13	-13	-29	-29	-25	43	-5	-38	5	5	-24	31	-42	44	44	-106	48	27	29	29	29	29	12	12	7	7	50	14	-1	-1	36	36	10	1	-18	-99	-99	18	-29	-4	-4	-44	-44	16	-12	63	-17	-17	-34	-30	-9	-22	27	27	2	2	-13	4	4	-45	-45	-13	11	9	9	-18	-18	6	-23	-23	34	34	-4	-4	11	11	27	27	-54	35	35	-2	-2	-92	-52	-52	6	64	64	55	-21	-21	-47	-47	-16	-16	39	-19	4	4	1	-25	-25	33	-44	48	-5	-5	1	37	37	-32	32	13	37	37	-61	-52	31	13	13	13	40	-19	-19	-16	-16	30	53	1	1	-19	-19	-45	-26	-8	65	65	65	-8	-17	-32	5	5	-14	-14	-19	8	27	24	24	72	-34	30	30	-40	-40	73	-54	7	-27	-58	-58	57	11	-62	16	16	33	32	3	3	-28	28	-7	11	-12	6	6	44	-109	
Trial:6
-18	19	19	-37	-14	-14	-12	-12	5	5	-36	-36	-13	-13	-7	-7	-7	-44	-44	-3	7	7	7	-29	-29	8	1	1	23	23	-3	2	2	11	11	1	1	-9	-9	-9	-9	-6	13	13	34	34	-7	-7	-7	-27	-27	-21	-21	47	47	-71	-71	-87	-66	46	52	52	-63	-55	30	30	3	3	127	-20	-65	8	8	-55	7	25	-4	-4	-2	-2	-11	-33	-33	-11	10	-19	78	-15	-15	-18	-18	-22	3	3	-3	-3	-19	-19	-1	-1	21	21	-26	-23	3	18	18	18	2	-10	-4	-4	-42	-42	10	10	11	11	6	-4	-4	42	42	-31	10	-5	-5	-21	-21	-11	-11	-68	-90	-90	27	-64	5	5	99	99	29	78	-18	-52	-52	-8	88	-7	53	53	18	-67	-126	45	-2	-2	18	18	106	59	59	-65	18	3	3	-85	97	-42	-44	-44	15	15	-22	-22	-3	37	37	62	62	7	58	58	34	-25	-104	49	-36	-36	59	59	41	20	-86	-86	-29	-29	12	-11	-9	9	
5	9	9	23	-8	-8	-3	-3	-7	-7	-12	-12	1	1	-11	-11	22	-18	-18	-8	4	4	4	-5	-5	1	-1	-1	33	33	-8	-5	-5	-5	-5	-3	-3	-8	-8	-6	-6	-12	4	4	6	6	-3	-1	-1	-9	-9	5	5	-15	-15	41	41	-3	-3	-8	-8	-8	-10	-6	-19	-19	-4	-4	12	2	-5	7	7	-2	-1	-4	2	2	-3	-3	0	-6	-6	-4	-1	-6	1	-6	-6	-5	-5	-1	1	1	-2	-2	0	0	1	1	4	4	-3	-2	0	4	4	4	-3	-3	-2	-2	-6	-6	0	-6	2	2	2	-3	-3	3	3	-7	-3	2	2	-3	-3	-2	-2	-10	-4	-4	0	6	1	1	2	2	-3	0	-5	-11	-11	3	-7	2	2	2	0	-7	-19	3	1	1	-5	-5	17	3	3	-1	0	-6	-6	-6	6	9	-8	-8	-2	-2	-2	-2	-9	6	6	1	1	-8	2	2	-2	-1	-9	5	-4	-4	11	11	-3	5	-5	-5	9	9	-53	-7	10	3	
-7	-13	-13	4	-2	-2	4	4	0	0	-13	-13	1	1	-3	-3	6	-8	-8	9	-1	-1	-1	-3	-3	1	-2	-2	2	2	11	1	1	-3	-3	-3	-3	-4	-4	-1	-1	-5	3	3	-4	-4	-3	2	2	6	6	3	3	-2	-2	0	0	-4	-3	-8	1	1	-5	0	-7	-7	-2	-2	2	0	-2	1	1	-4	2	0	4	4	0	0	0	10	10	-2	-1	-2	-4	-5	-5	0	0	6	-2	-2	0	0	6	6	-2	-2	-1	-1	-2	-1	6	-4	-4	-4	-7	-3	-1	-1	-13	-13	3	4	4	4	-6	-2	-2	2	2	-1	-14	-3	-3	1	1	5	5	-8	-1	-1	-6	3	-1	-1	-5	-5	-3	-3	2	-16	-16	12	-11	-1	-4	-4	2	1	-2	5	3	3	-1	-1	1	-5	-5	-12	-6	5	5	-6	0	1	0	0	2	2	7	7	-5	5	5	1	1	-8	-4	-4	-4	-2	2	-2	-7	-7	3	3	4	0	-3	-3	0	0	-8	0	4	-1	
-3	-2	-2	-3	-2	-2	1	1	-2	-2	2	2	-3	-3	-3	-3	5	-13	-13	3	-3	-3	-3	-4	-4	5	1	1	1	1	3	1	1	-3	-3	0	0	-4	-4	-1	-1	-1	-2	-2	-2	-2	-1	6	6	-2	-2	0	0	-2	-2	-2	-2	0	-6	0	-3	-3	0	1	1	1	-6	-6	3	2	1	-2	-2	-3	3	-1	2	2	-2	-2	3	0	0	-3	1	-2	-3	-4	-4	-5	-5	0	-3	-3	0	0	5	5	-3	-3	0	0	3	-2	0	-3	-3	-3	-3	-5	-3	-3	-2	-2	6	-1	1	1	-5	0	0	-3	-3	1	-5	-1	-1	0	0	1	1	-4	1	1	1	1	2	2	-1	-1	-4	-4	-3	-2	-2	1	-5	-1	-2	-2	4	-2	1	1	-1	-1	-2	-2	5	-3	-3	-5	-7	-1	-1	-3	3	-2	-2	-2	0	0	4	4	-1	3	3	-1	-1	-6	-3	-3	-2	3	0	-2	-2	-2	1	1	0	-1	-2	-2	-2	-2	-3	5	0	-2	
2	-3	-3	-8	-3	-3	8	8	-3	-3	19	19	2	2	9	9	-6	-44	-44	4	-4	-4	-4	-5	-5	1	1	1	1	1	9	3	3	-6	-6	-1	-1	-8	-8	-7	-7	2	-20	-20	5	5	2	24	24	-4	-4	-4	-4	-1	-1	-31	-31	6	-9	1	6	6	6	0	2	2	-22	-22	14	-5	7	-7	-7	-1	0	2	6	6	-3	-3	5	-7	-7	1	0	4	-5	-7	-7	-3	-3	-1	-1	-1	-6	-6	11	11	-4	-4	-4	-4	5	2	-3	3	3	3	-13	-7	20	20	6	6	2	-9	-1	-1	-39	-1	-1	-3	-3	3	-5	22	22	7	7	-7	-7	-2	-2	-2	-2	-4	2	2	-1	-1	-7	-14	-4	0	0	9	-4	-5	-2	-2	3	12	1	0	-13	-13	5	5	1	-1	-1	-6	-44	-5	-5	-12	6	1	-29	-29	11	11	-6	-6	-4	8	8	10	10	-10	3	3	2	5	-10	-4	1	1	1	1	12	1	1	1	1	1	-4	4	-4	-3	
12	5	5	-10	6	6	32	32	-12	-12	-18	-18	7	7	-17	-17	6	-20	-20	-5	-7	-7	-7	4	4	-1	-4	-4	-9	-9	8	11	11	-5	-5	6	6	-15	-15	0	0	1	0	0	1	1	6	15	15	-12	-12	-13	-13	-5	-5	-3	-3	-3	-22	-8	24	24	-8	-2	-4	-4	-7	-7	8	-21	-9	-10	-10	5	3	5	2	2	-1	-1	6	-5	-5	0	2	11	-1	1	1	-9	-9	-4	-1	-1	-1	-1	16	16	3	3	-5	-5	-7	7	-2	-2	-2	-2	-4	-4	9	9	2	2	-5	-2	-3	-3	-4	-5	-5	-3	-3	-1	38	-1	-1	5	5	-5	-5	-2	3	3	-4	-5	-3	-3	-7	-7	-4	-6	-10	5	5	-5	-5	-16	3	3	7	4	7	5	-5	-5	8	8	2	-6	-6	4	-9	-8	-8	1	-10	-3	1	1	-3	-3	-13	-13	2	5	5	6	6	-13	-5	-5	-4	7	2	13	0	0	6	6	-5	-9	8	8	-2	-2	-8	-2	-18	0	
55	-13	-13	18	-58	-58	-3	-3	21	21	-67	-67	44	44	-27	-27	69	-49	-49	50	4	4	4	16	16	-16	-37	-37	-52	-52	-6	35	35	6	6	11	11	-35	-35	6	6	33	39	39	2	2	16	-18	-18	1	1	-38	-38	-9	-9	10	10	-48	-49	-18	20	20	-3	-4	-21	-21	3	3	22	29	-16	29	29	45	-23	21	-18	-18	-7	-7	8	-23	-23	11	28	-15	-19	6	6	-50	-50	-19	7	7	-15	-15	18	18	-46	-46	8	8	16	10	12	-14	-14	-14	-2	3	24	24	-18	-18	6	0	10	10	25	12	12	-7	-7	-37	2	-16	-16	7	7	-7	-7	3	-20	-20	0	-27	4	4	-42	-42	13	9	-38	-9	-9	17	6	-1	36	36	-3	52	11	1	-101	-101	6	6	34	7	7	32	16	-8	-8	3	-8	-16	40	40	0	0	-65	-65	-19	24	24	-9	-9	-83	-7	-7	0	-10	36	43	13	13	23	23	33	-20	26	26	7	7	-23	19	19	-25	
45	-2	-2	-8	-54	-54	54	54	62	62	-23	-23	12	12	9	9	16	-85	-85	-17	40	40	40	20	20	-50	-12	-12	26	26	11	-11	-11	-12	-12	7	7	-15	-15	53	53	35	-7	-7	-17	-17	-28	-29	-29	60	60	-12	-12	5	5	-14	-14	-83	38	5	4	4	22	-88	-30	-30	25	25	-7	-31	-24	31	31	-6	1	40	52	52	-25	-25	-27	-28	-28	22	8	7	-4	17	17	-11	-11	-29	-10	-10	8	8	19	19	-29	-29	9	9	3	0	-4	-49	-49	-49	-7	12	52	52	0	0	27	-3	17	17	-14	3	3	43	43	-30	31	-3	-3	5	5	-13	-13	-39	6	6	-12	25	21	21	-55	-55	0	-31	19	38	38	-9	94	-10	18	18	23	-19	-14	18	-8	-8	29	29	9	11	11	-21	-32	-1	-1	-45	23	11	-39	-39	37	37	-89	-89	112	15	15	-9	-9	0	-14	-14	23	2	-24	8	-53	-53	0	0	15	26	9	9	7	7	-9	8	-39	29	
Trial:7
32	-59	-59	-25	-25	-57	10	-45	-53	-53	31	54	65	65	127	127	78	5	-4	-24	-24	-8	-44	46	46	-29	-29	-72	-72	4	19	19	-96	-96	-41	-9	50	10	3	3	1	-38	-25	8	8	1	-16	20	5	111	111	-41	15	15	-20	-20	59	-37	-47	-47	-22	-22	-12	38	38	-41	-41	-5	-17	26	26	-44	-44	2	-65	-24	39	39	-62	-11	-31	-31	67	67	1	-28	2	-4	-4	-28	-4	29	18	-43	-43	-10	70	11	-38	-38	-13	-10	20	7	-49	-11	60	33	23	19	19	-20	-20	5	-36	-11	4	47	47	-4	-16	-16	0	0	3	8	8	59	59	2	-14	-12	-12	-13	-13	-1	-51	-47	-90	-90	-7	-7	17	17	25	-77	43	1	1	-16	-16	-1	51	-7	24	24	-45	-45	28	28	65	-13	-12	-31	-21	-11	-11	41	-31	-57	-44	-44	-46	-14	-9	-9	-56	-56	-46	7	34	46	46	65	-3	71	3	-7	-7	-2	-15	-41	61	61	-28	2	83	21	-58	-58	
-10	-5	-5	-23	-23	10	-18	-9	9	9	-11	6	18	18	21	21	-7	-21	3	7	7	14	-1	-5	-5	6	6	-5	-5	10	14	14	-39	-39	-10	-1	-4	0	-1	-1	4	-4	4	-5	-5	3	-1	4	-5	-2	-2	-16	6	6	-2	-2	8	12	-2	-2	2	2	25	-5	-5	-10	-10	-3	-1	30	30	-15	-15	-4	-5	-26	-7	-7	-8	5	2	2	13	13	-1	-5	-6	-14	-14	-1	7	5	3	-7	-7	4	-1	-18	5	5	7	9	2	1	17	7	0	11	-7	-7	-7	3	3	0	27	-4	-11	16	16	-8	2	2	-9	-9	-2	-1	-1	4	4	-1	10	-12	-12	-12	-12	-10	-1	-1	-27	-27	-1	-1	1	1	7	-21	32	-2	-2	-12	-12	-13	-9	5	6	6	-30	-30	1	1	7	-7	-5	-4	-11	19	19	6	5	30	-7	-7	-5	-6	-3	-3	-20	-20	-14	1	7	9	9	4	6	0	-24	0	0	-6	-3	-7	8	8	-5	-10	12	-8	-5	-5	
-14	8	8	-3	-3	18	-2	-7	-7	-7	-17	0	-10	-10	-3	-3	-2	-9	2	4	4	-21	3	9	9	9	9	-9	-9	-8	5	5	2	2	-7	1	3	2	-1	-1	1	-9	2	-2	-2	2	-9	3	-2	4	4	-10	-13	-13	2	2	5	11	-4	-4	21	21	2	-6	-6	-10	-10	-1	-8	-4	-4	-5	-5	4	3	-4	7	7	-23	10	8	8	1	1	-5	7	-9	9	9	10	-4	-2	1	-8	-8	0	3	-2	-4	-4	5	13	1	0	-7	3	-7	-12	5	0	0	-2	-2	2	-6	6	-3	2	2	8	-8	-8	-5	-5	-2	4	4	0	0	10	-8	-6	-6	-7	-7	-15	-9	-3	2	2	5	5	-13	-13	5	-15	4	-8	-8	-2	-2	10	-9	15	4	4	-5	-5	-4	-4	-4	0	1	7	-3	3	3	-6	-7	3	-6	-6	2	-7	-12	-12	8	8	-3	1	-4	-5	-5	10	-19	-2	-5	-1	-1	-7	4	-1	2	2	15	0	-1	8	-8	-8	
-4	7	7	-7	-7	5	-5	-3	-4	-4	-5	-1	3	3	-2	-2	-2	-4	1	7	7	-4	2	-1	-1	5	5	-7	-7	-1	0	0	0	0	-3	5	1	-2	-4	-4	-3	-3	-2	-8	-8	-1	-1	1	1	4	4	-8	-7	-7	-4	-4	10	3	-2	-2	6	6	-5	3	3	-5	-5	1	-4	-5	-5	-4	-4	0	7	-3	5	5	0	1	0	0	-1	-1	-3	2	-5	0	0	5	2	-2	-2	-1	-1	-1	-3	-4	-5	-5	3	0	3	-2	-7	-1	0	-5	1	-3	-3	-6	-6	2	6	2	-1	4	4	3	-2	-2	1	1	-1	2	2	-3	-3	0	-4	-6	-6	-3	-3	-5	-1	-1	4	4	0	0	0	0	-4	-2	-5	-3	-3	0	0	2	-4	0	2	2	-2	-2	-3	-3	1	2	-4	0	0	-3	-3	1	-4	0	-2	-2	-4	-1	-1	-1	8	8	-6	2	0	0	0	-2	-5	-5	-5	3	3	-1	-3	4	6	6	0	-1	1	-3	-1	-1	
-2	3	3	-2	-2	9	-38	-1	-7	-7	2	13	3	3	-11	-11	-21	-6	5	35	35	4	-9	-8	-8	-11	-11	-4	-4	-5	4	4	1	1	-18	8	10	-7	-5	-5	-3	-5	-30	-6	-6	5	12	5	8	8	8	-8	-10	-10	-14	-14	15	4	1	1	9	9	-8	3	3	-5	-5	0	-6	1	1	-9	-9	5	12	-7	6	6	7	0	3	3	-3	-3	-7	10	-8	-7	-7	24	1	-4	1	-5	-5	-1	17	-3	-10	-10	3	19	11	0	-18	-12	1	-8	-15	3	3	-16	-16	12	10	-4	3	16	16	6	-9	-9	10	10	1	-13	-13	18	18	-17	-5	-11	-11	2	2	11	9	23	21	21	-2	-2	-2	-2	-23	11	-17	-17	-17	-4	-4	4	6	-12	-9	-9	-10	-10	-1	-1	18	16	-3	28	5	-11	-11	2	-8	0	5	5	-11	-5	-1	-1	26	26	-5	12	12	-6	-6	-2	-14	-8	-2	-1	-1	-4	10	12	7	7	13	-7	-2	4	0	0	
-20	4	4	6	6	-4	-1	-15	1	1	-3	7	0	0	-1	-1	-28	2	25	-15	-15	1	-32	10	10	-9	-9	9	9	-7	5	5	30	30	-24	-28	-3	8	-5	-5	0	-5	0	-15	-15	-4	5	1	2	8	8	26	-29	-29	-10	-10	-10	32	3	3	11	11	-11	13	13	-10	-10	15	5	-3	-3	-17	-17	1	6	-10	1	1	0	8	6	6	-2	-2	1	14	-19	9	9	0	18	8	9	-12	-12	14	23	19	-11	-11	-9	13	7	-10	-14	-8	-7	-17	12	7	7	-17	-17	-2	1	-17	19	4	4	1	-5	-5	18	18	-4	-1	-1	10	10	13	-9	5	5	-5	-5	-24	-16	1	0	0	5	5	-3	-3	-9	20	0	-16	-16	11	11	2	-7	-7	-13	-13	-37	-37	23	23	11	-5	-3	-14	5	-4	-4	9	-4	-4	4	4	-10	-1	9	9	6	6	0	10	14	-5	-5	-13	2	7	-5	14	14	-5	-16	11	-4	-4	3	4	-9	10	-3	-3	
-35	1	1	29	29	-26	0	-35	-4	-4	10	6	-21	-21	13	13	27	-17	-20	16	16	-8	-31	4	4	-19	-19	-11	-11	-17	18	18	36	36	-9	-17	4	11	5	5	-15	-19	-25	17	17	-10	-21	13	13	-4	-4	8	-8	-8	-2	-2	-33	-9	24	24	3	3	8	33	33	12	12	0	-2	-18	-18	-9	-9	-35	38	17	11	11	-28	17	3	3	2	2	-21	14	-7	0	0	14	-22	0	15	16	16	4	24	-31	22	22	-32	-13	13	21	-5	-19	-23	-6	13	7	7	11	11	-5	10	-8	1	19	19	-33	17	17	45	45	14	5	5	-9	-9	21	0	-25	-25	-32	-32	-26	-16	-42	-6	-6	5	5	16	16	8	21	41	17	17	2	2	-27	3	-7	3	3	34	34	-5	-5	4	7	-6	-9	-25	-1	-1	0	-37	-25	2	2	31	22	13	13	-16	-16	5	16	5	-6	-6	-19	3	-25	11	-5	-5	34	-53	12	-6	-6	27	31	-11	38	-15	-15	
17	-17	-17	-12	-12	-24	16	-48	-28	-28	13	47	-26	-26	-7	-7	34	-4	15	28	28	-10	1	36	36	-24	-24	-12	-12	74	0	0	-19	-19	-56	-11	64	-15	16	16	-23	-25	-28	2	2	-30	-19	-38	17	18	18	-5	30	30	-1	-1	20	25	-61	-61	29	29	14	13	13	-34	-34	6	-62	3	3	1	1	-47	36	41	24	24	2	-4	-3	-3	-28	-28	13	12	-21	35	35	7	-9	3	10	-17	-17	-6	49	31	12	12	-25	-10	6	102	-70	-18	2	-31	22	9	9	19	19	-8	3	-13	22	8	8	-2	69	69	-4	-4	-6	11	11	-51	-51	14	40	-15	-15	-19	-19	-14	-43	-60	7	7	11	11	-32	-32	-12	-11	27	45	45	16	16	10	26	9	-5	-5	-13	-13	5	5	59	-10	-46	-17	-38	-23	-23	7	-18	11	-7	-7	-14	0	28	28	-37	-37	19	-36	16	-24	-24	37	9	-11	9	19	19	49	0	-40	-70	-70	3	-4	17	66	-6	-6	
Trial:8
30	30	32	-8	-18	-18	-41	-41	8	29	29	-11	-11	-1	2	3	-8	-8	52	-21	-33	-3	-3	18	18	-18	-18	-16	-16	-16	-80	-17	86	86	77	77	-33	-33	-42	-42	3	13	-128	21	21	62	-80	-65	-61	-14	-14	-43	-43	15	-19	-19	-20	-20	6	16	16	-4	-4	-20	22	-36	-36	-1	49	25	-47	-47	40	40	3	-10	-20	12	12	56	-64	4	37	-1	-17	3	25	25	-15	-15	7	-20	-26	13	13	13	27	3	3	-59	-59	-16	7	27	3	3	119	-9	-36	-52	-52	-12	-12	-2	7	55	-8	-15	-19	-43	-19	-7	16	-34	-23	-36	-36	11	3	2	2	8	8	-38	-15	13	19	19	-13	-13	6	-7	-24	4	8	8	17	82	82	-14	-14	-10	-9	-9	51	51	-30	8	1	-13	-13	7	40	-23	-7	-10	-10	-14	-7	-10	-15	-15	-3	-7	17	-11	-19	9	12	-26	-26	-2	-2	17	-7	3	9	9	58	5	-20	-20	-11	-11	-19	3	-22	33	33	-15	
2	2	-10	-1	-4	-4	-4	-4	10	10	10	-3	-3	-4	21	-1	-5	-5	-14	3	-9	0	0	30	30	-91	-91	-51	-51	-51	-16	27	65	65	28	28	-26	-26	43	43	8	66	-12	89	89	-4	-12	0	-49	-20	-20	-39	-39	-12	17	17	-19	-19	2	10	10	-6	-6	5	-4	-8	-8	-4	8	6	-4	-4	3	3	-4	10	-1	2	2	-28	-14	8	-36	15	-26	5	13	13	10	10	-11	-9	-10	22	22	22	3	5	5	-9	-9	0	14	9	1	1	2	-6	6	-19	-19	0	0	4	-8	-13	-3	-4	-2	1	6	-15	1	-3	1	-1	-1	-7	-1	13	13	1	1	-3	-2	-15	-4	-4	10	10	4	-5	6	3	-3	-3	3	5	5	19	19	-11	-6	-6	2	2	-24	1	-10	1	1	5	10	2	-9	-8	-8	-2	-18	-1	3	3	1	0	-3	-1	-7	3	0	3	3	-3	-3	4	0	3	2	2	7	8	-5	-5	-4	-4	-7	-17	-6	-3	-3	1	
7	7	3	0	-5	-5	2	2	3	-2	-2	-5	-5	0	-2	-1	1	1	-3	2	6	-5	-5	-2	-2	-28	-28	4	4	4	0	5	26	26	9	9	-8	-8	-6	-6	-10	5	-5	0	0	7	-25	4	8	-8	-8	-1	-1	6	-6	-6	-7	-7	0	5	5	8	8	3	0	-7	-7	-8	-5	4	7	7	2	2	-7	1	4	0	0	-10	-5	-5	-4	-3	-6	0	-3	-3	1	1	-4	0	-19	10	10	10	2	7	7	-3	-3	-4	-2	-4	9	9	1	5	-6	-2	-2	-2	-2	4	3	-4	-8	-16	2	8	-3	2	5	1	2	0	0	-15	-8	4	4	-17	-17	7	-2	-4	-7	-7	5	5	1	-3	3	-5	-4	-4	-2	-6	-6	7	7	6	3	3	-1	-1	6	-6	-18	0	0	-17	0	0	0	0	0	-1	-4	4	2	2	-28	-6	8	-9	-4	-3	1	9	9	-1	-1	4	6	0	7	7	-15	2	0	0	3	3	0	-2	-2	-3	-3	-4	
1	1	1	-1	-1	-1	-2	-2	-2	-1	-1	-7	-7	4	-4	1	0	0	-6	2	2	-1	-1	3	3	-5	-5	-2	-2	-2	0	0	3	3	4	4	-3	-3	0	0	-7	0	-5	-2	-2	2	-7	5	4	-4	-4	0	0	-1	0	0	-6	-6	-1	2	2	-3	-3	-4	4	-5	-5	-1	-8	3	-5	-5	3	3	-2	0	1	1	1	-6	-1	0	1	0	-3	-3	-2	-2	4	4	-11	0	-7	10	10	10	-2	4	4	-6	-6	-2	-2	-1	2	2	1	-1	-2	-2	-2	-1	-1	3	0	-2	-3	-2	-6	4	-2	0	-3	-2	-4	0	0	-1	-3	0	0	-3	-3	3	-3	0	1	1	-5	-5	0	-2	-1	-2	-3	-3	-1	-2	-2	2	2	3	-1	-1	-2	-2	4	-3	0	-4	-4	-3	-3	-6	-1	-4	-4	-3	-6	2	-4	-4	0	-4	-1	-4	-6	0	1	1	1	-1	-1	2	0	2	-2	-2	-2	-1	-3	-3	0	0	1	-4	-1	-5	-5	-3	
-2	-2	-5	6	-1	-1	-9	-9	-3	-1	-1	-20	-20	30	-8	-2	2	2	-10	5	3	-1	-1	0	0	5	5	-1	-1	-1	9	4	-2	-2	3	3	-6	-6	3	3	-8	-3	-6	-9	-9	4	-1	2	19	-3	-3	-4	-4	-2	7	7	-7	-7	-3	5	5	-1	-1	-4	22	-2	-2	-7	-13	-5	-11	-11	-4	-4	0	-4	3	-13	-13	-1	-5	-1	-7	5	-1	-10	3	3	16	16	-17	9	-8	14	14	14	-3	23	23	-4	-4	-4	3	-8	17	17	-1	-14	-9	-15	-15	-3	-3	-1	-5	-5	-5	0	3	6	1	-1	-6	-9	-35	11	11	-6	1	6	6	0	0	3	2	4	1	1	-33	-33	10	-4	7	-1	4	4	-11	2	2	7	7	3	3	3	-6	-6	11	1	8	6	6	-6	-1	-22	12	-6	-6	-8	1	10	-11	-11	21	-1	3	1	-15	6	1	6	6	-1	-1	7	-2	-4	-8	-8	-8	9	-5	-5	2	2	-1	-34	3	-9	-9	1	
-10	-10	3	1	-7	-7	4	4	6	16	16	-11	-11	2	-1	-1	-2	-2	-1	-3	3	4	4	-2	-2	11	11	-1	-1	-1	-8	-24	10	10	11	11	-1	-1	3	3	0	-2	-8	-6	-6	0	5	-1	-4	-19	-19	-4	-4	12	5	5	-3	-3	-6	10	10	-11	-11	-7	5	10	10	-8	-7	-3	-10	-10	-21	-21	3	-8	12	-8	-8	6	8	4	2	12	-3	-8	7	7	8	8	-19	2	-6	13	13	13	3	4	4	-5	-5	14	13	-14	5	5	-6	-18	-15	-10	-10	7	7	2	-2	-11	1	1	-3	6	11	1	-8	-14	-21	4	4	3	5	7	7	-2	-2	0	3	-3	8	8	-2	-2	7	-7	1	-4	-2	-2	-4	-1	-1	-3	-3	-1	1	1	-2	-2	8	-1	-4	5	5	3	-15	-18	-2	-4	-4	-10	0	6	-22	-22	17	-18	5	-8	-16	6	11	-1	-1	0	0	4	-6	7	1	1	-7	-3	-13	-13	4	4	-3	-8	-15	-4	-4	-3	
17	17	6	21	-5	-5	10	10	12	31	31	-28	-28	0	-13	-26	-39	-39	14	32	-1	44	44	-23	-23	45	45	-52	-52	-52	5	-7	-27	-27	-8	-8	32	32	11	11	-18	22	-78	23	23	-33	47	39	-41	31	31	9	9	25	10	10	-50	-50	11	5	5	-42	-42	13	6	17	17	-8	38	35	-18	-18	10	10	-42	-18	11	-46	-46	33	6	-59	18	27	-5	-27	3	3	20	20	-10	23	24	48	48	48	-8	6	6	-1	-1	8	50	-29	-21	-21	11	-53	-12	-2	-2	19	19	13	3	-34	-13	15	30	-10	-27	13	-2	13	6	15	15	-12	20	4	4	-33	-33	-4	2	-8	20	20	0	0	23	-24	-7	-13	-29	-29	35	16	16	-4	-4	-11	-30	-30	-11	-11	27	36	-3	-5	-5	14	-26	-23	-19	-2	-2	2	17	-9	11	11	-3	-4	25	-23	-33	44	16	2	2	3	3	-2	24	28	-8	-8	-6	11	-25	-25	-6	-6	-3	5	-25	-3	-3	-13	
11	11	-6	-28	-29	-29	21	21	-7	-37	-37	-26	-26	74	-17	9	-29	-29	-29	40	3	34	34	-4	-4	-1	-1	-68	-68	-68	-7	-20	-16	-16	59	59	-34	-34	54	54	-8	10	-50	31	31	47	30	-27	-10	16	16	22	22	14	53	53	3	3	-48	-12	-12	-34	-34	25	-10	20	20	-99	9	55	-5	-5	42	42	14	-21	23	-31	-31	-44	94	-10	33	2	25	-48	10	10	33	33	19	-2	-51	32	32	32	11	-42	-42	29	29	-7	31	51	-84	-84	41	-3	-30	26	26	26	26	-21	25	4	-31	32	-37	0	-40	26	-50	-27	-9	43	43	22	-14	-45	-45	-26	-26	-11	-26	57	62	62	-38	-38	-41	-11	22	-4	-27	-27	102	48	48	-44	-44	9	-83	-83	-19	-19	-15	41	45	-31	-31	79	-3	-33	6	6	6	-23	36	-22	-17	-17	-2	29	29	-32	-39	-59	89	32	32	16	16	-48	27	68	-40	-40	-75	1	5	5	-1	-1	-44	-12	28	64	64	-29	
Trial:9
-3	-4	-4	9	12	12	-4	-3	-3	-4	-4	-6	-14	-14	1	-2	-2	-3	-2	-2	-23	-23	2	-17	5	-1	2	2	-5	-41	-41	-23	-23	55	125	7	7	53	53	24	24	-5	-40	-40	-7	-22	-6	26	-78	20	7	5	5	-1	-1	24	2	-1	-2	-2	18	-3	-4	10	10	4	-20	-2	-2	28	28	-12	1	-11	-6	-6	6	-17	-41	-7	1	1	29	-30	5	-42	-42	-14	-22	21	59	59	-6	-6	34	34	-15	46	-28	-28	-12	-22	-22	-30	-30	-30	30	-19	27	27	5	5	58	58	41	41	-31	-38	-38	38	38	-29	-29	6	6	-22	-22	17	-10	-10	-29	-29	7	-22	8	8	-52	-52	30	-48	-48	43	17	17	42	-27	-27	22	22	2	12	13	13	20	20	17	17	69	-17	-41	9	9	-48	-2	-42	-42	10	42	-25	99	99	99	20	-8	-38	-16	-16	14	14	-61	-33	-33	-45	-45	-9	-32	-32	-94	-63	-64	-47	101	-16	23	23	76	56	56	-77	-77	
3	1	1	1	-1	-1	1	1	1	-4	-4	0	-3	-3	2	-2	-2	-5	-1	-1	3	3	-2	-3	1	2	-6	-6	1	-2	-2	-3	-3	7	0	-4	-4	0	0	-11	-11	-17	4	4	5	3	6	-6	-7	2	-3	4	4	-2	-2	-2	12	0	2	2	6	-2	-1	-4	-4	0	-7	-2	-2	-1	-1	-2	-3	2	-2	-2	2	1	-3	-2	-1	-1	8	-3	1	-8	-8	-3	7	-2	9	9	-9	-9	-4	-4	3	-2	-4	-4	1	-8	-8	1	1	1	6	-7	4	4	-5	-5	3	3	18	18	-18	8	8	-26	-26	15	15	-9	-9	-10	-10	6	11	11	3	3	-7	-1	-10	-10	-9	-9	6	-3	-3	4	10	10	-2	-1	-1	-3	-3	0	-1	-6	-6	5	5	0	0	18	-15	-3	-6	-6	29	-9	3	3	-17	-1	-1	11	11	11	-12	-5	8	32	32	-14	-14	-11	-36	-36	-3	-3	13	-27	-27	-11	34	-9	6	18	-10	-7	-7	1	7	7	-9	-9	
1	2	2	-1	-12	-12	6	5	5	1	1	3	4	4	7	-1	-1	-2	-2	-2	-8	-8	0	-2	-4	1	-3	-3	9	-13	-13	11	11	-4	2	7	7	-5	-5	-10	-10	0	-1	-1	-5	2	2	0	-4	-3	-7	9	9	-11	-11	-3	6	-1	11	11	10	-1	0	-11	-11	-7	-2	-14	-14	-6	-6	6	-7	4	0	0	17	8	-3	-1	-1	-1	-11	1	13	-2	-2	-4	11	-3	-2	-2	-11	-11	-1	-1	14	-15	-6	-6	1	-1	-1	3	3	3	-16	16	-5	-5	-4	-4	-5	-5	-4	-4	8	12	12	-11	-11	-5	-5	1	1	-17	-17	10	-8	-8	-2	-2	-3	-3	-21	-21	10	10	0	14	14	6	0	0	-3	1	1	7	7	-7	-4	2	2	-5	-5	-6	-6	-12	-13	-2	-1	-1	-1	-15	7	7	0	18	3	2	2	2	7	17	-11	-1	-1	-6	-6	1	9	9	-5	-5	1	-7	-7	5	0	-2	4	-1	-6	0	0	-5	-1	-1	0	0	
-1	-1	-1	-1	2	2	-1	3	3	-1	-1	-1	-1	-1	-3	-4	-4	-3	2	2	3	3	-7	1	-3	-3	-2	-2	3	-2	-2	4	4	-6	3	-2	-2	0	0	-7	-7	-6	0	0	1	1	5	-5	-3	1	-1	1	1	-2	-2	-1	4	-2	-2	-2	5	3	1	-6	-6	-2	-6	-3	-3	0	0	-1	2	2	-2	-2	3	1	0	1	-3	-3	-9	-1	0	3	3	-4	2	-3	4	4	-4	-4	-3	-3	1	-6	0	0	-2	5	5	-2	-2	-2	3	1	-2	-2	-7	-7	2	2	0	0	0	-1	-1	-5	-5	-1	-1	4	4	-3	-3	3	-7	-7	0	0	-8	1	-5	-5	2	2	6	-1	-1	2	-2	-2	0	4	4	-6	-6	-3	0	3	3	-2	-2	-4	-4	-2	-1	-2	0	0	-1	-1	-3	-3	-1	-2	0	0	0	0	2	1	-3	0	0	-3	-3	0	6	6	-1	-1	-2	2	2	-1	-6	-1	2	-7	-6	2	2	-9	-1	-1	-1	-1	
1	-3	-3	-6	2	2	1	-1	-1	3	3	-4	4	4	-32	-4	-4	-2	8	8	3	3	-7	5	-3	-7	10	10	7	-12	-12	3	3	2	10	-10	-10	-10	-10	-3	-3	0	-6	-6	2	-5	7	-20	-4	0	2	-11	-11	1	1	-5	3	-7	-7	-7	13	-1	0	-9	-9	8	-11	-2	-2	1	1	-7	-1	5	-4	-4	4	12	-2	4	-8	-8	-34	3	8	7	7	-3	12	6	4	4	-3	-3	-7	-7	-3	-3	-3	-3	6	9	9	-1	-1	-1	1	0	-7	-7	-17	-17	9	9	4	4	5	-7	-7	1	1	-4	-4	1	1	-2	-2	1	-29	-29	11	11	-4	4	-10	-10	2	2	7	2	2	1	6	6	13	1	1	-1	-1	-14	9	8	8	-3	-3	-13	-13	-3	3	2	3	3	-7	8	-11	-11	2	0	-1	-24	-24	-24	12	-6	-2	12	12	-10	-10	-8	21	21	3	3	-21	-22	-22	-2	11	-9	3	-33	-7	1	1	-5	6	6	2	2	
-5	-6	-6	0	2	2	-17	2	2	-1	-1	-5	1	1	-5	-7	-7	0	4	4	8	8	-8	-1	-4	-5	-1	-1	3	0	0	22	22	-6	22	-13	-13	-10	-10	-4	-4	-4	7	7	7	-11	-6	-8	1	5	-5	-12	-12	6	6	-2	2	-21	5	5	4	2	-6	-3	-3	10	-1	-2	-2	-19	-19	-5	2	9	6	6	4	3	13	4	3	3	8	4	-10	1	1	-20	0	5	3	3	-1	-1	-5	-5	-4	0	-4	-4	-3	1	1	5	5	5	-4	-1	-15	-15	-4	-4	1	1	5	5	0	-3	-3	-6	-6	-3	-3	8	8	3	3	7	-12	-12	-7	-7	-6	-9	-13	-13	-3	-3	3	8	8	1	4	4	0	2	2	-6	-6	-1	4	-8	-8	-9	-9	-4	-4	1	4	3	-4	-4	-7	4	-11	-11	3	6	4	-2	-2	-2	5	1	-4	7	7	0	0	4	9	9	-1	-1	-7	-1	-1	15	-23	-1	-2	-9	-3	-1	-1	-9	3	3	-9	-9	
26	-61	-61	23	12	12	4	3	3	-5	-5	6	-10	-10	-14	-27	-27	-74	27	27	30	30	0	-2	33	-49	-12	-12	-7	40	40	28	28	18	9	1	1	-15	-15	-29	-29	1	-17	-17	-10	25	-17	15	21	5	-19	-8	-8	-4	-4	2	2	-43	45	45	0	-8	-32	-20	-20	23	43	19	19	-1	-1	18	8	37	4	4	4	23	-20	31	7	7	-11	-37	-4	5	5	24	22	9	7	7	-25	-25	-13	-13	-26	-32	0	0	1	8	8	4	4	4	16	-37	-3	-3	5	5	0	0	7	7	16	4	4	-14	-14	-32	-32	6	6	25	25	22	-29	-29	-41	-41	29	-28	11	11	-17	-17	13	33	33	-5	-15	-15	-55	18	18	-6	-6	-6	-34	18	18	19	19	-17	-17	14	39	2	3	3	7	4	8	8	-39	6	24	3	3	3	7	11	49	-21	-21	-17	-17	0	8	8	-13	-13	17	21	21	-9	-86	9	-3	-7	6	15	15	2	15	15	-22	-22	
-11	-42	-42	21	-20	-20	-6	-45	-45	-33	-33	-2	22	22	8	-18	-18	-11	3	3	2	2	14	1	14	-52	-5	-5	1	-8	-8	0	0	3	34	-15	-15	-6	-6	1	1	12	-43	-43	-26	-16	7	20	26	19	7	23	23	6	6	-53	21	5	-7	-7	23	-2	18	56	56	-14	-6	5	5	17	17	-5	12	-15	37	37	-8	-31	-32	12	-8	-8	-24	6	-12	21	21	-2	4	3	23	23	-37	-37	12	12	-1	-29	-5	-5	-24	5	5	0	0	0	-34	1	-60	-60	23	23	-1	-1	11	11	-2	-16	-16	9	9	-6	-6	13	13	-20	-20	65	-17	-17	-20	-20	-14	-41	5	5	6	6	19	20	20	3	-15	-15	-35	-8	-8	9	9	-2	-32	9	9	41	41	-21	-21	9	29	12	13	13	-3	1	-8	-8	34	12	3	32	32	32	-24	12	-15	-35	-35	-24	-24	0	-33	-33	18	18	14	7	7	-20	-13	43	-19	76	7	12	12	-4	63	63	2	2	
Trial:10
-24	2	2	-7	-7	-1	-9	-9	-51	28	28	5	-57	-57	3	3	15	39	39	-1	-1	44	4	-13	9	-15	-30	-1	2	2	-82	-82	4	-15	7	15	15	-3	-10	8	-4	-4	113	113	-12	-12	-30	-30	-10	-65	-29	-23	-23	12	12	-25	-25	-31	-31	48	48	-10	0	0	28	28	-14	-14	-7	-7	-39	-39	-26	31	31	-32	-32	0	-9	-9	-4	-7	-7	8	1	1	11	11	14	-16	-16	-5	31	1	5	43	43	-15	-15	-3	-26	-26	16	16	-40	41	41	19	-11	-11	-10	-10	3	-17	-17	-15	-12	-6	-6	-4	-4	12	5	25	-13	-13	1	13	-33	-33	1	1	-3	0	2	9	9	10	-15	5	16	1	1	-4	-35	-49	-49	4	4	43	43	-7	11	11	26	26	-8	-8	-5	-5	3	3	28	-7	7	-16	-16	0	0	-7	-7	-6	-6	-32	7	-9	-8	-8	-1	-2	14	-12	-13	-1	-1	8	8	-3	-3	16	7	3	11	11	1	-3	-11	7	-11	-11	
5	-15	-15	-5	-5	-6	0	0	2	-2	-2	3	1	1	-1	-1	-8	3	3	-4	-4	20	2	-5	-29	-15	4	5	-2	-2	-13	-13	2	6	3	4	4	-19	8	-5	10	10	23	23	-2	-2	-6	-6	2	-4	-4	-8	-8	-1	-1	10	10	7	7	0	0	-12	12	12	-24	-24	-9	-9	9	9	-17	-17	20	8	8	-8	-8	10	-6	-6	-6	-16	-16	-14	35	35	2	2	22	-32	-32	3	6	10	-11	-9	-9	-10	-10	-1	1	1	-11	-11	-10	32	32	-1	-5	-5	-7	-6	-1	41	41	-24	28	-9	-9	-15	-15	0	-9	-1	-30	-30	1	-14	-2	-2	8	8	-6	0	-1	13	13	-6	-8	16	-6	-2	-2	6	3	3	3	-5	-5	1	1	2	7	7	6	6	-9	-9	-1	-1	-4	-4	25	2	6	-11	-11	-6	-6	-6	-6	-11	-11	-15	-2	-6	3	3	-2	-7	6	-1	-5	2	2	7	7	-6	-6	3	1	3	-8	-8	2	-12	4	7	10	10	
-5	-8	-8	0	0	-1	0	0	-8	2	2	-6	10	10	0	0	-12	-2	-2	-5	-5	1	-15	12	-1	-4	-3	3	-6	-6	-8	-8	1	-6	-2	2	2	-4	-2	2	5	5	1	1	-6	-6	4	4	-17	-7	4	-4	-4	-1	-1	-3	-3	1	1	5	5	-1	1	1	-5	-5	-4	-4	-2	-2	-15	-15	-10	7	7	1	1	6	4	4	-1	-31	-31	5	10	10	3	3	-4	0	0	13	9	7	0	-1	-1	3	3	-3	0	0	-22	-22	7	6	6	-3	-6	-6	-4	-1	-1	23	23	-5	3	4	4	-3	-3	-6	-1	-3	-2	-2	5	2	-12	-12	-3	-3	-18	2	6	5	5	9	3	-2	-1	-1	-1	8	-7	-3	-3	-2	-2	-1	-1	-11	16	16	1	1	-3	-3	0	0	8	8	3	2	2	-4	-4	-9	-9	-3	-3	-7	-7	6	3	-3	-3	-3	-7	-5	11	1	-4	0	0	-15	-15	-4	-4	-1	-1	-8	-4	-4	14	-8	4	4	3	3	
-4	-1	-1	-1	-1	-3	0	0	-1	0	0	-7	0	0	2	2	1	-2	-2	-3	-3	-1	-2	3	-4	-4	-5	2	-3	-3	-7	-7	-3	2	0	3	3	-3	-2	4	1	1	-1	-1	-4	-4	1	1	-6	0	0	2	2	0	0	-1	-1	0	0	-5	-5	1	-1	-1	3	3	-4	-4	-1	-1	0	0	-5	-1	-1	-1	-1	0	2	2	-2	-7	-7	-5	4	4	2	2	-2	1	1	0	1	-1	-7	-2	-2	3	3	2	2	2	-3	-3	2	0	0	-2	-6	-6	-1	-1	-2	2	2	-2	-2	1	1	-2	-2	-3	-1	-3	-4	-4	-1	0	-7	-7	1	1	2	1	-1	1	1	2	-1	-5	2	-5	-5	2	-4	-2	-2	3	3	-1	-1	1	0	0	6	6	-5	-5	4	4	-6	-6	0	1	3	-2	-2	-3	-3	1	1	-1	-1	2	1	-4	-2	-2	-7	-4	-3	2	-5	2	2	2	2	-5	-5	3	-3	3	-3	-3	-1	-2	2	-1	-1	-1	
3	3	3	-15	-15	2	-2	-2	-4	-7	-7	-4	-1	-1	7	7	19	-3	-3	-1	-1	-10	7	-2	-10	-26	-4	6	4	4	-7	-7	11	5	2	1	1	-2	-2	7	-1	-1	-7	-7	-8	-8	6	6	-8	-1	1	4	4	-2	-2	-1	-1	0	0	-13	-13	1	5	5	2	2	-4	-4	-7	-7	6	6	-4	-3	-3	-4	-4	-6	-22	-22	-1	6	6	-1	0	0	6	6	1	2	2	4	2	1	-7	-2	-2	9	9	3	0	0	6	6	2	-6	-6	-3	-5	-5	-1	2	-9	1	1	6	-1	3	3	-3	-3	-5	-6	-7	-31	-31	-4	-4	3	3	6	6	7	3	-10	7	7	6	3	-6	11	-3	-3	2	-10	-13	-13	10	10	-2	-2	6	-8	-8	8	8	-2	-2	7	7	-10	-10	5	1	6	-8	-8	-5	-5	5	5	-3	-3	5	4	-7	-3	-3	-6	-14	-4	4	-12	11	11	5	5	-10	-10	4	-10	3	-3	-3	-1	3	1	4	2	2	
5	12	12	10	10	14	-12	-12	12	4	4	-1	22	22	-13	-13	6	-7	-7	6	6	-14	4	-7	-6	-6	6	-4	-23	-23	-3	-3	-8	0	4	-3	-3	13	-11	24	9	9	-11	-11	0	0	4	4	9	17	-38	3	3	-2	-2	7	7	-3	-3	-30	-30	10	16	16	1	1	10	10	-15	-15	1	1	-7	-8	-8	1	1	-10	13	13	-8	25	25	-34	-27	-27	11	11	-7	12	12	-45	4	-21	-4	-8	-8	17	17	-1	-6	-6	16	16	5	2	2	-15	-7	-7	-4	10	-23	-5	-5	6	-22	11	11	-5	-5	6	-15	5	-9	-9	-20	-6	7	7	-4	-4	-5	9	-6	3	3	3	28	-2	0	-21	-21	13	-2	2	2	9	9	-11	-11	-5	4	4	-18	-18	10	10	11	11	2	2	-17	9	1	-5	-5	-2	-2	14	14	-2	-2	-3	-28	6	3	3	-11	-16	1	-6	-13	2	2	13	13	5	5	-8	-39	11	-16	-16	24	14	3	-18	4	4	
-7	33	33	16	16	-48	43	43	-9	7	7	0	18	18	5	5	-11	-18	-18	-11	-11	-36	9	10	30	23	15	0	-3	-3	11	11	-7	-26	-8	1	1	13	-38	9	16	16	-24	-24	31	31	18	18	-54	15	-16	28	28	-20	-20	-6	-6	30	30	-12	-12	21	-4	-4	-17	-17	8	8	-33	-33	-25	-25	21	28	28	10	10	-25	26	26	-4	-3	-3	-15	-18	-18	-43	-43	12	16	16	-18	-4	-8	18	-20	-20	35	35	11	5	5	-34	-34	-1	5	5	30	17	17	-8	-4	-33	-14	-14	26	12	5	5	-15	-15	14	-20	5	-19	-19	-36	-55	-27	-27	20	20	20	11	-3	32	32	4	-12	20	19	-2	-2	-19	-14	20	20	2	2	-3	-3	3	16	16	-22	-22	7	7	4	4	10	10	0	40	4	-5	-5	-18	-18	12	12	-26	-26	5	-10	-5	-7	-7	-15	-34	-2	-1	-21	-16	-16	2	2	-42	-42	6	10	34	1	1	19	28	31	-38	8	8	
-53	21	21	-8	-8	-13	-1	-1	0	12	12	-3	3	3	15	15	-1	-8	-8	43	43	39	9	-24	72	61	-49	-43	-30	-30	-10	-10	-42	-55	19	1	1	-14	20	-8	-16	-16	0	0	5	5	-34	-34	-16	70	-7	63	63	7	7	26	26	7	7	-57	-57	-7	103	103	62	62	-60	-60	-13	-13	-98	-98	40	7	7	3	3	-57	62	62	-69	10	10	-9	-12	-12	75	75	17	6	6	-30	29	11	-42	-70	-70	12	12	-27	9	9	2	2	-25	-7	-7	85	45	45	37	-1	-58	-64	-64	44	-57	8	8	-34	-34	47	67	-1	10	10	8	15	-103	-103	1	1	15	-15	11	-7	-7	-23	19	5	6	35	35	-45	-6	-9	-9	-19	-19	60	60	-40	5	5	15	15	9	9	7	7	21	21	-5	3	38	-14	-14	12	12	2	2	-30	-30	13	12	-6	-15	-15	0	4	7	14	8	-27	-27	1	1	-21	-21	-2	22	12	-32	-32	11	25	26	-39	-10	-10	
Trial:11
-18	-50	13	13	-78	55	55	21	-23	-23	5	5	12	-35	-35	-35	-59	-23	-23	-11	-11	32	32	-6	27	27	37	37	-15	-15	15	15	-35	-35	-6	-5	-5	78	78	-10	-17	-28	-28	41	41	23	26	-56	14	14	27	-31	-94	-94	-34	-34	86	-9	72	-63	-63	2	42	-8	-30	-8	-8	-14	64	-52	20	20	40	6	36	-46	-46	-36	-20	24	49	-19	-19	-27	-27	-4	-25	-25	7	7	-14	-12	-12	3	3	44	28	-106	-106	3	3	-13	-5	0	32	32	-32	-11	58	-25	-66	-49	-25	52	52	8	8	64	-10	-20	-20	-20	-48	-12	14	14	-81	-81	106	13	37	36	2	-68	-68	-34	-34	-10	-10	-6	-28	24	3	3	51	-55	-9	-9	-3	-3	-14	60	27	-12	-12	0	-6	-27	-2	-2	30	30	-5	-5	83	83	-88	-88	-10	-45	-45	-12	-12	15	-26	-26	-56	-56	54	3	4	30	-1	-1	-59	4	-2	-2	-1	-1	27	-23	64	-5	-5	27	10	-20	-20	4	
40	-10	0	0	3	2	2	15	-12	-12	7	7	-1	0	0	0	-11	5	5	-17	-17	-2	-2	-37	-12	-12	15	15	-9	-9	-7	-7	-19	-19	-8	-13	-13	9	9	7	-12	-9	-9	6	6	3	4	-5	2	2	7	-11	-17	-17	-18	-18	30	-7	37	-17	-17	-9	9	-10	33	-7	-7	-17	7	12	6	6	4	-8	24	-20	-20	-10	-15	-9	28	-8	-8	-14	-14	-16	-8	-8	5	5	-2	-13	-13	-5	-5	58	15	-16	-16	50	50	-26	4	-21	23	23	-42	-117	-55	115	-25	5	11	37	37	-15	-15	19	6	-11	16	16	-32	13	-1	-1	1	1	-3	-5	-29	-10	-3	-7	-7	35	35	47	47	-72	-21	6	-2	-2	-1	-86	2	2	1	1	-13	7	3	2	2	12	-7	1	9	9	42	42	-19	-19	-10	-10	-34	-34	3	-21	-21	63	63	-10	-13	-13	4	4	-31	-7	-2	-3	-6	-6	-29	-8	-48	-48	-8	-8	24	6	21	5	5	90	2	-12	-12	-11	
2	3	4	4	4	-1	-1	23	-6	-6	4	4	-20	-5	-5	-5	-4	1	1	9	9	2	2	-15	-5	-5	1	1	4	4	-17	-17	2	2	-3	-6	-6	-2	-2	0	-5	-5	-5	3	3	-8	4	8	3	3	-1	-4	-7	-7	-19	-19	7	-1	3	-1	-1	8	9	-15	-15	-2	-2	1	4	-2	10	10	12	-2	7	-23	-23	-1	3	-2	2	-3	-3	2	2	-8	-4	-4	6	6	1	-2	-2	-7	-7	-2	5	-7	-7	4	4	-4	-1	-1	-1	-1	4	-6	-3	11	-9	-10	-3	-1	-1	0	0	8	3	1	-7	-7	-1	-2	1	1	7	7	-8	-7	-7	4	0	-6	-6	-2	-2	15	15	-8	-1	2	-9	-9	-3	-4	-1	-1	14	14	-19	-2	12	-5	-5	3	-1	-4	17	17	-13	-13	-3	-3	-3	-3	-2	-2	-4	-12	-12	10	10	2	-1	-1	-6	-6	4	0	-5	2	-1	-1	-1	-2	-4	-4	5	5	0	-1	8	-4	-4	12	3	-1	-1	-3	
4	4	2	2	-3	0	0	-11	-4	-4	7	7	-4	0	0	0	-2	4	4	7	7	6	6	-4	-1	-1	-4	-4	-5	-5	1	1	3	3	-2	-4	-4	1	1	-5	-2	-3	-3	-5	-5	-1	4	-4	-2	-2	-1	-1	-2	-2	-2	-2	1	2	-1	3	3	0	0	-3	-9	-3	-3	4	-1	-2	-1	-1	4	2	2	-4	-4	-3	-1	-3	3	1	1	-3	-3	-8	1	1	0	0	-2	-4	-4	-1	-1	-2	6	-9	-9	1	1	0	-2	-5	0	0	1	-10	-4	4	-2	-5	5	1	1	0	0	3	0	-3	-2	-2	-5	-2	1	1	-2	-2	3	-5	1	3	0	-3	-3	-4	-4	-1	-1	-1	-2	4	-4	-4	-2	3	-2	-2	4	4	-2	-2	5	-5	-5	1	-3	-1	3	3	-6	-6	-2	-2	-2	-2	-4	-4	-4	-1	-1	-1	-1	1	0	0	-5	-5	1	-1	-5	-2	-3	-3	4	0	-4	-4	7	7	-1	-2	0	-5	-5	2	0	0	0	-5	
-3	19	-2	-2	-6	-24	-24	-25	10	10	-1	-1	2	7	7	7	-1	-18	-18	10	10	12	12	-1	8	8	-7	-7	-29	-29	12	12	9	9	15	-12	-12	2	2	-25	3	3	3	-10	-10	7	1	-20	13	13	-22	-2	8	8	-21	-21	17	-4	-22	14	14	17	-2	6	-20	-1	-1	7	-8	1	-2	-2	4	15	-3	-3	-3	-12	6	-4	9	1	1	1	1	-22	9	9	-8	-8	-8	8	8	15	15	0	3	-7	-7	-42	-42	9	3	-15	4	4	4	-15	0	2	3	-7	11	-5	-5	3	3	19	5	9	4	4	-20	6	-7	-7	0	0	-8	-7	10	6	1	-3	-3	-10	-10	1	1	-3	-6	-4	-6	-6	-1	14	0	0	3	3	-2	-4	4	-4	-4	-5	-5	2	-2	-2	11	11	5	5	-3	-3	-6	-6	-3	2	2	-3	-3	-1	0	0	-8	-8	2	-7	-24	-3	-10	-10	8	-2	-30	-30	20	20	6	-3	-5	-5	-5	1	1	-3	-3	-7	
-5	-8	32	32	-9	-8	-8	-18	-14	-14	10	10	-7	-1	-1	-1	-6	-9	-9	0	0	21	21	-10	11	11	-2	-2	8	8	-1	-1	1	1	5	-10	-10	4	4	4	-5	2	2	-12	-12	4	0	3	-15	-15	-6	-19	3	3	0	0	13	2	1	0	0	0	9	-12	-18	-2	-2	2	-5	-8	-32	-32	12	2	-19	-5	-5	-14	9	8	9	15	15	1	1	-4	8	8	-4	-4	2	1	1	-7	-7	2	8	-13	-13	1	1	17	2	-18	-1	-1	8	-7	-8	-2	-10	13	4	12	12	-9	-9	32	12	-5	9	9	-12	5	-9	-9	-1	-1	-11	5	0	-1	5	-6	-6	-3	-3	20	20	-12	3	-10	-5	-5	-1	19	-3	-3	4	4	0	1	18	-6	-6	-9	4	2	-1	-1	-6	-6	-4	-4	3	3	2	2	-14	6	6	-2	-2	-1	0	0	5	5	-2	-10	-4	-2	-14	-14	-1	-3	-4	-4	6	6	7	-1	-5	-10	-10	-1	2	-11	-11	2	
47	-63	44	44	-38	23	23	-3	-15	-15	15	15	-33	10	10	10	-40	-44	-44	-4	-4	50	50	-83	21	21	-13	-13	27	27	11	11	1	1	-8	7	7	3	3	0	-22	-19	-19	3	3	14	-3	1	-18	-18	-20	-39	0	0	12	12	5	18	51	5	5	4	-15	-23	-76	-1	-1	-3	19	-38	33	33	-27	30	14	-4	-4	-59	6	1	0	-2	-2	-9	-9	1	-1	-1	-12	-12	11	-7	-7	-58	-58	19	-19	-43	-43	0	0	23	-1	-7	18	18	27	14	-25	-44	-12	18	-15	-7	-7	4	4	6	17	-3	36	36	-10	-1	-8	-8	0	0	8	2	24	3	13	-18	-18	-5	-5	39	39	-11	23	-11	-35	-35	7	38	-61	-61	26	26	31	12	26	4	4	-30	20	33	-14	-14	-29	-29	2	2	-8	-8	2	2	-68	30	30	5	5	0	-1	-1	74	74	-17	-23	6	-2	-82	-82	30	4	2	2	4	4	28	21	38	-35	-35	-19	14	-10	-10	-6	
-75	-28	0	0	38	85	85	78	-37	-37	-20	-20	-6	47	47	47	-7	-11	-11	-88	-88	59	59	18	-47	-47	27	27	53	53	-11	-11	-11	-11	-28	-8	-8	-32	-32	9	64	63	63	-5	-5	23	-15	-8	7	7	-21	8	-30	-30	7	7	67	-2	15	-30	-30	-27	-64	-6	-47	-16	-16	39	84	-24	-7	-7	-6	21	18	2	2	-48	-16	-4	-34	15	15	-1	-1	-23	12	12	24	24	17	-28	-28	-17	-17	68	-52	0	0	-32	-32	4	10	35	-20	-20	-39	31	14	-59	21	14	-46	-14	-14	-67	-67	52	28	-38	14	14	-20	21	35	35	-1	-1	25	30	-39	-40	7	-5	-5	-38	-38	-89	-89	-5	-33	55	-40	-40	24	-2	39	39	-42	-42	79	-8	24	21	21	4	-6	22	-7	-7	-4	-4	-7	-7	76	76	18	18	-71	-23	-23	3	3	-10	-87	-87	23	23	0	-6	-24	-34	-55	-55	59	-3	-13	-13	-36	-36	33	-5	69	-8	-8	-4	-12	0	0	76	
Trial:12
-16	-69	-69	-2	-2	31	-1	-29	22	22	32	15	-7	-7	7	7	53	-8	47	-9	-9	-44	-74	-8	77	77	-12	29	-34	-34	-85	-85	87	87	-29	-12	-12	-10	-10	-95	-43	-43	30	30	20	20	-28	-28	4	4	53	11	11	-19	-19	72	-38	-37	-37	60	60	-16	-13	-13	-6	-6	-19	-19	-6	29	-11	-5	-10	21	21	-8	-8	0	-10	-60	-13	9	13	-31	55	4	4	26	26	-6	-1	0	14	14	-3	-18	-18	9	-39	-16	-1	-9	-10	5	5	12	-1	19	-6	-6	1	14	5	19	19	-8	9	9	8	15	-22	12	0	0	-20	-5	-5	5	5	0	62	-2	8	-1	-1	4	4	0	14	14	-2	-8	-12	-3	-3	-6	-6	8	8	12	12	-7	-4	14	-6	-6	-3	14	-13	-2	-4	-1	-3	1	7	3	3	-13	-2	14	14	-4	-4	-4	-3	-2	-4	-4	-15	5	4	9	3	3	-1	-1	1	1	1	-16	-16	-2	2	1	1	1	1	8	2	2	
0	-8	-8	9	9	-9	-16	14	-7	-7	-2	-1	0	0	-30	-30	7	-4	2	-3	-3	7	-8	-1	2	2	4	10	-9	-9	4	4	-2	-2	-12	16	16	-10	-10	-16	-14	5	-5	-5	0	0	26	26	5	5	5	-2	-2	1	1	0	8	9	9	-6	-6	-5	-4	-4	-19	-19	-1	-1	-8	-25	1	1	-2	-2	-2	-7	-7	1	3	-15	-7	13	-8	7	9	-1	-1	10	10	-8	9	-10	4	4	-4	-5	-5	-11	-2	-3	0	9	21	-6	-6	-5	-5	0	-4	-4	11	-4	2	2	2	-5	1	1	1	-1	-20	-7	-4	-4	-3	-1	-1	0	0	1	3	0	8	-3	-3	5	-5	-1	-8	-8	2	-4	1	0	0	-12	-12	3	3	13	13	-7	1	10	-3	-3	-4	-2	-2	31	-2	3	-2	-2	0	2	2	-2	-7	10	10	-7	-7	-1	-2	-6	-4	-4	-6	12	-4	3	4	4	-8	-8	-1	6	6	-11	-11	0	4	-6	-3	2	2	5	1	1	
3	-24	-24	-8	-8	-25	3	21	6	6	-7	3	-9	-9	5	5	-13	-10	4	1	1	-11	-2	0	14	14	-13	26	7	7	8	8	-11	-11	-11	5	5	3	3	-2	-1	-10	0	0	-1	-1	3	3	12	12	-6	-10	-10	-6	-6	-8	-2	20	20	3	3	-5	12	12	-17	-17	-13	-13	-3	2	-23	-8	10	-24	-24	3	3	15	-17	8	-3	22	-7	7	-5	-2	-2	5	5	-14	3	-9	14	14	-2	-12	-12	9	5	12	6	0	-21	-19	-19	1	7	11	-3	-3	2	1	8	-29	-29	4	10	10	-10	-1	1	-12	-1	-1	12	-12	-12	-1	-1	1	-4	15	21	11	11	-23	-1	-2	0	0	15	-14	-3	-2	-2	-7	-7	-9	-9	5	5	1	8	10	-2	-2	-1	-18	3	5	-17	2	-12	6	13	-4	-4	10	-11	-7	-7	1	1	6	12	0	2	2	-9	24	-14	3	4	4	-3	-3	-9	10	10	-13	-13	2	15	-6	-12	6	6	4	13	13	
-4	-4	-4	-16	-16	3	1	5	2	2	16	-12	-14	-14	-11	-11	4	-5	-7	-8	-8	-1	8	6	-7	-7	3	32	1	1	-4	-4	-8	-8	-3	4	4	-1	-1	3	-3	11	-9	-9	-8	-8	1	1	2	2	-2	0	0	-1	-1	-4	-7	1	1	-1	-1	-7	2	2	-5	-5	4	4	-3	2	-7	-3	4	-2	-2	0	0	1	-10	1	-1	-1	2	0	6	-2	-2	1	1	-4	0	-11	-2	-2	9	-4	-4	3	2	0	4	0	-7	-5	-5	-1	-5	4	-4	-4	2	-1	5	-6	-6	5	3	3	-2	4	-1	-11	1	1	-6	-3	-3	1	1	2	-1	-2	6	-2	-2	-2	-4	1	-5	-5	1	-3	-2	2	2	-3	-3	1	1	-7	-7	6	-3	0	-4	-4	-1	-3	2	2	-5	0	0	0	-3	-1	-1	3	-2	-2	-2	0	0	-1	2	-3	6	6	-2	5	-1	-5	-5	-5	-5	-5	3	-1	-1	-6	-6	3	5	-7	-2	4	4	4	-1	-1	
-16	-12	-12	-6	-6	20	5	0	15	15	-1	-40	4	4	-36	-36	10	-4	-27	17	17	-5	15	9	-5	-5	7	10	8	8	-19	-19	0	0	-5	2	2	3	3	11	-1	21	9	9	-18	-18	-5	-5	2	2	-8	0	0	2	2	-7	-17	-12	-12	4	4	-8	0	0	-6	-6	13	13	-49	6	-1	-4	7	4	4	10	10	5	-25	12	3	0	10	-2	1	-2	-2	-5	-5	-1	-4	-17	-14	-14	13	-1	-1	2	20	3	4	1	0	-6	-6	-19	-7	6	0	0	3	-29	4	2	2	13	11	11	2	13	2	-21	30	30	-13	-8	-8	7	7	-1	-1	-12	25	-26	-26	7	-3	1	-39	-39	14	-8	9	-2	-2	3	3	3	3	-10	-10	14	-1	9	-8	-8	16	-2	-6	13	-13	28	0	22	9	-2	-2	-2	4	5	5	11	11	2	2	-10	-2	-2	0	11	-3	2	-5	-5	-14	-14	10	-9	-9	-14	-14	8	18	-29	2	8	8	16	5	5	
-21	-25	-25	-4	-4	11	3	1	16	16	3	0	-15	-15	-21	-21	6	0	-18	9	9	2	0	11	-16	-16	9	8	-5	-5	10	10	-20	-20	16	2	2	-18	-18	4	3	13	-17	-17	-2	-2	4	4	10	10	1	1	1	-11	-11	5	-14	16	16	-8	-8	-12	-1	-1	2	2	-16	-16	-5	17	-9	0	-13	1	1	15	15	7	-12	1	-1	-7	29	7	1	-14	-14	10	10	-5	-19	10	-15	-15	18	-6	-6	6	-6	-1	2	-17	1	-10	-10	3	-2	-4	-3	-3	10	-6	7	-1	-1	3	7	7	10	-8	-6	-1	0	0	1	-12	-12	1	1	0	-5	-8	12	-10	-10	-6	-12	10	-18	-18	2	0	-1	-1	-1	-7	-7	-4	-4	10	10	5	-1	12	-8	-8	-2	0	-4	5	3	-6	1	7	-2	-7	-7	-10	5	4	4	-6	-6	10	-2	-5	10	10	0	-4	-12	5	-7	-7	-2	-2	6	4	4	-10	-10	-2	16	-19	0	19	19	13	-1	-1	
-26	-9	-9	42	42	5	-9	-50	-2	-2	8	0	1	1	-3	-3	6	-44	11	-2	-2	15	-9	-13	26	26	14	-32	-16	-16	-36	-36	23	23	3	14	14	-5	-5	-42	27	34	-2	-2	-20	-20	0	0	-22	-22	23	-3	-3	-44	-44	24	8	19	19	-36	-36	-38	20	20	26	26	-6	-6	29	7	-3	18	21	-3	-3	-35	-35	7	-4	-2	-10	-12	-25	4	26	-40	-40	21	21	18	-37	1	6	6	-10	-14	-14	-10	-8	22	4	12	5	-18	-18	-1	-28	3	-2	-2	21	17	17	29	29	-15	-25	-25	4	-7	-28	-3	1	1	1	-44	-44	7	7	35	15	12	35	-23	-23	13	-2	-12	8	8	1	4	-49	12	12	12	12	-50	-50	40	40	12	12	20	-51	-51	20	-5	10	-10	-4	-4	21	-14	47	6	6	-42	-19	-8	-8	-21	-21	-9	-3	4	8	8	12	-20	-31	27	17	17	12	12	0	15	15	-7	-7	-32	2	-22	25	12	12	10	13	13	
-14	24	24	8	8	1	-7	-27	42	42	-8	-32	-26	-26	17	17	2	-33	-11	-20	-20	-5	-22	6	3	3	25	1	-9	-9	-15	-15	-15	-15	-26	19	19	-7	-7	-34	-18	36	15	15	-19	-19	13	13	-18	-18	-12	3	3	-5	-5	16	-28	-5	-5	-61	-61	40	5	5	34	34	14	14	7	12	-23	12	-13	29	29	-6	-6	-1	15	-57	-8	-5	-23	40	23	-10	-10	22	22	5	46	-8	-12	-12	-12	19	19	12	-25	-3	-23	11	-37	3	3	0	-14	-2	-3	-3	-1	17	41	28	28	1	15	15	-2	1	-42	-35	-25	-25	-2	-49	-49	6	6	29	-27	18	-17	-10	-10	13	-1	-6	8	8	2	-6	26	-14	-14	-59	-59	4	4	21	21	5	8	24	-17	-17	-8	2	-16	-2	-4	-17	-22	9	3	19	19	-6	-14	0	0	-1	-1	2	-8	7	-18	-18	-42	8	17	14	6	6	5	5	8	20	20	-9	-9	-8	17	6	-24	4	4	-4	16	16	
Trial:13
-48	61	-37	69	69	-27	-54	-4	38	38	-70	-70	25	-7	10	-56	-56	-13	3	93	93	-23	-23	-40	-64	19	19	19	6	-28	-78	11	11	36	36	-49	-49	9	-56	19	-102	-86	21	21	-55	7	-3	105	105	17	17	-2	-2	-74	-74	-13	-13	39	11	11	-5	-5	16	-41	16	-35	-12	16	-30	15	15	15	4	-22	-20	-24	11	11	11	8	21	21	9	-23	10	34	97	-27	-27	-22	10	-31	-31	5	5	61	-32	-32	-24	-24	24	5	-8	-70	-70	70	70	-51	-51	-38	-38	23	23	45	-39	-39	-5	-5	37	-27	-15	-15	8	8	-72	27	27	-15	-15	-15	17	56	56	-18	-18	-3	-82	-82	51	51	-11	-20	-20	-4	-74	-74	3	29	29	39	39	13	10	10	-82	-82	-20	-20	22	22	112	112	-20	1	1	-7	-14	-14	8	-17	-17	-9	-9	-6	8	8	2	2	2	24	-10	-10	-12	-12	-2	-4	-4	47	47	47	-33	3	-1	-11	-11	-6	-5	-1	13	-30	
-16	23	11	13	13	2	-3	0	3	3	-23	-23	16	-7	-9	0	0	-26	10	22	22	14	14	-2	-11	2	-5	-5	2	-9	-13	5	5	2	2	9	9	-3	-2	-3	-15	-9	-13	-13	8	5	-7	32	32	-4	-4	1	1	-20	-20	-7	-7	-1	-8	-8	7	7	-1	-2	3	-5	0	-3	-6	0	0	0	-4	0	0	0	-6	-6	-6	2	1	1	6	1	-1	2	8	1	1	0	1	-6	-6	-3	-3	6	-3	-3	-7	-7	3	0	1	4	4	-17	-17	24	24	-6	-6	-15	-15	-5	2	2	-5	-5	6	-6	2	2	-11	-11	4	1	1	4	4	4	-6	10	10	-4	-4	-2	-7	-7	10	10	-4	-7	-7	-2	-7	-7	1	-1	-1	3	3	5	2	2	-9	-9	-5	-5	-3	-3	11	11	-2	-8	-8	-4	-1	-1	3	-1	-1	-3	-3	1	2	2	0	0	0	1	-3	-3	-2	-2	0	-9	-9	3	3	3	-3	0	4	-3	-3	-2	1	-1	-3	-1	
-10	6	5	1	1	-2	-2	0	-2	-2	3	3	-10	-3	-2	-7	-7	-9	2	8	8	-5	-5	1	-5	-12	3	3	2	-6	4	0	0	12	12	-3	-3	4	-3	-1	3	-2	-1	-1	-2	0	-7	2	2	-2	-2	3	3	-1	-1	-3	-3	-3	-1	-1	-2	-2	1	-3	-1	-5	1	-1	-5	0	0	0	-4	1	-4	0	0	0	0	2	-2	-2	-1	3	-3	1	0	6	6	-3	-3	-4	-4	-3	-3	5	-4	-4	-7	-7	2	-1	0	2	2	-4	-4	3	3	-2	-2	0	0	-7	-2	-2	3	3	-5	2	-1	-1	-5	-5	1	0	0	2	2	2	-1	-3	-3	-1	-1	-1	-2	-2	1	1	-2	-5	-5	1	-5	-5	4	-2	-2	-5	-5	0	5	5	-5	-5	-2	-2	-2	-2	0	0	2	-5	-5	-4	-1	-1	3	3	3	-4	-4	4	-1	-1	-3	-3	-3	-3	-2	-2	-2	-2	1	-1	-1	-3	-3	-3	-1	-1	1	-2	-2	0	-1	0	-3	-1	
-10	4	9	-2	-2	0	-4	0	-7	-7	-4	-4	-9	-1	1	-3	-3	-5	2	8	8	-7	-7	1	-6	0	0	0	-2	-7	5	-3	-3	6	6	-2	-2	7	0	0	1	-4	4	4	-2	4	-7	-1	-1	-6	-6	0	0	1	1	-3	-3	-3	-5	-5	0	0	-2	-6	1	-2	3	-2	-3	1	1	1	-2	-2	-1	0	0	0	0	2	-1	-1	-1	4	-2	5	2	4	4	-4	-5	-2	-2	0	0	0	-1	-1	-2	-2	-1	-1	-4	1	1	-1	-1	2	2	-1	-1	-2	-2	-7	-2	-2	6	6	-4	3	2	2	-9	-9	-5	0	0	0	0	0	1	-1	-1	-3	-3	-1	-1	-1	4	4	0	-4	-4	0	-4	-4	3	-8	-8	3	3	-2	3	3	-2	-2	2	2	-9	-9	1	1	-3	-4	-4	-4	-2	-2	2	3	3	-6	-6	8	-2	-2	-3	-3	-3	-2	-3	-3	-1	-1	3	1	1	-6	-6	-6	-1	-3	-1	0	0	1	-1	2	-2	0	
-15	19	32	-15	-15	-23	5	-3	1	1	-47	-47	0	-15	-3	-26	-26	49	17	26	26	-32	-32	1	11	4	-8	-8	-35	-18	18	5	5	12	12	-28	-28	40	24	12	-8	17	5	5	-11	-5	-6	0	0	-10	-10	-7	-7	-23	-23	17	17	-2	-19	-19	4	4	-48	-20	13	7	5	-14	-25	9	9	9	20	-51	7	25	9	9	9	7	7	7	9	15	-29	22	12	22	22	-58	2	-4	-4	13	13	14	21	21	14	14	5	-11	-14	0	0	2	2	-2	-2	1	1	3	3	-15	-3	-3	23	23	1	17	6	6	-29	-29	-26	11	11	9	9	9	8	-3	-3	-4	-4	-7	3	3	-8	-8	4	-7	-7	1	-6	-6	2	-59	-59	25	25	5	2	2	-3	-3	10	10	-65	-65	25	25	14	2	2	-17	-16	-16	23	7	7	-52	-52	29	16	16	-38	-38	-38	20	9	9	6	6	18	9	9	-47	-47	-47	7	20	3	11	11	4	-9	17	-12	1	
-7	-11	35	2	2	10	-6	3	-1	-1	-12	-12	-40	4	-3	14	14	-3	-1	15	15	-1	-1	0	0	-5	36	36	-17	-14	7	-14	-14	9	9	-2	-2	10	6	-6	-21	-5	-2	-2	-2	4	-3	0	0	-15	-15	-4	-4	-10	-10	7	7	1	4	4	-3	-3	6	-15	-9	1	2	-4	-20	11	11	11	-12	-8	-4	7	12	12	12	9	-10	-10	-7	7	-4	9	2	6	6	-15	5	1	1	1	1	5	-6	-6	-14	-14	6	-3	-7	11	11	1	1	1	1	1	1	2	2	-13	2	2	6	6	-5	-2	3	3	-15	-15	-2	8	8	5	5	5	-1	-4	-4	0	0	-8	-1	-1	3	3	2	-2	-2	-6	-2	-2	6	-20	-20	11	11	-2	18	18	-4	-4	-3	-3	-16	-16	7	7	0	-6	-6	-6	-4	-4	6	8	8	-9	-9	15	-7	-7	-10	-10	-10	0	-7	-7	-6	-6	13	1	1	-10	-10	-10	24	-4	-12	-2	-2	-11	-7	3	-4	0	
-58	12	68	-3	-3	29	-40	6	-9	-9	2	2	-21	22	-22	12	12	14	12	55	55	-40	-40	-5	21	3	33	33	-12	-20	11	-16	-16	-8	-8	-8	-8	10	33	-30	7	11	-8	-8	-9	-1	-13	40	40	-94	-94	-22	-22	25	25	30	30	-10	48	48	-1	-1	13	-18	5	5	-5	1	-34	15	15	15	-26	4	-10	24	2	2	2	32	-32	-32	-24	13	17	33	-15	-9	-9	-12	11	31	31	13	13	8	5	5	-8	-8	-11	-1	-3	10	10	9	9	17	17	-14	-14	-15	-15	-67	-7	-7	32	32	-11	6	34	34	-1	-1	-8	1	1	-3	-3	-3	1	16	16	13	13	-25	-35	-35	7	7	18	-10	-10	-10	39	39	14	-38	-38	5	5	-18	44	44	0	0	17	17	-6	-6	2	2	15	-18	-18	14	-18	-18	3	12	12	-8	-8	12	-41	-41	18	18	18	-22	-7	-7	-14	-14	28	-20	-20	1	1	1	0	-8	-15	16	16	-11	-35	30	-10	14	
-42	-24	40	-36	-36	20	-24	43	27	27	-10	-10	9	18	-20	-14	-14	-43	22	28	28	61	61	-34	36	-42	108	108	14	-10	54	-56	-56	-45	-45	-20	-20	-15	-32	-61	-4	15	-55	-55	-24	-21	10	37	37	-33	-33	47	47	4	4	8	8	-20	15	15	-12	-12	14	17	10	-47	39	6	-17	-1	-1	-1	-21	-27	23	69	-6	-6	-6	3	-9	-9	-47	4	16	1	43	16	16	-99	0	31	31	2	2	62	7	7	27	27	39	-14	20	-55	-55	12	12	-13	-13	-3	-3	9	9	-42	-15	-15	-83	-83	15	4	22	22	-20	-20	-21	34	34	-3	-3	-3	12	6	6	-4	-4	13	-46	-46	4	4	14	-6	-6	-2	28	28	-23	3	3	6	6	-6	10	10	16	16	27	27	10	10	-35	-35	44	-26	-26	11	-5	-5	-6	6	6	52	52	-18	-42	-42	0	0	0	2	-17	-17	0	0	-23	-95	-95	48	48	48	-2	21	-2	-42	-42	-6	-15	22	20	-17	
Trial:14
-28	-10	-10	62	62	-77	-77	-34	-16	-16	-4	-4	-60	-60	102	102	15	5	-21	-29	-29	46	-9	87	87	-45	-45	-5	51	5	5	-37	-37	5	19	17	-7	-7	54	54	-89	-16	-16	-16	-99	-99	3	37	37	34	34	70	-1	-1	39	-109	-109	14	16	16	14	14	17	11	11	-22	-22	12	-1	-1	-13	-13	-13	9	-14	-14	8	8	15	16	16	-5	-5	-4	-9	-15	-15	4	4	0	-14	-5	13	13	8	4	-14	-18	-18	-26	21	33	33	-32	-32	-95	12	2	8	8	57	30	-21	24	24	-43	12	-7	77	-53	-53	-5	-5	-115	22	22	9	9	-16	-16	18	18	4	4	25	-1	-1	-104	-27	-9	-9	29	29	6	6	-10	1	32	-86	-86	-14	15	14	14	-7	69	14	46	46	42	42	-12	25	-75	-89	-89	18	12	54	54	36	36	-1	-9	52	-15	-15	3	3	-42	5	-49	53	-36	1	1	-12	-12	2	55	16	10	10	-43	-26	-14	-33	34	34	-2	
7	62	62	83	83	-1	-1	-15	-16	-16	-20	-20	1	1	-43	-43	21	-4	5	-29	-29	24	15	-11	-11	-11	-11	-5	55	7	7	-12	-12	-6	-3	34	52	52	-5	-5	-9	-8	-8	-8	-20	-20	8	13	13	-6	-6	-14	-1	-1	7	-16	-16	-1	8	8	13	13	52	-15	-15	-17	-17	-8	20	20	4	4	4	-10	8	8	-15	-15	-7	-12	-12	-11	-11	6	-3	-8	-8	5	5	-2	-1	-24	1	1	8	-5	-17	-11	-11	-5	22	12	12	-4	-4	-45	-3	4	5	5	18	-13	6	1	1	-6	-11	0	11	-14	-14	-9	-9	-8	48	48	1	1	-7	-7	0	0	-4	-4	-13	5	5	0	-12	0	0	3	3	0	0	2	0	1	-26	-26	-1	17	-2	-2	11	-20	-2	-1	-1	0	0	2	-2	4	7	7	-10	8	-9	-9	1	1	3	-12	7	5	5	-21	2	-6	5	-9	2	8	33	33	-13	-13	-2	3	-24	-6	-6	-15	5	-11	-4	31	31	-6	
1	-15	-15	25	25	-5	-5	4	-3	-3	-4	-4	-5	-5	-7	-7	5	3	0	-3	-3	-13	6	-5	-5	-3	-3	6	10	0	0	-18	-18	7	-5	5	-1	-1	0	0	-1	12	12	12	6	6	0	0	0	-5	-5	-9	-7	-7	5	12	12	-6	-6	-6	-14	-14	6	-7	-7	-5	-5	2	7	7	-3	-3	-3	0	-4	-4	1	1	-1	1	1	-3	-3	8	2	-5	-5	3	3	-4	1	-1	3	3	4	-5	-4	1	1	-15	0	-2	-2	2	2	0	0	-1	6	6	1	-4	-4	-6	-6	-1	-9	0	-3	-4	-4	0	0	-6	4	4	-3	-3	1	1	2	2	1	1	0	-5	-5	2	-3	-5	-5	-3	-3	5	5	-5	3	-2	-2	-2	1	-4	7	7	-2	7	2	-5	-5	-10	-10	1	0	-11	5	5	2	-1	-6	-6	-2	-2	2	-5	14	0	0	-5	0	-2	-2	1	-1	-6	1	1	-5	-5	-1	4	-11	2	2	1	3	-1	14	-1	-1	-3	
-1	-5	-5	8	8	-7	-7	4	-3	-3	-7	-7	-10	-10	0	0	-1	-1	3	-7	-7	-10	9	-3	-3	3	3	5	8	0	0	-1	-1	-1	0	0	4	4	0	0	-2	3	3	3	5	5	1	0	0	-3	-3	-12	-3	-3	5	4	4	-4	-1	-1	-1	-1	1	-3	-3	-7	-7	2	3	3	-8	-8	-8	1	-3	-3	2	2	-1	-4	-4	-4	-4	0	3	-3	-3	3	3	-1	5	-1	2	2	-3	3	-1	3	3	-4	1	-5	-5	-1	-1	6	-6	-2	-4	-4	-1	-5	-4	-1	-1	-4	-4	-1	-1	0	0	-3	-3	0	1	1	0	0	2	2	-6	-6	-1	-1	-6	2	2	2	-2	-4	-4	0	0	0	0	0	6	-1	0	0	0	-2	-2	-2	-4	3	8	-2	-2	-5	-5	0	1	-5	-1	-1	1	-1	0	0	-6	-6	-3	0	6	0	0	-5	2	3	1	0	-2	-3	-3	-3	-1	-1	2	4	-9	2	2	-1	3	-1	5	0	0	0	
-15	-2	-2	46	46	18	18	-24	-9	-9	-9	-9	-29	-29	1	1	-10	-5	-3	-32	-32	-41	10	-19	-19	22	22	25	14	-6	-6	-24	-24	5	5	-37	28	28	4	4	14	-19	-19	-19	39	39	5	28	28	1	1	-10	-9	-9	24	-9	-9	2	-7	-7	5	5	-20	5	5	-20	-20	5	16	16	-3	-3	-3	-12	-27	-27	13	13	11	-33	-33	9	9	0	13	-50	-50	16	16	6	7	14	8	8	-21	-3	0	10	10	-32	9	3	3	20	20	4	-32	-17	11	11	3	-4	-37	24	24	-27	-24	-38	-6	15	15	17	17	-12	7	7	19	19	24	24	-12	-12	-13	-13	-47	6	6	6	1	-6	-6	13	13	-22	-22	13	18	1	1	1	-4	11	-4	-4	1	2	13	11	11	-18	-18	8	12	-19	-16	-16	13	-40	0	0	0	0	-16	10	7	2	2	-22	12	9	1	13	18	-20	13	13	-4	-4	9	8	-42	4	4	8	6	9	18	-22	-22	13	
24	-2	-2	-2	-2	-2	-2	6	-10	-10	-9	-9	-11	-11	-29	-29	-7	-12	7	-7	-7	-12	26	1	1	14	14	1	2	-2	-2	-18	-18	3	15	-10	1	1	0	0	-2	1	1	1	7	7	7	-9	-9	-3	-3	-18	-3	-3	-20	2	2	-4	2	2	-6	-6	-4	-1	-1	-2	-2	11	11	11	-11	-11	-11	-6	-11	-11	0	0	0	4	4	-22	-22	-11	7	0	0	2	2	7	1	-1	-4	-4	5	8	-15	-3	-3	-8	2	11	11	-3	-3	5	19	9	2	2	-8	-3	0	4	4	-6	-12	-7	2	-7	-7	-4	-4	8	-1	-1	-2	-2	2	2	-2	-2	8	8	-9	1	1	4	-6	-12	-12	6	6	-11	-11	12	12	-4	-6	-6	-6	-5	4	4	-20	8	18	-3	-3	-8	-8	1	2	1	-4	-4	2	2	-16	-16	-4	-4	4	1	18	3	3	-9	-4	6	14	0	-5	-5	-6	-6	-7	-7	-4	0	-5	6	6	9	2	0	15	-7	-7	9	
21	20	20	45	45	-2	-2	0	-84	-84	-1	-1	-99	-99	31	31	18	-8	11	-12	-12	-2	14	-32	-32	23	23	2	4	14	14	-65	-65	14	-5	-17	-56	-56	-1	-1	3	-17	-17	-17	-12	-12	27	17	17	0	0	7	-17	-17	-101	2	2	-9	15	15	-23	-23	3	5	5	52	52	13	14	14	-1	-1	-1	-4	-49	-49	-42	-42	-15	36	36	-11	-11	-14	-6	-7	-7	-1	-1	21	22	-22	1	1	4	-4	-5	-22	-22	-11	-17	24	24	3	3	24	32	-5	23	23	26	14	7	35	35	-18	-3	-15	25	-39	-39	52	52	-35	-21	-21	-36	-36	2	2	-72	-72	41	41	-4	13	13	12	-22	-26	-26	14	14	5	5	34	24	8	-24	-24	-10	10	32	32	-20	48	13	-29	-29	-4	-4	34	6	3	-21	-21	-19	30	-14	-14	-10	-10	16	8	8	19	19	-77	-9	12	34	13	6	-20	-29	-29	-8	-8	-8	7	5	38	38	31	-32	-1	-3	-23	-23	-9	
-49	122	122	62	62	-36	-36	45	-23	-23	-94	-94	-52	-52	37	37	20	-39	-27	12	12	38	66	-15	-15	-61	-61	-18	63	21	21	-56	-56	-3	55	-24	-18	-18	-3	-3	-8	-44	-44	-44	-29	-29	11	46	46	-8	-8	10	-10	-10	24	-6	-6	-3	8	8	11	11	-7	12	12	54	54	40	-34	-34	-21	-21	-21	-18	-6	-6	20	20	-18	-15	-15	-1	-1	-20	11	-11	-11	-12	-12	-2	10	40	-3	-3	-16	-57	-13	30	30	-42	-39	26	26	-20	-20	-22	44	-6	-10	-10	4	13	21	42	42	-60	-3	-40	-18	-112	-112	65	65	75	21	21	-34	-34	11	11	-7	-7	-41	-41	-4	-27	-27	-101	41	-26	-26	14	14	11	11	0	27	10	-34	-34	-58	10	-8	-8	48	18	17	-4	-4	25	25	8	2	-42	27	27	45	50	10	10	-45	-45	-11	-31	28	11	11	-42	-68	-24	-8	-15	80	6	-72	-72	-19	-19	-8	9	53	18	18	39	-5	-33	14	17	17	-16	
Trial:15
-4	-15	-8	-7	15	15	2	2	4	-4	64	64	-16	-16	-16	-22	-9	2	2	13	-10	-15	-15	3	3	58	-19	-59	-38	-38	7	87	-73	-73	-5	-5	-6	-114	12	18	18	11	79	44	-20	-8	-8	-65	-35	12	10	10	53	53	-13	-4	-4	-5	5	5	-38	-17	-17	12	12	-11	-29	-29	14	14	10	0	0	20	20	-11	-16	11	-10	-10	-22	7	-6	14	-1	-1	1	-32	-1	-17	-17	12	12	-7	-7	2	1	-13	-14	-14	4	4	2	-9	1	2	2	7	16	9	9	-7	-7	3	10	-3	-2	-2	-1	1	-2	-2	9	11	-8	-6	-6	-6	-6	3	-1	-1	3	3	-8	-7	6	-10	-24	-24	-7	-10	-8	3	3	14	13	-7	-7	-2	-2	23	23	8	-17	-17	-16	-16	8	-9	-9	7	7	0	-9	86	86	-6	-6	-27	-5	63	-37	-37	-23	-7	-24	-8	-8	-11	-32	-33	-33	-32	-32	-10	4	13	17	17	19	19	3	3	-27	-27	3	-48	34	-9	
-13	-4	-2	-6	7	7	2	2	-2	-14	13	13	-5	-5	-10	-4	-6	6	6	-5	31	-4	-4	7	7	5	-7	-38	-4	-4	7	7	13	13	36	36	-15	-4	1	-3	-3	-12	-1	-18	-12	1	1	-8	-3	-1	0	0	4	4	-2	0	0	-3	3	3	-7	-11	-11	2	2	3	-7	-7	4	4	1	-3	-3	2	2	-2	1	1	-2	-2	-1	0	-18	-3	-10	2	1	-5	-2	-5	-5	0	0	-7	-7	-1	-6	-7	-3	-3	3	3	0	0	3	1	1	2	0	-1	-1	-2	-2	4	3	-2	-1	-1	1	33	-2	-4	4	-4	-9	-4	-4	1	1	3	-7	-7	-2	-2	5	-6	-8	-8	12	12	-8	-12	-3	1	1	-6	-14	-10	-10	-1	-1	6	6	0	-3	-3	-3	-3	3	-1	-1	-1	-1	2	-12	13	13	5	5	-7	-8	-18	0	0	-5	5	-4	1	1	-3	-1	-2	-2	-18	-18	-9	2	4	3	3	4	4	-1	-1	0	0	-2	-8	6	4	
-3	-20	1	5	3	3	-1	-1	3	-7	14	14	2	2	-2	-2	-7	-6	-6	0	-2	3	3	6	6	-4	3	-14	-5	-5	-3	-18	1	1	2	2	-6	2	-3	-3	-3	-14	6	-5	-5	0	0	0	-2	-2	6	6	0	0	-5	8	8	3	5	5	-11	-10	-10	-1	-1	2	-5	-5	1	1	-1	10	10	-3	-3	-2	-6	-1	13	13	2	-5	-2	-4	12	-6	2	-2	-22	-1	-1	2	2	-1	-1	6	-16	10	-10	-10	-7	-7	-2	-4	4	7	7	-2	-13	3	3	-4	-4	6	5	-22	3	3	4	10	8	10	3	-9	1	-4	-4	13	13	-10	7	-10	-5	-5	-3	31	-7	-3	2	2	-11	-9	15	15	15	-12	1	-4	-4	-8	-8	3	3	-6	-2	-2	1	1	8	-12	-12	9	9	0	-2	11	11	6	6	2	-7	4	-10	-10	-10	9	-21	-1	-1	-3	4	-2	-2	-2	-2	2	-6	2	0	0	1	1	-4	-4	-11	-11	0	-22	-15	6	
-3	-5	0	4	4	4	-3	-3	-7	1	5	5	3	3	-5	-2	-3	-4	-4	1	-1	-1	-1	4	4	-5	2	-7	0	0	0	-1	-1	-1	2	2	-4	-4	0	-3	-3	-3	4	-5	-5	-3	-3	1	-2	2	-2	-2	-5	-5	1	5	5	0	-1	-1	-3	-3	-3	1	1	0	-3	-3	-2	-2	-3	2	2	-6	-6	-2	-8	3	-2	-2	0	-1	-5	0	2	-4	3	0	0	-5	-5	-4	-4	-1	-1	2	-4	1	-1	-1	-1	-1	-3	-1	-3	2	2	-4	-2	2	2	-2	-2	2	8	-5	2	2	-2	1	-1	-4	1	1	-4	0	0	0	0	-3	5	-6	0	0	5	2	-3	-2	-5	-5	0	-4	2	-1	-1	-6	-5	-1	-1	-4	-4	-1	-1	1	0	0	-4	-4	8	-3	-3	2	2	-3	-2	5	5	-7	-7	1	-4	4	-2	-2	-2	-2	-7	-3	-3	-6	2	1	1	2	2	1	-3	-2	-2	-2	-1	-1	-2	-2	-5	-5	-1	-4	1	1	
2	-11	-4	8	3	3	-1	-1	-20	4	27	27	-9	-9	-12	-7	-5	-1	-1	1	-14	-16	-16	3	3	-5	-2	2	-1	-1	8	10	0	0	13	13	2	-4	-5	-22	-22	-7	26	-14	-5	-16	-16	-2	-23	9	-9	-9	2	2	11	19	19	8	0	0	-2	-18	-18	8	8	-11	-18	-18	-6	-6	-19	11	11	-7	-7	-7	-10	18	9	9	-5	-5	-16	-9	6	-1	-16	3	5	4	4	-33	-33	6	6	21	-12	22	6	6	-2	-2	-9	-4	-15	-2	-2	-8	-22	6	6	-7	-7	2	18	3	8	8	6	4	-5	-7	-4	-5	-15	7	7	38	38	2	1	-6	-12	-12	-3	0	-3	-5	-32	-32	9	-5	0	3	3	-13	-3	7	7	-11	-11	4	4	10	-4	-4	-11	-11	34	3	3	12	12	-26	2	-5	-5	-8	-8	12	0	6	-4	-4	0	-63	-12	-4	-4	-5	10	13	13	0	0	-11	1	-15	-2	-2	-5	-5	18	18	4	4	4	0	-3	-5	
7	-7	0	7	9	9	0	0	-13	-1	9	9	-6	-6	-23	-2	7	1	1	2	-8	2	2	1	1	-9	-4	-1	-2	-2	6	5	-2	-2	3	3	-5	-10	-2	-8	-8	0	3	-20	-6	-12	-12	7	-10	8	-2	-2	1	1	4	8	8	-5	-7	-7	4	-8	-8	7	7	0	-10	-10	2	2	-5	8	8	-5	-5	-17	-2	7	-3	-3	-3	-5	-8	-4	-1	-3	2	1	6	2	2	-7	-7	1	1	5	-4	0	-6	-6	-2	-2	-4	7	-5	1	1	-27	-8	0	0	3	3	0	11	0	5	5	0	-8	3	-6	12	-5	2	-6	-6	-5	-5	6	-3	-4	-2	-2	3	0	-2	-4	-12	-12	2	0	-2	3	3	-5	-13	-9	-9	-12	-12	1	1	8	6	6	-6	-6	2	5	5	0	0	-9	2	0	0	0	0	-3	0	5	1	1	-5	-9	-7	1	1	-2	9	3	3	-2	-2	-5	0	-7	-22	-22	-2	-2	4	4	0	0	8	4	6	-6	
24	-1	-9	-3	12	12	-11	-11	0	-7	13	13	-39	-39	-94	4	42	24	24	8	-8	20	20	15	15	-8	-33	-1	-7	-7	1	18	9	9	7	7	-13	-2	-10	-71	-71	11	26	-23	15	-5	-5	12	-18	0	0	0	0	0	-5	11	11	19	6	6	0	5	5	8	8	-3	-26	-26	-13	-13	-3	20	20	-1	-1	-21	-1	0	-6	-6	0	-2	-11	5	-9	5	-3	-4	2	-4	-4	-12	-12	-5	-5	0	9	2	-5	-5	-20	-20	-1	36	20	9	9	22	-28	11	11	33	33	0	2	-3	18	18	-14	5	-6	-4	14	-26	8	14	14	-1	-1	14	6	-13	8	8	48	10	-13	3	-24	-24	-17	-7	-9	-29	-29	-2	-13	-5	-5	-8	-8	-11	-11	-8	14	14	6	6	-30	26	26	-1	-1	-13	-44	-85	-85	35	35	6	29	13	11	11	-4	-10	-3	13	13	-4	-25	18	18	29	29	7	1	-6	-31	-31	-25	-25	-9	-9	-1	-1	-6	-3	35	8	
13	-13	15	-19	10	10	6	6	4	-16	86	86	-8	-8	-43	-30	-2	7	7	35	-15	-10	-10	-2	-2	-15	-23	-8	-8	-8	-19	53	12	12	3	3	-12	-1	6	-25	-25	-20	21	82	-37	11	11	5	-18	-10	7	7	9	9	-2	-14	-14	14	-11	-11	-54	15	15	20	20	4	-38	-38	7	7	8	7	7	14	14	-11	0	9	-4	-4	-17	16	-13	-1	-13	2	-6	-7	-5	10	10	-7	-7	-5	-5	-2	-6	-31	-5	-5	13	13	-5	15	7	11	11	28	7	60	60	0	0	-15	5	-12	5	5	-24	-20	-18	17	-21	-9	24	49	49	4	4	36	-87	-75	19	19	19	-6	5	-23	-29	-29	-6	14	-1	-37	-37	3	-11	-36	-36	6	6	12	12	40	23	23	-95	-95	26	38	38	-11	-11	-10	4	-21	-21	54	54	-11	-26	-3	-41	-41	-19	16	28	54	54	20	7	-42	-42	27	27	-8	-5	-14	-4	-4	26	26	-27	-27	0	0	-51	-6	6	-3	
Trial:16
44	-24	-32	-7	-10	10	28	-55	-49	-49	-65	-65	-66	-19	4	-17	-17	107	-128	-53	-53	90	90	-19	-13	36	-88	-88	-48	13	18	18	-9	-9	15	-36	38	38	-60	-7	-43	99	-83	25	25	-18	-15	-26	52	52	-43	1	4	4	-26	-26	78	6	-62	70	70	77	13	-31	-31	15	-91	-52	-10	-34	-14	-14	-15	-15	14	-99	-99	-6	-6	-6	-12	14	14	-18	-18	-4	3	3	3	8	8	-88	26	26	24	24	60	6	6	5	5	-5	-5	-39	-39	12	12	5	9	9	-2	-2	26	26	-5	-5	-55	-55	-3	16	16	25	25	5	6	6	-17	-17	2	18	3	9	24	24	-15	1	-11	13	13	-15	67	32	1	1	-34	-34	3	3	8	8	-1	-12	-5	-88	-88	-88	-37	20	20	27	27	20	20	4	23	22	22	-9	-10	-12	14	14	-24	-24	-27	-9	2	-8	-8	17	-2	24	4	4	5	5	-4	-4	54	54	-14	4	-4	-3	-3	-2	-6	-14	-4	44	
-4	0	17	2	2	20	33	-9	91	91	-33	-33	-9	-5	-24	5	5	-3	-24	-8	-8	-5	-5	-11	5	62	-42	-42	7	-16	-13	-13	-13	-13	-18	1	-10	-10	-25	-11	-45	31	-25	6	6	28	-18	2	-23	-23	-8	-8	7	7	-26	-26	16	14	-6	2	2	8	5	-10	-10	14	-20	-15	-6	-19	5	5	10	10	-5	-15	-15	-8	-8	10	-4	1	1	-24	-24	-11	-2	-2	-2	14	14	18	4	4	9	9	6	1	1	2	2	0	0	-11	-11	2	2	-7	1	1	-2	-2	-4	-4	16	16	-15	-15	-10	6	6	-4	-4	7	6	6	-2	-2	6	-9	31	6	-4	-4	-7	-1	4	19	19	1	10	-5	-11	-11	-11	-11	4	4	11	11	2	-19	-5	-14	-14	-14	-4	-19	-19	-2	-2	9	9	-1	-3	23	23	0	-1	-6	5	5	10	10	-4	-1	-10	6	6	-4	5	-12	0	0	-5	-5	0	0	7	7	-2	1	14	-5	-5	-1	-12	-8	0	12	
2	-5	7	5	-3	-2	3	-4	7	7	-6	-6	3	2	-4	6	6	17	-8	-9	-9	-3	-3	0	1	-4	-6	-6	0	2	-8	-8	-5	-5	-10	-5	3	3	-1	6	0	-3	-3	-19	-19	7	0	-2	-5	-5	3	4	-1	-1	-15	-15	4	0	-1	6	6	6	-2	2	2	-14	-2	4	-1	-2	-3	-3	0	0	-2	-5	-5	5	5	-2	0	1	1	-6	-6	-4	16	16	16	-2	-2	2	-4	-4	0	0	8	-5	-5	0	0	-1	-1	-3	-3	-6	-6	10	0	0	-1	-1	-9	-9	-1	-1	7	7	-5	-3	-3	-8	-8	-2	-5	-5	3	3	6	-4	7	2	-1	-1	-5	4	-2	0	0	-2	10	-3	1	1	3	3	0	0	-2	-2	-8	5	-1	-4	-4	-4	-4	4	4	-3	-3	4	4	-2	-3	0	0	3	-1	-12	5	5	5	5	-2	6	0	1	1	0	0	-1	-5	-5	-3	-3	-3	-3	-14	-14	2	-5	4	-4	-4	6	3	6	1	3	
2	-1	3	0	-3	0	-2	-2	-3	-3	-3	-3	2	-3	-4	3	3	8	-1	-5	-5	1	1	2	0	-4	-3	-3	-4	5	-2	-2	-3	-3	-2	-4	1	1	1	2	3	-2	-1	-6	-6	1	1	-1	-2	-2	1	2	-4	-4	-3	-3	0	-4	1	4	4	-2	3	1	1	0	-1	-4	0	0	-1	-1	-6	-6	-1	-3	-3	1	1	-2	-4	2	2	-3	-3	-1	5	5	5	0	0	-4	1	1	-1	-1	2	-1	-1	2	2	-3	-3	1	1	-8	-8	3	-1	-1	1	1	-4	-4	1	1	2	2	-3	0	0	-6	-6	-2	-1	-1	0	0	2	-1	1	-1	-1	-1	-3	2	-2	1	1	-4	4	1	3	3	0	0	-1	-1	2	2	0	4	-6	-1	-1	-1	-10	4	4	-3	-3	3	3	-1	-5	1	1	-1	0	-1	-1	-1	2	2	-5	4	3	-1	-1	-2	-2	0	-3	-3	0	0	-1	-1	-4	-4	-2	-2	1	1	1	-1	1	1	2	1	
-6	1	21	2	1	12	-11	-7	-8	-8	-8	-8	5	-5	-30	16	16	1	-1	-1	-1	11	11	2	-2	4	10	10	-4	9	-22	-22	6	6	1	0	-6	-6	6	-1	8	-6	-4	-7	-7	9	7	-3	-11	-11	0	-8	-17	-17	-1	-1	6	1	18	1	1	-2	-2	-2	-2	22	6	-2	-2	-2	-10	-10	-26	-26	-2	-6	-6	4	4	-27	-17	9	9	3	3	5	-3	-3	-3	7	7	-8	5	5	-22	-22	4	7	7	-8	-8	10	10	0	0	-21	-21	9	4	4	-2	-2	-2	-2	4	4	4	4	-23	5	5	-9	-9	5	7	7	8	8	3	4	8	3	-2	-2	-7	6	12	-3	-3	-10	0	-6	-4	-4	3	3	3	3	10	10	6	5	-2	-3	-3	-3	-27	-2	-2	-2	-2	3	3	2	-7	2	2	-8	5	4	-2	-2	2	2	-16	2	24	5	5	-10	-3	-2	-29	-29	4	4	4	4	-3	-3	4	-3	5	3	3	-26	1	10	7	2	
-5	0	2	1	-6	6	-11	-5	-5	-5	-8	-8	7	1	-8	3	3	4	-2	-3	-3	2	2	-7	-4	-3	-4	-4	2	11	5	5	-9	-9	-4	-10	2	2	-4	6	3	-2	1	0	0	2	6	-7	-9	-9	-2	-2	-3	-3	-1	-1	0	-2	5	4	4	-2	1	4	4	-2	3	-1	-3	2	-4	-4	-10	-10	3	-3	-3	-1	-1	-2	-5	-1	-1	-1	-1	5	-10	-10	-10	0	0	-7	10	10	-2	-2	8	2	2	-1	-1	1	1	-11	-11	-6	-6	5	3	3	-4	-4	-2	-2	-12	-12	7	7	-7	-5	-5	2	2	9	1	1	-4	-4	1	3	1	-5	-3	-3	-2	7	8	-1	-1	-5	4	5	-3	-3	-4	-4	2	2	1	1	0	2	-3	-5	-5	-5	-10	-2	-2	-1	-1	1	1	4	-1	-8	-8	-4	-2	9	0	0	1	1	-4	-1	4	-4	-4	-2	1	4	-4	-4	1	1	0	0	0	0	0	-8	0	2	2	-4	-8	1	6	-2	
1	-2	5	-2	-2	14	-15	-2	-9	-9	-12	-12	15	38	1	-16	-16	-5	14	-11	-11	20	20	-23	-16	-11	-2	-2	25	12	29	29	-36	-36	-3	-23	-21	-21	-15	26	21	-5	25	-9	-9	20	11	14	-11	-11	9	5	-16	-16	-29	-29	-3	6	3	9	9	6	4	-1	-1	-18	-8	27	-64	26	-38	-38	5	5	-35	8	8	7	7	8	4	-26	-26	26	26	7	-50	-50	-50	-11	-11	16	7	7	39	39	6	3	3	-7	-7	2	2	-29	-29	5	5	3	-3	-3	2	2	-11	-11	-47	-47	11	11	-1	-12	-12	18	18	26	0	0	1	1	-1	-5	-8	-34	-9	-9	5	26	29	3	3	20	20	11	-3	-3	15	15	-8	-8	-52	-52	28	17	1	-18	-18	-18	-4	13	13	-18	-18	-14	-14	24	23	-70	-70	-20	2	24	15	15	18	18	23	-48	-21	14	14	7	-5	16	-11	-11	4	4	-3	-3	-15	-15	23	-7	-3	3	3	-7	-10	4	9	12	
11	-10	-12	-15	-19	10	19	-14	-44	-44	-6	-6	11	6	0	16	16	22	-14	-18	-18	5	5	-67	-31	19	-4	-4	9	-4	5	5	46	46	-16	19	20	20	9	4	-15	-42	1	-16	-16	-11	13	-13	42	42	-10	-17	2	2	-15	-15	3	9	-31	20	20	-1	2	27	27	-15	-8	-9	-20	5	-11	-11	3	3	85	-38	-38	-7	-7	-12	-17	-9	-9	-3	-3	15	-47	-47	-47	1	1	37	7	7	-34	-34	-16	3	3	-3	-3	-1	-1	-69	-69	21	21	33	6	6	22	22	23	23	-24	-24	63	63	-13	-40	-40	-22	-22	8	0	0	-13	-13	23	-3	-8	-22	4	4	18	0	-13	9	9	13	2	2	-12	-12	12	12	-12	-12	-7	-7	-1	-21	9	9	9	9	-13	8	8	-8	-8	-17	-17	35	57	-48	-48	-5	-10	0	-4	-4	-2	-2	8	-3	3	2	2	11	2	-23	0	0	50	50	-15	-15	25	25	0	11	-42	-22	-22	-14	0	11	-5	3	
Trial:17
92	92	-18	-18	-82	-6	-6	27	27	-5	27	27	121	121	-16	17	17	17	16	16	-66	-7	-7	-6	-6	6	-17	-16	-16	-12	-12	-5	-14	-14	-59	-59	-15	2	127	2	-52	53	-24	50	50	-43	-43	-67	63	-40	127	127	-105	-128	-37	-30	25	25	-85	-85	18	0	34	21	24	24	16	-26	-26	6	6	34	2	3	3	-18	-18	-86	-2	18	4	4	30	17	29	29	-4	-4	-32	-1	-7	6	6	-1	-10	-9	-9	8	8	8	10	14	9	32	-1	-11	81	-14	19	19	-12	-22	-11	-11	-14	-14	-14	8	6	-23	-23	0	2	-6	2	2	2	40	7	-7	4	-14	-10	-4	5	11	-15	-15	-3	7	-12	28	28	-1	-1	-3	16	-37	-37	-2	-2	3	8	8	11	11	-7	15	-6	8	8	-22	0	-7	11	11	9	9	12	12	-26	-26	-13	1	-3	6	6	-11	14	19	19	-18	-18	-12	5	5	10	10	10	5	5	2	2	4	-9	-3	-16	-1	-3	-3	
52	52	-57	-57	-80	-21	-21	-41	-41	-32	22	22	49	49	7	-19	-19	-19	37	37	34	-19	-19	-45	-45	-43	-26	-59	-59	-57	-57	65	-17	-17	105	105	92	-70	-27	24	14	8	-40	-50	-50	-17	-17	-57	1	-16	8	8	-15	-5	-4	2	6	6	40	40	-30	-43	-8	8	41	41	-28	-43	-43	-12	-12	14	-9	3	3	-25	-25	-28	10	-14	-6	-6	-2	72	13	13	6	6	-23	28	-2	49	49	-9	32	-23	-23	-19	-19	13	-4	-22	23	-21	0	14	-11	-35	26	26	2	12	-16	-16	16	16	23	-9	-39	-29	-29	-33	-21	-10	33	5	5	-35	40	14	-8	3	17	-6	-26	22	-1	-1	-9	6	-2	85	85	-26	-26	17	12	-27	-27	3	3	-33	-15	-15	-3	-3	-6	8	-8	0	0	-5	-18	0	3	3	-5	-5	16	16	3	3	-7	39	-5	-2	-2	-27	-20	1	1	42	42	-32	3	3	-9	-9	-3	11	1	-22	-22	4	-21	35	7	-41	45	-13	
7	7	-7	-7	-7	-1	-1	-7	-7	-4	1	1	-7	-7	0	9	9	9	17	17	-5	4	4	-7	-7	-5	1	-11	-11	-5	-5	-8	-3	-3	6	6	-5	-6	6	1	0	2	-6	-5	-5	4	4	-1	1	-4	3	3	-1	11	-3	2	1	1	-5	-5	-10	-6	10	7	-6	-6	-1	-6	-6	-3	-3	3	-6	-2	-2	-16	-16	8	-6	-1	-6	-6	5	-3	2	2	3	3	-5	1	2	1	1	-5	3	-3	-3	-1	-1	7	2	1	3	-6	-2	-29	2	-2	5	5	3	-2	0	0	2	2	-10	-4	0	7	7	2	0	1	-5	2	2	-9	-2	-2	1	6	3	-13	-2	7	8	8	-1	-5	1	16	16	3	3	-1	-1	-5	-5	-3	-3	-3	9	9	-1	-1	-13	5	-4	-5	-5	-6	6	-5	-2	-2	-4	-4	0	0	6	6	13	-6	-6	0	0	-5	-3	2	2	-1	-1	-5	-3	-3	2	2	-5	1	0	-9	-9	1	-8	-3	-1	-15	1	7	
0	0	-4	-4	-5	2	2	-2	-2	-1	1	1	-5	-5	1	5	5	5	1	1	-1	2	2	-1	-1	-1	0	-3	-3	-1	-1	-8	-1	-1	-1	-1	-3	2	0	-4	1	-1	1	-1	-1	1	1	1	-1	-4	4	4	-2	-2	4	-3	-2	-2	-5	-5	-7	-2	2	2	-1	-1	3	-4	-4	1	1	0	-1	-3	-3	-4	-4	-2	-5	2	-2	-2	1	-2	-1	-1	1	1	-2	0	0	-3	-3	-1	0	-1	-1	0	0	0	-1	2	-2	-1	1	-4	0	-5	-1	-1	-1	-2	-1	-1	0	0	-3	0	1	2	2	1	0	-3	-2	6	6	-8	-2	0	3	1	3	-3	-4	-1	-1	-1	1	-2	2	-2	-2	0	0	0	-1	2	2	-2	-2	-1	2	2	-1	-1	-4	-2	-3	-3	-3	-4	0	-4	2	2	-1	-1	1	1	-3	-3	1	-3	-1	1	1	-5	-3	1	1	-2	-2	-2	-6	-6	1	1	2	1	-1	-1	-1	-2	-6	-4	-1	-4	2	4	
-2	-2	-2	-2	-8	2	2	2	2	3	0	0	-6	-6	0	2	2	2	-2	-2	0	5	5	1	1	-2	6	-5	-5	0	0	-5	-1	-1	-6	-6	0	5	-6	1	4	2	-1	3	3	0	0	4	-7	-6	5	5	-25	-1	19	-5	-2	-2	-7	-7	-6	0	-3	9	2	2	4	1	1	6	6	-2	1	-8	-8	-2	-2	-6	-12	3	1	1	-5	10	-1	-1	-4	-4	-2	10	-5	-3	-3	-10	12	-3	-3	-6	-6	3	-10	2	-12	-6	10	-2	1	-6	-1	-1	-5	-3	-3	-3	0	0	4	-5	-4	6	6	1	-4	0	-7	1	1	-9	-9	4	7	1	2	-1	-4	-1	2	2	1	-2	1	-7	-7	-1	-1	12	-6	7	7	-1	-1	4	0	0	2	2	-2	-4	-3	-7	-7	-6	-1	-1	5	5	-2	-2	0	0	-9	-9	-2	-1	2	1	1	-3	-4	-4	-4	-1	-1	-4	-11	-11	5	5	3	2	2	0	0	3	-3	-12	1	5	-1	2	
1	1	-3	-3	-2	2	2	0	0	0	-2	-2	0	0	0	-1	-1	-1	3	3	-6	6	6	1	1	2	3	-5	-5	1	1	-7	-2	-2	-6	-6	-8	1	-3	4	10	2	1	-5	-5	3	3	9	8	-7	1	1	-8	2	8	-3	1	1	-10	-10	-7	-2	3	12	2	2	3	-1	-1	6	6	-9	1	-1	-1	-3	-3	-1	-7	2	-4	-4	-2	-7	-4	-4	0	0	3	-2	-1	1	1	2	3	-9	-9	4	4	0	-9	4	-2	-14	6	2	-10	0	1	1	-7	-9	-4	-4	-1	-1	5	-15	-1	-2	-2	3	2	0	-5	-1	-1	-5	-6	-4	4	6	3	5	3	-4	5	5	-3	-1	-1	-1	-1	1	1	7	-6	3	3	-5	-5	0	-1	-1	3	3	1	3	-5	-3	-3	-10	-2	1	5	5	5	5	-1	-1	-12	-12	7	2	-1	5	5	4	-6	-10	-10	-3	-3	-7	-14	-14	4	4	2	-1	0	2	2	4	-4	-14	-3	6	-2	5	
36	36	9	9	-17	-26	-26	-30	-30	13	24	24	-30	-30	24	-37	-37	-37	17	17	11	17	17	9	9	-19	4	2	2	2	2	-6	-18	-18	13	13	1	6	13	35	11	25	18	-29	-29	-29	-29	28	28	9	-62	-62	0	-3	0	-1	9	9	-8	-8	7	-23	18	11	22	22	20	9	9	-17	-17	-7	19	18	18	-8	-8	-12	-12	-13	-28	-28	14	-31	-2	-2	28	28	2	16	2	10	10	0	-4	-14	-14	5	5	6	-3	-3	-19	-48	19	1	-39	19	16	16	-43	2	17	17	-35	-35	22	-54	3	28	28	6	22	-2	7	-13	-13	-43	-4	-23	-2	1	13	17	6	11	10	10	7	15	-4	5	5	-13	-13	19	-11	9	9	-15	-15	-4	3	3	14	14	6	13	-14	1	1	-24	-21	-5	18	18	23	23	3	3	-27	-27	4	11	4	27	27	21	-31	0	0	-14	-14	-7	-47	-47	-3	-3	2	-16	-1	6	6	5	25	6	4	-2	-19	9	
-83	-83	93	93	-16	-25	-25	-45	-45	26	21	21	-1	-1	22	8	8	8	32	32	14	-17	-17	-6	-6	8	28	9	9	54	54	32	-21	-21	-45	-45	-38	21	-20	13	-9	-12	-11	0	0	51	51	-7	57	8	57	57	49	-128	-9	-3	19	19	-37	-37	-86	27	39	7	42	42	7	-5	-5	-28	-28	29	8	25	25	-4	-4	-28	34	-1	-55	-55	30	-7	23	23	74	74	-6	3	-33	-7	-7	42	-19	2	2	5	5	46	8	25	-23	-75	-1	2	61	5	16	16	-16	-65	19	19	-18	-18	12	-31	-19	14	14	-15	14	15	40	-12	-12	44	-44	-20	3	-21	5	23	65	37	-17	-17	-40	-8	-8	35	35	-11	-11	28	-24	12	12	-32	-32	7	5	5	3	3	-9	-59	-4	-71	-71	6	-1	-83	25	25	23	23	27	27	14	14	11	22	12	-19	-19	-7	18	16	16	-13	-13	28	-61	-61	-43	-43	30	-17	20	-22	-22	21	-13	23	-7	4	-26	17	
Trial:18
0	0	-8	-1	-11	-25	-25	5	3	28	8	4	-6	7	1	7	18	18	-10	20	-31	12	-3	-3	2	-25	8	12	12	-1	-1	7	-10	-5	-4	4	4	1	2	2	13	13	6	-29	-29	9	-5	-5	-7	3	3	0	0	14	-2	23	23	-2	-2	-15	-9	1	28	28	-35	5	-16	-14	-8	12	12	-20	-20	5	-15	-8	-3	-3	38	38	-13	2	-17	-9	-9	7	-12	-8	27	27	0	-3	2	2	3	-1	-29	-68	31	-19	-19	49	-44	-29	-6	-19	7	7	10	10	-30	-30	-17	1	-25	-25	5	5	58	58	12	-16	-16	-37	-37	-16	-2	-2	3	3	-2	-2	-1	-1	23	23	-23	15	15	15	-28	-28	16	-24	-24	-11	-11	-46	-46	-16	-16	32	32	22	13	13	4	4	-32	-32	12	12	14	14	-4	24	-18	-18	12	-3	33	-10	-8	-18	-18	-13	10	2	-2	-2	-13	-13	7	23	-8	-8	7	7	-8	-8	-10	-10	1	1	7	-5	-5	-6	-23	12	
-3	-3	14	7	-18	0	0	-2	-7	4	6	12	2	-7	-12	0	4	4	22	11	-11	1	-11	-11	1	2	0	7	7	-9	-9	17	0	-17	-7	7	7	0	-6	-6	-1	-1	26	-22	-22	-1	-6	-6	-4	33	33	-15	-15	-5	-8	24	24	-2	-2	-7	-17	-17	-17	-17	1	-6	-5	-7	0	1	1	-2	-2	-6	-13	-3	-2	-2	5	5	-4	-20	-10	6	6	-12	-30	26	90	90	13	-42	-68	-68	-4	-17	-7	-78	21	-35	-35	-7	-75	-17	50	-21	41	41	4	4	8	8	-33	3	-10	-10	-26	-26	59	59	15	-51	-51	-22	-22	-5	-28	-28	62	62	-48	-48	-11	-11	40	40	-1	-24	-24	-24	48	48	-21	-66	-66	-28	-28	23	23	10	10	-10	-10	1	-37	-37	21	21	43	43	-14	-14	-3	-3	-34	-72	-32	-32	9	14	24	-21	1	-7	-7	6	11	-8	-19	-19	-22	-22	-17	72	-9	-9	-14	2	-14	-14	-13	-13	-14	-14	3	7	7	15	-22	-6	
-3	-3	17	4	-2	2	2	-2	-2	-2	-1	8	8	-2	-4	-1	-6	-6	0	4	-8	-2	-3	-3	-4	-8	10	-2	-2	2	2	-2	-2	-2	-5	4	4	14	2	2	-9	-9	-5	-3	-3	-2	-20	-20	-1	0	0	-2	-2	-16	-3	4	4	8	8	-2	-10	-1	-4	-4	4	0	2	-1	-3	2	2	0	0	-6	-3	0	-3	-3	-17	-17	4	2	-14	3	3	-5	-8	-5	11	11	13	-4	-4	-4	7	-11	-1	5	-3	1	1	-12	2	0	-2	-5	7	7	-4	-4	8	8	-16	4	4	4	-3	-3	4	4	2	-15	-15	7	7	1	-8	-8	-2	-2	-11	-11	18	18	5	5	4	2	2	2	11	11	-2	-23	-23	1	1	-4	-4	4	4	-10	-10	-6	8	8	-1	-1	5	5	0	0	-5	-5	-1	-9	-11	-11	7	-7	0	-2	-4	-3	-3	1	7	-17	4	4	-4	-4	-6	4	1	1	6	-12	-14	-14	4	4	10	10	-7	1	1	8	8	-5	
-1	-1	-2	3	-3	1	1	-1	-1	-3	-1	4	-1	0	0	2	-1	-1	-3	0	-2	-3	-1	-1	-4	-2	-3	-3	-3	5	5	0	-3	-3	-4	1	1	-2	0	0	-1	-1	-2	0	0	-4	-2	-2	-6	2	2	-1	-1	0	-1	-4	-4	4	4	0	-3	0	-1	-1	-1	-2	1	-2	-3	-1	-1	-2	-2	0	-3	-3	-2	-2	0	0	-1	-1	-4	0	0	-4	-4	-5	-1	-1	6	0	-4	-4	2	-2	1	2	-3	1	1	-11	0	0	0	-2	4	4	-3	-3	0	0	-5	2	-4	-4	0	0	1	1	-1	2	2	2	2	6	2	2	-5	-5	1	1	-1	-1	-1	-1	4	-1	-1	-1	-5	-5	-4	-3	-3	-2	-2	0	0	3	3	-4	-4	-3	-1	-1	1	1	0	0	-1	-1	-2	-2	-4	-4	3	3	0	2	-4	-3	0	-2	-2	-2	3	-7	-1	-1	0	0	0	-2	2	2	0	2	1	1	1	1	0	0	-4	1	1	0	1	1	
0	0	-4	4	1	6	6	1	1	-8	1	1	0	3	-3	-2	1	1	-8	4	-1	-7	-1	-1	0	-1	-2	-8	-8	6	6	4	0	-1	-6	-2	-2	-3	-4	-4	5	5	-9	3	3	-4	-1	-1	-1	1	1	-2	-2	7	-5	-4	-4	6	6	1	0	0	-3	-3	-2	-1	-7	-1	-7	2	2	-5	-5	1	0	-5	-1	-1	2	2	-6	-1	-3	-4	-4	-7	-6	-5	5	5	5	8	-2	-2	-2	1	2	4	-2	6	6	-8	-6	-8	0	3	2	2	-11	-11	6	6	-7	6	-7	-7	3	3	-3	-3	13	5	5	-2	-2	14	1	1	-14	-14	0	0	-6	-6	-13	-13	7	6	6	6	-1	-1	-7	-1	-1	-5	-5	-3	-3	2	2	-2	-2	-2	0	0	7	7	1	1	-11	-11	1	1	-1	-4	1	1	-2	1	-7	-4	2	-6	-6	-1	0	-7	1	1	4	4	2	0	3	3	-1	1	7	7	1	1	-6	-6	-5	2	2	-4	4	1	
-2	-2	-2	-11	0	24	24	4	11	-14	3	0	5	3	13	-6	-2	-2	-13	9	4	1	-9	-9	0	-12	7	-16	-16	21	21	4	-2	-2	-6	-3	-3	-12	-2	-2	7	7	-4	3	3	-5	-7	-7	-5	-1	-1	0	0	9	-8	-6	-6	3	3	9	3	-4	-6	-6	0	9	-4	-11	-1	8	8	-7	-7	-7	-5	-5	19	19	-4	-4	-6	-2	-2	-7	-7	-11	-4	-5	3	3	4	11	-4	-4	4	-1	-3	-5	-4	3	3	-4	-2	-5	-6	10	6	6	-31	-31	4	4	-15	6	10	10	3	3	-1	-1	30	-12	-12	-7	-7	14	1	1	-19	-19	0	0	-3	-3	-11	-11	3	5	5	5	2	2	-4	-7	-7	-4	-4	-5	-5	7	7	-4	-4	-2	-14	-14	8	8	7	7	-7	-7	2	2	-3	-4	3	3	0	2	-12	-7	4	-6	-6	0	2	-8	3	3	4	4	4	7	1	1	-3	3	2	2	-7	-7	-4	-4	-2	7	7	7	0	-1	
-24	-24	-4	0	-7	-42	-42	4	11	-8	12	13	-13	-1	3	8	3	3	-10	-8	-2	5	-57	-57	24	-19	3	-22	-22	19	19	10	5	18	-21	4	4	-12	19	19	0	0	-8	7	7	-7	-15	-15	3	-28	-28	-42	-42	24	16	6	6	6	6	14	18	12	-7	-7	-5	13	-3	-18	-16	2	2	4	4	-49	8	10	4	4	12	12	7	8	15	3	3	-1	-2	-27	7	7	23	-27	10	10	7	-28	-29	-4	-1	1	1	-38	-12	12	-39	17	36	36	-26	-26	-6	-6	-12	-4	40	40	-14	-14	16	16	2	7	7	-1	-1	-7	-15	-15	-3	-3	-4	-4	-13	-13	1	1	-26	12	12	12	10	10	-8	-14	-14	11	11	-44	-44	51	51	-1	-1	6	-48	-48	-7	-7	19	19	-8	-8	3	3	-13	-8	41	41	3	36	-21	-15	-1	11	11	-1	40	-2	2	2	-3	-3	13	10	-17	-17	6	31	-7	-7	-72	-72	15	15	11	-18	-18	42	-10	31	
3	3	24	9	-39	-20	-20	48	9	5	3	-3	-6	-14	89	14	-14	-14	23	27	13	-18	-35	-35	0	-52	-3	-10	-10	5	5	17	-7	-12	6	6	6	-23	11	11	46	46	-6	-46	-46	-26	3	3	-13	29	29	-7	-7	-31	2	-7	-7	-15	-15	-15	13	-14	-28	-28	-21	-8	53	-15	-3	-6	-6	-1	-1	-16	-18	-18	-50	-50	49	49	18	12	18	-6	-6	0	4	31	-23	-23	23	-22	-1	-1	-24	7	46	-34	12	-23	-23	-55	-2	103	-49	6	-9	-9	-47	-47	16	16	15	0	-7	-7	-19	-19	-7	-7	17	-55	-55	19	19	-1	-8	-8	13	13	-8	-8	-3	-3	-22	-22	-3	-40	-40	-40	29	29	-12	-18	-18	-13	-13	-33	-33	49	49	25	25	0	10	10	36	36	-7	-7	-54	-54	-29	-29	36	-12	-9	-9	41	32	-57	-23	11	7	7	-5	-3	16	39	39	8	8	-22	-53	19	19	25	-22	-27	-27	-25	-25	31	31	7	-29	-29	-4	-8	4	
Trial:19
-35	-35	18	18	60	-3	-45	30	30	-69	96	17	7	7	37	-13	-89	-89	-3	-3	-7	-15	34	37	37	-8	-49	-18	-18	74	74	3	3	-12	4	4	-118	-118	35	82	-57	-57	-38	-38	55	12	12	-13	-13	-67	-90	32	32	13	13	42	-56	-56	-5	-5	4	-50	-50	24	24	-23	-69	20	20	2	2	13	12	12	4	-22	-22	15	-35	-35	19	19	83	-34	27	-16	12	12	-4	6	4	-8	-8	-11	3	4	78	78	78	-2	-2	-49	-54	-54	-65	-21	-27	83	83	-17	30	36	36	-6	-6	29	29	-19	-6	-32	-32	-29	-29	8	-44	-44	44	44	-47	48	48	23	23	-19	67	67	67	-4	-44	-37	-10	-10	31	31	1	-59	-59	15	-76	-76	58	-62	-62	-25	-25	-13	69	69	69	-12	-12	31	3	3	-6	-6	13	-16	-16	18	-47	29	-13	-10	19	-17	-17	2	28	1	-7	2	13	11	-1	-1	48	48	3	4	-42	-8	-8	5	5	4	-37	-2	-2	6	
-17	-17	1	1	-57	-18	11	-2	-2	33	16	2	22	22	38	-33	-25	-25	36	36	41	-5	28	-9	-9	-24	-15	-11	-11	-4	-4	-46	-46	-26	0	0	-18	-18	34	-3	51	51	-19	-19	-11	-22	-22	-1	-1	-45	-10	54	54	-24	-24	-26	46	46	-33	-33	-14	-121	-121	3	3	-24	-27	112	112	-22	-22	-1	6	6	-15	14	14	20	-45	-45	-5	-5	-2	7	20	38	16	16	-7	-44	-10	-3	-3	-6	16	-7	3	3	3	-16	-16	14	-80	-80	-32	-14	15	35	35	13	56	-15	-15	-26	-26	53	53	-2	-9	-8	-8	-3	-3	-8	-27	-27	-19	-19	11	13	13	1	1	5	-1	-1	-1	9	5	9	21	21	-43	-43	-13	-37	-37	41	-10	-10	10	24	24	-1	-1	-3	24	24	24	11	11	-16	-10	-10	-26	-26	50	-15	-15	-32	-3	-6	-1	-22	2	-22	-22	8	13	-11	-25	-20	-3	6	6	6	9	9	6	6	1	-2	-2	0	0	-3	-6	-3	-3	1	
-7	-7	-2	-2	-6	-1	-4	11	11	4	-7	-4	8	8	-2	-1	-5	-5	-4	-4	2	-5	-8	-1	-1	-4	-4	-5	-5	1	1	4	4	-6	-10	-10	4	4	-2	-3	4	4	0	0	3	-4	-4	4	4	3	-1	4	4	-3	-3	-7	5	5	1	1	-8	-9	-9	4	4	-3	-5	7	7	-6	-6	3	4	4	-6	4	4	2	-6	-6	-4	-4	-1	-1	0	5	7	7	-5	3	-2	-4	-4	-2	0	1	-1	-1	-1	-2	-2	3	-16	-16	-2	-11	5	2	2	1	3	-4	-4	-7	-7	-1	-1	0	7	-8	-8	7	7	4	-11	-11	2	2	0	6	6	-3	-3	-7	-12	-12	-12	15	-8	3	-12	-12	-1	-1	3	-4	-4	2	-16	-16	6	5	5	-2	-2	-1	8	8	8	7	7	9	-1	-1	-1	-1	4	-5	-5	-5	-4	1	-4	-1	-5	2	2	-6	3	-8	1	2	1	1	1	1	4	4	2	1	-4	0	0	-3	-3	-20	-4	-4	-4	-5	
-6	-6	-2	-2	-2	2	-1	7	7	3	-1	-6	5	5	0	-1	-3	-3	-5	-5	-2	0	-8	-5	-5	2	-1	0	0	1	1	6	6	-6	-1	-1	4	4	-2	-3	-1	-1	-2	-2	1	-5	-5	2	2	-5	0	-2	-2	-1	-1	-3	0	0	1	1	0	-6	-6	3	3	-4	-4	3	3	0	0	0	2	2	-11	6	6	0	-10	-10	-5	-5	4	0	-3	6	1	1	0	2	0	-2	-2	-2	2	0	-1	-1	-1	0	0	0	-5	-5	0	-9	0	0	0	2	-4	-1	-1	-8	-8	-2	-2	4	7	-5	-5	-4	-4	8	-7	-7	-1	-1	-7	6	6	-1	-1	-5	-2	-2	-2	7	-7	4	-8	-8	0	0	0	-2	-2	1	-2	-2	-4	0	0	-1	-1	-2	2	2	2	7	7	-3	-3	-3	1	1	-1	1	1	-8	0	2	-5	-1	2	-2	-2	-2	-1	-6	2	2	4	-1	0	0	-2	-2	1	2	-3	-2	-2	-3	-3	-4	0	-3	-3	-4	
0	0	10	10	5	-1	-18	23	23	11	-12	6	13	13	-6	-4	1	1	-10	-10	-2	4	-16	-33	-33	17	1	21	21	6	6	13	13	-4	4	4	-17	-17	4	-2	-4	-4	-3	-3	0	-6	-6	9	9	-13	7	-24	-24	20	20	-7	0	0	6	6	3	-6	-6	14	14	-15	-4	2	2	0	0	14	9	9	-30	16	16	0	-41	-41	12	12	15	14	-13	0	-9	-9	7	-13	-2	-9	-9	-5	15	-2	5	5	5	7	7	-32	5	5	12	-29	-13	4	4	22	5	0	0	-6	-6	-11	-11	5	12	-8	-8	-11	-11	23	11	11	-8	-8	-6	18	18	2	2	-12	-19	-19	-19	-9	-24	9	2	2	-10	-10	16	5	5	4	-3	-3	-28	-5	-5	-8	-8	0	-6	-6	-6	26	26	-11	4	4	11	11	4	19	19	0	0	8	-15	0	-8	2	2	-9	-8	-3	3	20	2	-3	-4	-4	-4	-4	11	-2	-12	-5	-5	-16	-16	-6	3	0	0	-4	
-8	-8	6	6	8	13	4	1	1	2	10	-6	-9	-9	-10	-3	5	5	-23	-23	-1	7	-15	-7	-7	7	-2	8	8	5	5	13	13	14	-2	-2	5	5	-7	5	-9	-9	11	11	0	-13	-13	-1	-1	-8	3	-11	-11	-1	-1	-4	-9	-9	3	3	4	5	5	19	19	-8	-5	0	0	0	0	-8	-3	-3	-33	6	6	-6	-7	-7	-4	-4	-9	-2	-5	-3	-10	-10	6	4	3	2	2	17	0	-6	1	1	1	-7	-7	-6	-14	-14	3	5	0	1	1	4	-15	2	2	-3	-3	-12	-12	4	6	-13	-13	-7	-7	12	0	0	6	6	-12	8	8	20	20	-10	-4	-4	-4	15	-7	9	-4	-4	-4	-4	-4	-11	-11	4	-4	-4	0	4	4	-12	-12	-4	3	3	3	11	11	-5	-7	-7	2	2	-4	1	1	4	-8	6	-3	-3	-2	6	6	9	-7	-9	0	3	3	-9	-1	-1	7	7	6	0	-9	-5	-5	-4	-4	-6	-1	-6	-6	0	
1	1	20	20	-6	8	23	-52	-52	0	25	-12	-3	-3	-7	-1	34	34	-58	-58	8	12	-42	7	7	28	-21	19	19	19	19	-11	-11	4	-13	-13	21	21	27	-26	4	4	0	0	-51	3	3	-2	-2	-21	6	-1	-1	-26	-26	-2	7	7	8	8	-24	21	21	8	8	-8	-5	14	14	13	13	-16	9	9	-62	34	34	-21	-3	-3	10	10	-15	29	7	-5	-52	-52	12	30	-2	32	32	-5	-14	-9	3	3	3	10	10	-16	-26	-26	16	-19	-1	-44	-44	9	-22	19	19	-6	-6	17	17	9	-6	4	4	-33	-33	45	8	8	0	0	-50	41	41	4	4	-11	20	20	20	21	-9	-34	20	20	-9	-9	14	17	17	-12	5	5	-11	11	11	-48	-48	1	-39	-39	-39	14	14	5	-13	-13	12	12	-13	3	3	45	-26	30	28	-5	9	0	0	52	11	-38	-2	-2	15	-15	16	16	16	16	0	-12	-6	-16	-16	3	3	-17	21	-21	-21	1	
-69	-69	75	75	42	13	-16	-26	-26	6	-26	-5	-25	-25	13	16	26	26	-1	-1	40	-36	-79	10	10	-50	-4	11	11	5	5	8	8	-46	-17	-17	74	74	21	34	-13	-13	-13	-13	9	25	25	4	4	50	-9	34	34	-16	-16	9	7	7	1	1	2	-34	-34	-1	-1	14	-55	-1	-1	8	8	21	-6	-6	2	7	7	-41	0	0	39	39	28	6	-23	12	-13	-13	14	-45	3	-16	-16	-9	-4	-7	23	23	23	-33	-33	-18	-29	-29	-2	-50	8	43	43	0	23	-41	-41	-1	-1	-6	-6	13	-15	2	2	-41	-41	5	3	3	12	12	-32	53	53	6	6	-30	46	46	46	68	35	-14	-17	-17	-49	-49	-6	-14	-14	-3	-15	-15	47	-32	-32	-2	-2	-13	-29	-29	-29	50	50	12	-26	-26	10	10	-18	-7	-7	-8	-45	-26	3	-35	3	6	6	13	13	-12	33	8	9	3	-3	-3	15	15	5	15	-17	-8	-8	6	6	9	-10	7	7	-15	
